14.06935	1.249143	0.019449
14.15403	1.29216		0.016817
14.23871	1.290701	0.013397
14.32338	1.291868	0.023646
14.40806	1.410909	0.021838
14.49274	1.598112	0.022139
14.57741	1.523295	0.023736
14.66209	1.371001	0.022009
14.74677	1.387686	0.085815
14.83145	1.388809	0.0232
14.91612	1.402161	0.02085
15.0008		1.402449	0.020051
15.08548	1.403854	0.018579
15.17015	1.407012	0.016739
15.25483	1.389273	0.015847
15.33951	1.374139	0.017247
15.42418	1.378333	0.013095
15.50886	1.401099	0.028676
15.59354	1.40527		0.043951
15.67821	1.583832	0.025302
15.76289	1.782052	0.01918
15.84757	1.522278	0.023904
15.93224	1.425301	0.026343
16.01692	1.411072	0.013655
16.101601	1.396234	0.021072
16.186279	1.397432	0.017681
16.27095	1.405661	0.017151
16.355631	1.38067		0.016691
16.44031	1.368381	0.017768
16.524981	1.353646	0.022698
16.609659	1.386732	0.01392
16.69434	1.385553	0.01508
16.779011	1.373914	0.021933
16.863689	1.375251	0.016587
16.94837	1.391142	0.040948
17.033039	1.386517	0.01585
17.11772	1.414546	0.025107
17.2024		1.455921	0.021903
17.287069	1.459073	0.019105
17.37175	1.420396	0.017638
17.45643	1.41744		0.017089
17.541109	1.419633	0.02023
17.62578	1.428802	0.020374
17.710461	1.429679	0.048562
17.795139	1.430983	0.040535
17.87981	1.420734	0.027363
17.964491	1.434597	0.016511
18.04917	1.451084	0.02023
18.133841	1.429887	0.017865
18.218519	1.438963	0.020285
18.3032		1.430294	0.029354
18.387871	1.435686	0.021223
18.472549	1.44293		0.024982
18.55723	1.443514	0.060581
18.641899	1.449088	0.021745
18.72658	1.433744	0.026681
18.81126	1.455841	0.0187
18.895941	1.566996	0.02461
18.98061	1.625451	0.029392
19.06529	1.485483	0.035203
19.149969	1.487778	0.025925
19.23464	1.48445		0.028363
19.319321	1.489279	0.019966
19.403999	1.454243	0.035933
19.48867	1.504016	0.031696
19.573351	1.557059	0.031638
19.65803	1.579299	0.027816
19.742701	1.575934	0.036975
19.827379	1.58723		0.029596
19.91206	1.613192	0.030962
19.996731	1.627309	0.036156
20.081409	1.641147	0.02774
20.16609	1.668548	0.029219
20.250771	1.68486		0.034482
20.33544	1.680873	0.100791
20.42012	1.680927	0.160092
20.504801	1.742655	0.045503
20.58947	1.753661	0.021744
20.758829	1.7955		0.016535
20.928181	1.803541	0.018369
21.09753	1.803131	0.039482
21.26689	1.892179	0.137805
21.436239	1.982476	0.02691
21.6056		1.923683	0.063918
21.77495	1.987003	0.051397
21.9443		2.002103	0.035214
22.113661	2.01235		0.032371
22.28301	2.066614	0.096856
22.45236	2.116096	0.056027
22.621719	2.141165	0.067005
22.791071	2.144622	0.039513
22.96043	2.195858	0.01658
23.12978	2.235528	0.027641
23.299129	2.246658	0.037181
23.468491	2.234267	0.019345
23.63784	2.260491	0.017329
23.80719	2.314387	0.042242
23.976549	2.376356	0.045261
24.145901	2.427076	0.02166
24.31526	2.438652	0.023445
24.48461	2.619391	0.033621
24.653959	2.778351	0.040611
24.82332	2.592776	0.029019
24.99267	2.587453	0.021531
25.16202	2.647296	0.022985
25.331381	2.661199	0.047687
25.500731	2.735662	0.107231
25.67009	2.742981	0.03263
25.839439	2.81406		0.029838
26.008789	2.977989	0.026184
26.17815	3.888686	0.030354
26.3475		3.267412	0.024422
26.51685	2.905152	0.024408
26.686211	2.946595	0.030959
26.85556	2.993752	0.025984
27.02492	2.986099	0.067395
27.194269	3.002429	0.059534
27.363621	3.050118	0.060602
27.53298	3.108307	0.064059
27.70233	3.151811	0.053353
27.871679	3.163127	0.036008
28.04104	3.151989	0.026074
28.21039	3.191959	0.056075
28.379749	3.223721	0.032805
28.549101	3.289627	0.033756
28.718451	3.319315	0.182499
28.88781	3.362058	0.033073
29.057159	3.399454	0.026014
29.226509	3.394222	0.028544
29.39587	3.41254		0.034707
29.56522	3.441101	0.084564
29.734579	3.448044	0.033965
29.903931	3.504006	0.083831
30.07328	3.528286	0.030541
30.24264	3.53329		0.035919
30.411989	3.56943		0.027214
30.581341	3.564783	0.04656
30.7507		3.656154	0.035264
30.92005	3.674271	0.036907
31.089411	3.720256	0.035871
31.25876	3.753772	0.132107
31.42811	3.77878		0.044234
31.597469	3.801347	0.123642
31.766821	3.812797	0.039617
31.936171	3.848562	0.187359
32.10553	3.87876		0.035761
32.274879	3.887765	0.041731
32.444241	3.945342	0.056265
32.61359	4.003828	0.063602
32.78294	3.992706	0.079309
32.952301	3.996156	0.066038
33.121651	4.015844	0.05261
33.291		4.175827	0.04974
33.460361	4.175517	0.130109
33.629711	4.220717	0.27754
33.799068	4.458497	0.093131
33.968418	4.603451	0.095221
34.137772	4.329511	0.168466
34.307129	4.35691		0.147962
34.476479	4.321465	0.139491
34.645828	4.327048	0.090927
34.815189	4.302092	0.086412
34.984539	4.444081	0.135946
35.1539		4.672968	0.120514
35.32325	4.530558	0.134618
35.492599	4.536784	0.091152
35.661961	4.549887	0.152378
35.83131	4.26278		0.179461
36.00066	4.352631	0.121481
36.170021	4.399882	0.215143
36.339371	4.441282	0.100024
36.508732	4.228952	0.152721
36.678082	4.39109		0.118164
36.847431	4.411063	0.149705
37.016788	4.427787	0.147121
37.186138	4.825876	0.251485
37.355492	4.355102	0.220739