
1.14895 1.15385 0.0349301 1 1 1
1.177 1.18202 0.0392748 1 1 1
1.18953 1.19461 0.0410421 1 1 1
1.23155 1.2368 0.0474102 1 1 1
1.27505 1.28049 0.0547664 1 1 1
1.32009 1.32572 0.063264 1 1 1
1.36672 1.37255 0.0730801 1 1 1
1.41499 1.42103 0.0844192 1 1 1
1.445 1.45116 0.0921113 1 1 1
1.46497 1.47122 0.0958964 1 1 1
1.51672 1.52319 0.106177 1 1 1
1.57029 1.57699 0.11756 1 1 1
1.62576 1.63269 0.130163 1 1 1
1.68318 1.69036 0.144118 1 1 1
1.74263 1.75007 0.159568 1 1 1
1.774 1.78157 0.168142 1 1 1
1.80419 1.81188 0.173367 1 1 1
1.86791 1.87588 0.184633 1 1 1
1.93389 1.94214 0.19663 1 1 1
2.0022 2.01074 0.209408 1 1 1
2.07292 2.08177 0.223015 1 1 1
2.14614 2.1553 0.237506 1 1 1
2.179 2.1883 0.244143 1 1 1
2.22195 2.23143 0.249491 1 1 1
2.30043 2.31024 0.259293 1 1 1
2.38169 2.39185 0.269481 1 1 1
2.46581 2.47633 0.280069 1 1 1
2.55291 2.5638 0.291072 1 1 1
2.64308 2.65436 0.302509 1 1 1
2.676 2.68742 0.306694 1 1 1
2.73644 2.74811 0.312656 1 1 1
2.8331 2.84518 0.322151 1 1 1
2.93317 2.94568 0.331935 1 1 1
3.03677 3.04973 0.342017 1 1 1
3.14404 3.15745 0.352404 1 1 1
3.25509 3.26898 0.363107 1 1 1
3.286 3.30002 0.366077 1 1 1
3.37006 3.38444 0.37529 1 1 1
3.4891 3.50399 0.388329 1 1 1
3.61234 3.62775 0.401821 1 1 1
3.73994 3.75589 0.415781 1 1 1
3.87204 3.88856 0.430227 1 1 1
4.00881 4.02591 0.445175 1 1 1
4.036 4.05322 0.448146 1 1 1
4.1504 4.16811 0.464548 1 1 1
4.297 4.31534 0.485756 1 1 1
4.44878 4.46776 0.507931 1 1 1
4.60592 4.62557 0.531119 1 1 1
4.76861 4.78896 0.555366 1 1 1
4.93705 4.95811 0.58072 1 1 1
4.956 4.97714 0.583588 1 1 1
5.11143 5.13324 0.613449 1 1 1
5.29198 5.31456 0.648844 1 1 1
5.4789 5.50228 0.68628 1 1 1
5.67243 5.69663 0.725876 1 1 1
5.87279 5.89784 0.767757 1 1 1
6 6.0256 0.794811 1 1 1
6.08022 6.10616 0.813934 1 1 1
6.25 6.27666 0.855064 1 1 1
6.29499 6.32184 0.866099 1 1 1
6.5 6.52773 0.917174 1 1 1
6.51734 6.54514 0.92169 1 1 1
6.74754 6.77633 0.982613 1 1 1
6.75 6.7788 0.983273 1 1 1
6.98588 7.01568 1.04689 1 1 1
7 7.02986 1.05075 1 1 1
7.23263 7.26349 1.11682 1 1 1
7.25 7.28093 1.12182 1 1 1
7.4881 7.52005 1.19037 1 1 1
7.5 7.532 1.19384 1 1 1
7.75 7.78306 1.2756 1 1 1
7.7526 7.78567 1.27644 1 1 1
8 8.03413 1.35807 1 1 1
8.02643 8.06068 1.36837 1 1 1
8.25 8.2852 1.45724 1 1 1
8.30994 8.34539 1.48595 1 1 1
8.5 8.53626 1.57934 1 1 1
8.6 8.63669 1.63356 1 1 1
8.60346 8.64017 1.63657 1 1 1
8.7 8.73712 1.7223 1 1 1
8.8 8.83754 1.81552 1 1 1
8.9 8.93797 1.8987 1 1 1
8.90735 8.94536 1.90491 1 1 1
9 9.0384 1.98446 1 1 1
9.1 9.13882 2.0757 1 1 1
9.2 9.23925 2.16967 1 1 1
9.22198 9.26132 2.19018 1 1 1
9.3 9.33968 2.26419 1 1 1
9.4 9.4401 2.37023 1 1 1
9.5 9.54053 2.45954 1 1 1
9.54772 9.58845 2.49141 1 1 1
9.6 9.64096 2.52662 1 1 1
9.7 9.74138 2.59442 1 1 1
9.8 9.84181 2.67783 1 1 1
9.88496 9.92713 2.7465 1 1 1
9.9 9.94224 2.75878 1 1 1
10 10.0427 2.80343 1 1 1
10.1 10.1431 2.82681 1 1 1
10.2 10.2435 2.85018 1 1 1
10.2341 10.2778 2.85391 1 1 1
10.3 10.3439 2.86109 1 1 1
10.4 10.4444 2.87211 1 1 1
10.5 10.5448 2.88349 1 1 1
10.5956 10.6408 2.8843 1 1 1
10.6 10.6452 2.88434 1 1 1
10.7 10.7456 2.88576 1 1 1
10.8 10.8461 2.88768 1 1 1
10.9 10.9465 2.89013 1 1 1
10.9699 11.0167 2.8921 1 1 1
11 11.0469 2.89294 1 1 1
11.1 11.1474 2.90301 1 1 1
11.2 11.2478 2.91316 1 1 1
11.3 11.3482 2.92346 1 1 1
11.3573 11.4058 2.9235 1 1 1
11.4 11.4486 2.92353 1 1 1
11.5 11.5491 2.924 1 1 1
11.75 11.8001 2.90042 1 1 1
11.7585 11.8087 2.89919 1 1 1
12 12.0512 2.86484 1 1 1
12.1738 12.2258 2.86954 1 1 1
12.25 12.3023 2.87158 1 1 1
12.5 12.5533 2.87885 1 1 1
12.6038 12.6576 2.88607 1 1 1
12.75 12.8044 2.89616 1 1 1
13 13.0555 2.91271 1 1 1
13.049 13.1047 2.92244 1 1 1
13.25 13.3065 2.96231 1 1 1
13.5 13.5576 3.01036 1 1 1
13.5099 13.5676 3.01255 1 1 1
13.75 13.8087 3.0655 1 1 1
13.9871 14.0468 3.11622 1 1 1
14 14.0597 3.11897 1 1 1
14.25 14.3108 3.16418 1 1 1
14.4812 14.543 3.20427 1 1 1
14.5 14.5619 3.20753 1 1 1
14.75 14.8129 3.25344 1 1 1
14.9927 15.0566 3.29668 1 1 1
15 15.064 3.29798 1 1 1
15.25 15.3151 3.38792 1 1 1
15.5 15.5661 3.47745 1 1 1
15.5223 15.5885 3.48575 1 1 1
15.75 15.8172 3.57119 1 1 1
16 16.0683 3.66439 1 1 1
16.0705 16.1391 3.69061 1 1 1
16.25 16.3193 3.75765 1 1 1
16.5 16.5704 3.85045 1 1 1
16.6382 16.7092 3.89767 1 1 1
16.75 16.8215 3.93601 1 1 1
17 17.0725 4.02071 1 1 1
17.2259 17.2993 4.08291 1 1 1
17.25 17.3236 4.08957 1 1 1
17.5 17.5747 4.15733 1 1 1
17.75 17.8257 4.20271 1 1 1
17.8343 17.9104 4.21768 1 1 1
18 18.0768 4.24704 1 1 1
18.25 18.3279 4.27108 1 1 1
18.4642 18.543 4.29051 1 1 1
18.5 18.5789 4.29374 1 1 1
18.75 18.83 4.30013 1 1 1
19 19.0811 4.30559 1 1 1
19.1164 19.198 4.3047 1 1 1
19.25 19.3321 4.30368 1 1 1
19.5 19.5832 4.30099 1 1 1
19.75 19.8343 4.29629 1 1 1
19.7917 19.8761 4.29537 1 1 1
20 20.0853 4.2908 1 1 1
20.4907 20.5782 4.28594 1 1 1
20.88 20.9691 4.28217 1 1 1
21.2145 21.305 4.28579 1 1 1
21.9639 22.0576 4.29372 1 1 1
22.7397 22.8367 4.30166 1 1 1
23.5429 23.6433 4.30962 1 1 1
24.3744 24.4784 4.3176 1 1 1
25.2354 25.3431 4.32558 1 1 1
25.64 25.7494 4.32925 1 1 1
26.1268 26.2382 4.32472 1 1 1
27.0496 27.165 4.31638 1 1 1
28.005 28.1245 4.30805 1 1 1
28.9942 29.1179 4.29974 1 1 1
30.0184 30.1464 4.29144 1 1 1
31.0787 31.2113 4.28316 1 1 1
31.48 31.6143 4.28011 1 1 1
32.1764 32.3137 4.21609 1 1 1
33.3129 33.4551 4.11649 1 1 1
34.4896 34.6368 4.01924 1 1 1
35.7079 35.8602 3.92429 1 1 1
36.9691 37.1268 3.83158 1 1 1
38.2749 38.4382 3.74106 1 1 1
38.66 38.8249 3.71536 1 1 1
39.6269 39.7959 3.58783 1 1 1
41.0266 41.2016 3.41599 1 1 1
42.4757 42.6569 3.25238 1 1 1
43.976 44.1636 3.0966 1 1 1
45.5294 45.7236 2.94829 1 1 1
47.1375 47.3386 2.80708 1 1 1
47.48 47.6826 2.77849 1 1 1
48.8025 49.0107 2.63538 1 1 1
50.5263 50.7419 2.46505 1 1 1
52.311 52.5342 2.30572 1 1 1
54.1587 54.3898 2.1567 1 1 1
56.0717 56.3109 2.01731 1 1 1
58.0523 58.2999 1.88692 1 1 1
58.31 58.5588 1.8709 1 1 1
60.1028 60.3592 1.74458 1 1 1
62.2257 62.4912 1.61023 1 1 1
64.4236 64.6985 1.48623 1 1 1
66.6992 66.9838 1.37178 1 1 1
69.0551 69.3497 1.26614 1 1 1
71.4943 71.7993 1.16864 1 1 1
71.61 71.9155 1.16428 1 1 1
74.0196 74.3354 1.06529 1 1 1
76.6341 76.961 0.970491 1 1 1
79.341 79.6795 0.884129 1 1 1
82.1434 82.4939 0.805452 1 1 1
85.0449 85.4077 0.733776 1 1 1
87.94 88.3152 0.670702 1 1 1
88.0488 88.4245 0.668258 1 1 1
91.1589 91.5478 0.603198 1 1 1
94.3788 94.7814 0.544472 1 1 1
97.7124 98.1293 0.491463 1 1 1
101.164 101.595 0.443615 1 1 1
104.737 105.184 0.400425 1 1 1
108 108.461 0.365769 1 1 1
108.437 108.899 0.361215 1 1 1
112.267 112.746 0.324296 1 1 1
116.232 116.728 0.291151 1 1 1
120.338 120.851 0.261393 1 1 1
124.588 125.12 0.234677 1 1 1
128.989 129.539 0.210692 1 1 1
132.6 133.166 0.193377 1 1 1
133.545 134.115 0.188993 1 1 1
138.262 138.852 0.168954 1 1 1
143.146 143.757 0.151041 1 1 1
148.202 148.834 0.135026 1 1 1
153.437 154.091 0.12071 1 1 1
158.857 159.534 0.107912 1 1 1
162.9 163.595 0.0994999 1 1 1
164.468 165.169 0.0962495 1 1 1
170.277 171.003 0.0853332 1 1 1
176.291 177.044 0.075655 1 1 1
182.518 183.297 0.0670745 1 1 1
188.965 189.771 0.0594672 1 1 1
195.64 196.474 0.0527226 1 1 1
200 200.853 0.0488427 1 1 1
202.55 203.414 0.0466453 1 1 1
204.3 205.172 0.0452101 1 1 1
209.705 210.599 0.041049 1 1 1
217.112 218.038 0.0361039 1 1 1
224.781 225.74 0.0317546 1 1 1

