
28.9942 29.1179 0.0367747 1 1 1
30.0184 30.1464 0.0492506 1 1 1
31.0787 31.2113 0.0650735 1 1 1
31.48 31.6143 0.0717846 1 1 1
32.1764 32.3137 0.0848646 1 1 1
33.3129 33.4551 0.109288 1 1 1
34.4896 34.6368 0.139037 1 1 1
35.7079 35.8602 0.174817 1 1 1
36.9691 37.1268 0.217321 1 1 1
38.2749 38.4382 0.267213 1 1 1
38.66 38.8249 0.282757 1 1 1
39.6269 39.7959 0.325098 1 1 1
41.0266 41.2016 0.391498 1 1 1
42.4757 42.6569 0.46683 1 1 1
43.976 44.1636 0.551377 1 1 1
45.5294 45.7236 0.645274 1 1 1
47.1375 47.3386 0.748486 1 1 1
47.48 47.6826 0.77063 1 1 1
48.8025 49.0107 0.8608 1 1 1
50.5263 50.7419 0.981819 1 1 1
52.311 52.5342 1.11096 1 1 1
54.1587 54.3898 1.24745 1 1 1
56.0717 56.3109 1.39035 1 1 1
58.0523 58.2999 1.53855 1 1 1
58.31 58.5588 1.55718 1 1 1
60.1028 60.3592 1.69077 1 1 1
62.2257 62.4912 1.84555 1 1 1
64.4236 64.6985 2.00126 1 1 1
66.6992 66.9838 2.15601 1 1 1
69.0551 69.3497 2.30767 1 1 1
71.4943 71.7993 2.45378 1 1 1
71.61 71.9155 2.46004 1 1 1
74.0196 74.3354 2.59165 1 1 1
76.6341 76.961 2.71833 1 1 1
79.341 79.6795 2.83075 1 1 1
82.1434 82.4939 2.92589 1 1 1
85.0449 85.4077 3.00097 1 1 1
87.94 88.3152 3.05174 1 1 1
88.0488 88.4245 3.05363 1 1 1
91.1589 91.5478 3.08214 1 1 1
94.3788 94.7814 3.08553 1 1 1
97.7124 98.1293 3.06363 1 1 1
101.164 101.595 3.01713 1 1 1
104.737 105.184 2.94752 1 1 1
108 108.461 2.86731 1 1 1
108.437 108.899 2.85692 1 1 1
112.267 112.746 2.748 1 1 1
116.232 116.728 2.62378 1 1 1
120.338 120.851 2.48747 1 1 1
124.588 125.12 2.34231 1 1 1
128.989 129.539 2.19142 1 1 1
132.6 133.166 2.06828 1 1 1
133.545 134.115 2.03774 1 1 1
138.262 138.852 1.8839 1 1 1
143.146 143.757 1.73217 1 1 1
148.202 148.834 1.58449 1 1 1
153.437 154.091 1.44241 1 1 1
158.857 159.534 1.30712 1 1 1
162.9 163.595 1.2134 1 1 1
164.468 165.169 1.17948 1 1 1
170.277 171.003 1.06007 1 1 1
176.291 177.044 0.949198 1 1 1
182.518 183.297 0.846952 1 1 1
188.965 189.771 0.753252 1 1 1
195.64 196.474 0.667869 1 1 1
200 200.853 0.617624 1 1 1
202.55 203.414 0.590471 1 1 1
204.3 205.172 0.572341 1 1 1
209.705 210.599 0.520646 1 1 1
217.112 218.038 0.457927 1 1 1
224.781 225.74 0.401818 1 1 1
232.72 233.713 0.35181 1 1 1
240.94 241.968 0.307391 1 1 1
249.451 250.515 0.268062 1 1 1
258.262 259.364 0.233341 1 1 1
267.384 268.525 0.202773 1 1 1
276.829 278.01 0.175927 1 1 1
286.607 287.829 0.152407 1 1 1
296.73 297.996 0.131845 1 1 1
303.9 305.197 0.119227 1 1 1
307.211 308.522 0.113905 1 1 1
318.063 319.419 0.0982838 1 1 1
329.297 330.702 0.0847047 1 1 1
340.929 342.383 0.0729205 1 1 1
352.971 354.477 0.0627099 1 1 1
365.438 366.997 0.0538756 1 1 1
378.346 379.96 0.0462425 1 1 1
391.71 393.381 0.0396556 1 1 1
405.546 407.276 0.0339785 1 1 1

