
2.64308 2.65436 0.302509
2.676 2.68742 0.306694
2.73644 2.74811 0.312656
2.8331 2.84518 0.322151
2.93317 2.94568 0.331935
3.03677 3.04973 0.342017
3.14404 3.15745 0.352404
3.25509 3.26898 0.363107
3.286 3.30002 0.366077
3.37006 3.38444 0.37529
3.4891 3.50399 0.388329
3.61234 3.62775 0.401821
3.73994 3.75589 0.415781
3.87204 3.88856 0.430227
4.00881 4.02591 0.445175
4.036 4.05322 0.448146
4.1504 4.16811 0.464548
4.297 4.31534 0.485756
4.44878 4.46776 0.507931
4.60592 4.62557 0.531119
4.76861 4.78896 0.555366
4.93705 4.95811 0.58072
4.956 4.97714 0.583588
5.11143 5.13324 0.613449
5.29198 5.31456 0.648844
5.4789 5.50228 0.68628
5.67243 5.69663 0.725876
5.87279 5.89784 0.767757
6 6.0256 0.794811
6.08022 6.10616 0.813934
6.25 6.27666 0.855064
6.29499 6.32184 0.866099
6.5 6.52773 0.917174
6.51734 6.54514 0.92169
6.74754 6.77633 0.982613
6.75 6.7788 0.983273
6.98588 7.01568 1.04689
7 7.02986 1.05075
7.23263 7.26349 1.11682
7.25 7.28093 1.12182
7.4881 7.52005 1.19037
7.5 7.532 1.19384
7.75 7.78306 1.2756
7.7526 7.78567 1.27644
8 8.03413 1.35807
8.02643 8.06068 1.36837
8.25 8.2852 1.45724
8.30994 8.34539 1.48595
8.5 8.53626 1.57934
8.6 8.63669 1.63356
8.60346 8.64017 1.63657
8.7 8.73712 1.7223
8.8 8.83754 1.81552
8.9 8.93797 1.8987
8.90735 8.94536 1.90491
9 9.0384 1.98446
9.1 9.13882 2.0757
9.2 9.23925 2.16967
9.22198 9.26132 2.19018
9.3 9.33968 2.26419
9.4 9.4401 2.37023
9.5 9.54053 2.45954
9.54772 9.58845 2.49141
9.6 9.64096 2.52662
9.7 9.74138 2.59442
9.8 9.84181 2.67783
9.88496 9.92713 2.7465
9.9 9.94224 2.75878
10 10.0427 2.80343
10.1 10.1431 2.82681
10.2 10.2435 2.85018
10.2341 10.2778 2.85391
10.3 10.3439 2.86109
10.4 10.4444 2.87211
10.5 10.5448 2.88349
10.5956 10.6408 2.8843
10.6 10.6452 2.88434
10.7 10.7456 2.88576
10.8 10.8461 2.88768
10.9 10.9465 2.89013
10.9699 11.0167 2.8921
11 11.0469 2.89294
11.1 11.1474 2.90301
11.2 11.2478 2.91316
11.3 11.3482 2.92346
11.3573 11.4058 2.9235
11.4 11.4486 2.92353
11.5 11.5491 2.924
11.75 11.8001 2.90042
11.7585 11.8087 2.89919
12 12.0512 2.86484
12.1738 12.2258 2.86954
12.25 12.3023 2.87158
12.5 12.5533 2.87885
12.6038 12.6576 2.88607
12.75 12.8044 2.89616
13 13.0555 2.91271
13.049 13.1047 2.92244
13.25 13.3065 2.96231
13.5 13.5576 3.01036
13.5099 13.5676 3.01255
13.75 13.8087 3.06551
13.9871 14.0468 3.11622
14 14.0597 3.11897
14.25 14.3108 3.16418
14.4812 14.543 3.20428
14.5 14.5619 3.20754
14.75 14.8129 3.25345
14.9927 15.0566 3.29668
15 15.064 3.29799
15.25 15.3151 3.38793
15.5 15.5661 3.47746
15.5223 15.5885 3.48576
15.75 15.8172 3.5712
16 16.0683 3.66441
16.0705 16.1391 3.69063
16.25 16.3193 3.75767
16.5 16.5704 3.85048
16.6382 16.7092 3.8977
16.75 16.8215 3.93605
17 17.0725 4.02076
17.2259 17.2993 4.08297
17.25 17.3236 4.08963
17.5 17.5747 4.15741
17.75 17.8257 4.20281
17.8343 17.9104 4.21779
18 18.0768 4.24717
18.25 18.3279 4.27124
18.4642 18.543 4.2907
18.5 18.5789 4.29394
18.75 18.83 4.30037
19 19.0811 4.30588
19.1164 19.198 4.30501
19.25 19.3321 4.30403
19.5 19.5832 4.30141
19.75 19.8343 4.29679
19.7917 19.8761 4.29589
20 20.0853 4.2914
20.4907 20.5782 4.28678
20.88 20.9691 4.28324
21.2145 21.305 4.28712
21.9639 22.0576 4.29578
22.7397 22.8367 4.30479
23.5429 23.6433 4.31429
24.3744 24.4784 4.32444
25.2354 25.3431 4.33547
25.64 25.7494 4.34086
26.1268 26.2382 4.33877
27.0496 27.165 4.33603
28.005 28.1245 4.33513
28.9942 29.1179 4.33651
30.0184 30.1464 4.34069
31.0787 31.2113 4.34824
31.48 31.6143 4.35189
32.1764 32.3137 4.30095
33.3129 33.4551 4.22578
34.4896 34.6368 4.15828
35.7079 35.8602 4.0991
36.9691 37.1268 4.0489
38.2749 38.4382 4.00828
38.66 38.8249 3.99812
39.6269 39.7959 3.91293
41.0266 41.2016 3.80749
42.4757 42.6569 3.71921
43.976 44.1636 3.64798
45.5294 45.7236 3.59356
47.1375 47.3386 3.55557
47.48 47.6826 3.54912
48.8025 49.0107 3.49618
50.5263 50.7419 3.44687
52.311 52.5342 3.41668
54.1587 54.3898 3.40415
56.0717 56.3109 3.40765
58.0523 58.2999 3.42547
58.31 58.5588 3.42808
60.1028 60.3592 3.43534
62.2257 62.4912 3.45578
64.4236 64.6985 3.48749
66.6992 66.9838 3.52779
69.0551 69.3497 3.57381
71.4943 71.7993 3.62242
71.61 71.9155 3.62432
74.0196 74.3354 3.65694
76.6341 76.961 3.68882
79.341 79.6795 3.71487
82.1434 82.4939 3.73134
85.0449 85.4077 3.73474
87.94 88.3152 3.72244
88.0488 88.4245 3.72189
91.1589 91.5478 3.68534
94.3788 94.7814 3.63
97.7124 98.1293 3.55509
101.164 101.595 3.46075
104.737 105.184 3.34794
108 108.461 3.23308
108.437 108.899 3.21814
112.267 112.746 3.0723
116.232 116.728 2.91493
120.338 120.851 2.74886
124.588 125.12 2.57698
128.989 129.539 2.40211
132.6 133.166 2.26166
133.545 134.115 2.22673
138.262 138.852 2.05285
143.146 143.757 1.88321
148.202 148.834 1.71952
153.437 154.091 1.56312
158.857 159.534 1.41503
162.9 163.595 1.3129
164.468 165.169 1.27573
170.277 171.003 1.14541
176.291 177.044 1.02485
182.518 183.297 0.914027
188.965 189.771 0.812719
195.64 196.474 0.720592
200 200.853 0.666467
202.55 203.414 0.637117
204.3 205.172 0.617551
209.705 210.599 0.561694
217.112 218.038 0.494031
224.781 225.74 0.433573
232.72 233.713 0.379739
240.94 241.968 0.331956
249.451 250.515 0.289667
258.262 259.364 0.252344
267.384 268.525 0.219486
276.829 278.01 0.190627
286.607 287.829 0.165336
296.73 297.996 0.143217
303.9 305.197 0.129638
307.211 308.522 0.123894
318.063 319.419 0.107032
329.297 330.702 0.0923668
340.929 342.383 0.0796313
352.971 354.477 0.0685875
365.438 366.997 0.0590233
378.346 379.96 0.050751
391.71 393.381 0.0436044
405.546 407.276 0.037437
419.871 421.662 0.03212

