# FOR_F054
# photon
# calib 0
# SOFIA FORCAST 5.4 micron in photons (SOFIA filter suite)
    5.13405      0.0000
    5.13455      0.0000
    5.13505      0.0000
    5.13555      0.0000
    5.13605      0.0000
    5.13655      0.0000
    5.13705      0.0000
    5.13755      0.0000
    5.13805      0.0000
    5.13855      0.0000
    5.13905      0.0000
    5.13955      0.0000
    5.14005      0.0000
    5.14055      0.0000
    5.14105      0.0000
    5.14155      0.0000
    5.14205      0.0001
    5.14255      0.0001
    5.14305      0.0001
    5.14355      0.0001
    5.14405      0.0001
    5.14455      0.0001
    5.14505      0.0001
    5.14555      0.0001
    5.14605      0.0001
    5.14655      0.0001
    5.14705      0.0001
    5.14755      0.0001
    5.14805      0.0001
    5.14855      0.0001
    5.14905      0.0001
    5.14955      0.0001
    5.15005      0.0001
    5.15055      0.0001
    5.15105      0.0001
    5.15155      0.0001
    5.15205      0.0001
    5.15255      0.0001
    5.15305      0.0001
    5.15355      0.0001
    5.15405      0.0001
    5.15455      0.0001
    5.15505      0.0001
    5.15555      0.0001
    5.15605      0.0001
    5.15655      0.0001
    5.15705      0.0001
    5.15755      0.0001
    5.15805      0.0001
    5.15855      0.0001
    5.15905      0.0001
    5.15955      0.0001
    5.16005      0.0001
    5.16055      0.0002
    5.16105      0.0002
    5.16155      0.0002
    5.16205      0.0002
    5.16255      0.0002
    5.16305      0.0002
    5.16355      0.0002
    5.16405      0.0002
    5.16455      0.0002
    5.16505      0.0002
    5.16555      0.0002
    5.16605      0.0002
    5.16655      0.0002
    5.16705      0.0002
    5.16755      0.0002
    5.16805      0.0002
    5.16855      0.0002
    5.16905      0.0002
    5.16955      0.0002
    5.17005      0.0002
    5.17055      0.0002
    5.17105      0.0002
    5.17155      0.0002
    5.17205      0.0002
    5.17255      0.0002
    5.17305      0.0003
    5.17355      0.0003
    5.17405      0.0003
    5.17455      0.0003
    5.17505      0.0003
    5.17555      0.0003
    5.17605      0.0003
    5.17655      0.0003
    5.17705      0.0003
    5.17755      0.0003
    5.17805      0.0003
    5.17855      0.0003
    5.17905      0.0003
    5.17955      0.0003
    5.18005      0.0003
    5.18055      0.0003
    5.18105      0.0003
    5.18155      0.0003
    5.18205      0.0003
    5.18255      0.0003
    5.18305      0.0004
    5.18355      0.0004
    5.18405      0.0004
    5.18455      0.0004
    5.18505      0.0004
    5.18555      0.0005
    5.18605      0.0005
    5.18655      0.0005
    5.18705      0.0005
    5.18755      0.0005
    5.18805      0.0005
    5.18855      0.0005
    5.18905      0.0005
    5.18955      0.0006
    5.19005      0.0006
    5.19055      0.0006
    5.19105      0.0006
    5.19155      0.0006
    5.19205      0.0006
    5.19255      0.0006
    5.19305      0.0006
    5.19355      0.0007
    5.19405      0.0007
    5.19455      0.0007
    5.19505      0.0007
    5.19555      0.0007
    5.19605      0.0007
    5.19655      0.0007
    5.19705      0.0007
    5.19755      0.0007
    5.19805      0.0007
    5.19855      0.0007
    5.19905      0.0007
    5.19955      0.0007
    5.20005      0.0008
    5.20055      0.0008
    5.20105      0.0008
    5.20155      0.0008
    5.20205      0.0008
    5.20255      0.0008
    5.20305      0.0008
    5.20355      0.0009
    5.20405      0.0009
    5.20455      0.0009
    5.20505      0.0009
    5.20555      0.0010
    5.20605      0.0010
    5.20655      0.0010
    5.20705      0.0010
    5.20755      0.0011
    5.20805      0.0011
    5.20855      0.0011
    5.20905      0.0012
    5.20955      0.0012
    5.21005      0.0012
    5.21055      0.0013
    5.21105      0.0013
    5.21155      0.0014
    5.21205      0.0014
    5.21255      0.0015
    5.21305      0.0016
    5.21355      0.0016
    5.21405      0.0017
    5.21455      0.0018
    5.21505      0.0019
    5.21555      0.0019
    5.21605      0.0020
    5.21655      0.0021
    5.21705      0.0022
    5.21755      0.0022
    5.21805      0.0023
    5.21855      0.0023
    5.21905      0.0024
    5.21955      0.0025
    5.22005      0.0025
    5.22055      0.0026
    5.22105      0.0026
    5.22155      0.0027
    5.22205      0.0028
    5.22255      0.0028
    5.22305      0.0029
    5.22355      0.0030
    5.22405      0.0031
    5.22455      0.0031
    5.22505      0.0032
    5.22555      0.0033
    5.22605      0.0034
    5.22655      0.0035
    5.22705      0.0036
    5.22755      0.0037
    5.22805      0.0038
    5.22855      0.0039
    5.22905      0.0040
    5.22955      0.0041
    5.23005      0.0043
    5.23055      0.0044
    5.23105      0.0045
    5.23155      0.0047
    5.23205      0.0048
    5.23255      0.0050
    5.23305      0.0052
    5.23355      0.0053
    5.23405      0.0055
    5.23455      0.0057
    5.23505      0.0059
    5.23555      0.0061
    5.23605      0.0063
    5.23655      0.0065
    5.23705      0.0067
    5.23755      0.0070
    5.23805      0.0072
    5.23855      0.0075
    5.23905      0.0077
    5.23955      0.0080
    5.24005      0.0083
    5.24055      0.0086
    5.24105      0.0089
    5.24155      0.0092
    5.24205      0.0095
    5.24255      0.0099
    5.24305      0.0102
    5.24355      0.0106
    5.24405      0.0110
    5.24455      0.0114
    5.24505      0.0118
    5.24555      0.0122
    5.24605      0.0126
    5.24655      0.0131
    5.24705      0.0135
    5.24755      0.0140
    5.24805      0.0145
    5.24855      0.0151
    5.24905      0.0156
    5.24955      0.0162
    5.25005      0.0167
    5.25055      0.0173
    5.25105      0.0180
    5.25155      0.0186
    5.25205      0.0193
    5.25255      0.0200
    5.25305      0.0207
    5.25355      0.0214
    5.25405      0.0222
    5.25455      0.0230
    5.25505      0.0238
    5.25555      0.0246
    5.25605      0.0255
    5.25655      0.0264
    5.25705      0.0273
    5.25755      0.0283
    5.25805      0.0293
    5.25855      0.0303
    5.25905      0.0314
    5.25955      0.0325
    5.26005      0.0337
    5.26055      0.0349
    5.26105      0.0361
    5.26155      0.0374
    5.26205      0.0387
    5.26255      0.0400
    5.26305      0.0414
    5.26355      0.0428
    5.26405      0.0443
    5.26455      0.0458
    5.26505      0.0473
    5.26555      0.0489
    5.26605      0.0505
    5.26655      0.0521
    5.26705      0.0538
    5.26755      0.0555
    5.26805      0.0573
    5.26855      0.0590
    5.26905      0.0608
    5.26955      0.0627
    5.27005      0.0645
    5.27055      0.0664
    5.27105      0.0683
    5.27155      0.0702
    5.27205      0.0722
    5.27255      0.0742
    5.27305      0.0762
    5.27355      0.0782
    5.27405      0.0802
    5.27455      0.0822
    5.27505      0.0843
    5.27555      0.0864
    5.27605      0.0884
    5.27655      0.0905
    5.27705      0.0926
    5.27755      0.0947
    5.27805      0.0967
    5.27855      0.0987
    5.27905      0.1007
    5.27955      0.1026
    5.28005      0.1044
    5.28055      0.1062
    5.28105      0.1079
    5.28155      0.1096
    5.28205      0.1112
    5.28255      0.1127
    5.28305      0.1142
    5.28355      0.1156
    5.28405      0.1170
    5.28455      0.1183
    5.28505      0.1196
    5.28555      0.1209
    5.28605      0.1221
    5.28655      0.1233
    5.28705      0.1244
    5.28755      0.1256
    5.28805      0.1266
    5.28855      0.1277
    5.28905      0.1287
    5.28955      0.1297
    5.29005      0.1306
    5.29055      0.1315
    5.29105      0.1323
    5.29155      0.1331
    5.29205      0.1338
    5.29255      0.1345
    5.29305      0.1351
    5.29355      0.1357
    5.29405      0.1363
    5.29455      0.1368
    5.29505      0.1373
    5.29555      0.1377
    5.29605      0.1380
    5.29655      0.1383
    5.29705      0.1386
    5.29755      0.1388
    5.29805      0.1389
    5.29855      0.1391
    5.29905      0.1392
    5.29955      0.1392
    5.30005      0.1392
    5.30055      0.1392
    5.30105      0.1392
    5.30155      0.1392
    5.30205      0.1392
    5.30255      0.1391
    5.30305      0.1390
    5.30355      0.1390
    5.30405      0.1389
    5.30455      0.1388
    5.30505      0.1387
    5.30555      0.1387
    5.30605      0.1386
    5.30655      0.1385
    5.30705      0.1384
    5.30755      0.1384
    5.30805      0.1383
    5.30855      0.1383
    5.30905      0.1382
    5.30955      0.1382
    5.31005      0.1382
    5.31055      0.1382
    5.31105      0.1381
    5.31155      0.1381
    5.31205      0.1381
    5.31255      0.1381
    5.31305      0.1381
    5.31355      0.1381
    5.31405      0.1380
    5.31455      0.1380
    5.31505      0.1380
    5.31555      0.1380
    5.31605      0.1380
    5.31655      0.1380
    5.31705      0.1380
    5.31755      0.1380
    5.31805      0.1380
    5.31855      0.1381
    5.31905      0.1381
    5.31955      0.1382
    5.32005      0.1382
    5.32055      0.1383
    5.32105      0.1384
    5.32155      0.1385
    5.32205      0.1387
    5.32255      0.1388
    5.32305      0.1389
    5.32355      0.1391
    5.32405      0.1393
    5.32455      0.1394
    5.32505      0.1396
    5.32555      0.1398
    5.32605      0.1400
    5.32655      0.1402
    5.32705      0.1405
    5.32755      0.1407
    5.32805      0.1409
    5.32855      0.1412
    5.32905      0.1414
    5.32955      0.1417
    5.33005      0.1419
    5.33055      0.1422
    5.33105      0.1425
    5.33155      0.1427
    5.33205      0.1430
    5.33255      0.1433
    5.33305      0.1436
    5.33355      0.1438
    5.33405      0.1441
    5.33455      0.1444
    5.33505      0.1447
    5.33555      0.1450
    5.33605      0.1453
    5.33655      0.1455
    5.33705      0.1458
    5.33755      0.1461
    5.33805      0.1464
    5.33855      0.1466
    5.33905      0.1469
    5.33955      0.1472
    5.34005      0.1474
    5.34055      0.1476
    5.34105      0.1479
    5.34155      0.1481
    5.34205      0.1483
    5.34255      0.1485
    5.34305      0.1488
    5.34355      0.1490
    5.34405      0.1492
    5.34455      0.1494
    5.34505      0.1497
    5.34555      0.1499
    5.34605      0.1502
    5.34655      0.1504
    5.34705      0.1507
    5.34755      0.1509
    5.34805      0.1512
    5.34855      0.1515
    5.34905      0.1517
    5.34955      0.1519
    5.35005      0.1522
    5.35055      0.1524
    5.35105      0.1526
    5.35155      0.1527
    5.35205      0.1529
    5.35255      0.1530
    5.35305      0.1531
    5.35355      0.1532
    5.35405      0.1533
    5.35455      0.1533
    5.35505      0.1534
    5.35555      0.1534
    5.35605      0.1534
    5.35655      0.1534
    5.35705      0.1534
    5.35755      0.1534
    5.35805      0.1534
    5.35855      0.1534
    5.35905      0.1534
    5.35955      0.1534
    5.36005      0.1534
    5.36055      0.1533
    5.36105      0.1533
    5.36155      0.1533
    5.36205      0.1533
    5.36255      0.1532
    5.36305      0.1532
    5.36355      0.1532
    5.36405      0.1531
    5.36455      0.1531
    5.36505      0.1531
    5.36555      0.1531
    5.36605      0.1530
    5.36655      0.1530
    5.36705      0.1530
    5.36755      0.1529
    5.36805      0.1529
    5.36855      0.1529
    5.36905      0.1528
    5.36955      0.1528
    5.37005      0.1527
    5.37055      0.1527
    5.37105      0.1526
    5.37155      0.1526
    5.37205      0.1525
    5.37255      0.1524
    5.37305      0.1524
    5.37355      0.1523
    5.37405      0.1522
    5.37455      0.1522
    5.37505      0.1521
    5.37555      0.1520
    5.37605      0.1519
    5.37655      0.1518
    5.37705      0.1518
    5.37755      0.1517
    5.37805      0.1516
    5.37855      0.1515
    5.37905      0.1514
    5.37955      0.1513
    5.38005      0.1513
    5.38055      0.1512
    5.38105      0.1511
    5.38155      0.1510
    5.38205      0.1509
    5.38255      0.1508
    5.38305      0.1507
    5.38355      0.1506
    5.38405      0.1505
    5.38455      0.1504
    5.38505      0.1502
    5.38555      0.1501
    5.38605      0.1499
    5.38655      0.1497
    5.38705      0.1496
    5.38755      0.1494
    5.38805      0.1493
    5.38855      0.1491
    5.38905      0.1489
    5.38955      0.1488
    5.39005      0.1487
    5.39055      0.1486
    5.39105      0.1485
    5.39155      0.1484
    5.39205      0.1483
    5.39255      0.1482
    5.39305      0.1481
    5.39355      0.1481
    5.39405      0.1480
    5.39455      0.1479
    5.39505      0.1478
    5.39555      0.1477
    5.39605      0.1476
    5.39655      0.1475
    5.39705      0.1473
    5.39755      0.1472
    5.39805      0.1470
    5.39855      0.1468
    5.39905      0.1466
    5.39955      0.1464
    5.40005      0.1463
    5.40055      0.1461
    5.40105      0.1459
    5.40155      0.1457
    5.40205      0.1455
    5.40255      0.1453
    5.40305      0.1451
    5.40355      0.1449
    5.40405      0.1446
    5.40455      0.1444
    5.40505      0.1441
    5.40555      0.1439
    5.40605      0.1436
    5.40655      0.1432
    5.40705      0.1428
    5.40755      0.1424
    5.40805      0.1420
    5.40855      0.1415
    5.40905      0.1410
    5.40955      0.1404
    5.41005      0.1399
    5.41055      0.1393
    5.41105      0.1388
    5.41155      0.1382
    5.41205      0.1376
    5.41255      0.1370
    5.41305      0.1364
    5.41355      0.1358
    5.41405      0.1352
    5.41455      0.1346
    5.41505      0.1340
    5.41555      0.1333
    5.41605      0.1326
    5.41655      0.1318
    5.41705      0.1310
    5.41755      0.1301
    5.41805      0.1291
    5.41855      0.1281
    5.41905      0.1269
    5.41955      0.1257
    5.42005      0.1244
    5.42055      0.1230
    5.42105      0.1216
    5.42155      0.1201
    5.42205      0.1186
    5.42255      0.1171
    5.42305      0.1155
    5.42355      0.1140
    5.42405      0.1124
    5.42455      0.1109
    5.42505      0.1093
    5.42555      0.1078
    5.42605      0.1063
    5.42655      0.1047
    5.42705      0.1032
    5.42755      0.1017
    5.42805      0.1002
    5.42855      0.0987
    5.42905      0.0972
    5.42955      0.0958
    5.43005      0.0943
    5.43055      0.0929
    5.43105      0.0914
    5.43155      0.0900
    5.43205      0.0885
    5.43255      0.0871
    5.43305      0.0857
    5.43355      0.0842
    5.43405      0.0828
    5.43455      0.0814
    5.43505      0.0799
    5.43555      0.0785
    5.43605      0.0770
    5.43655      0.0755
    5.43705      0.0740
    5.43755      0.0725
    5.43805      0.0710
    5.43855      0.0695
    5.43905      0.0680
    5.43955      0.0666
    5.44005      0.0651
    5.44055      0.0636
    5.44105      0.0621
    5.44155      0.0606
    5.44205      0.0591
    5.44255      0.0577
    5.44305      0.0562
    5.44355      0.0548
    5.44405      0.0534
    5.44455      0.0520
    5.44505      0.0506
    5.44555      0.0493
    5.44605      0.0480
    5.44655      0.0467
    5.44705      0.0455
    5.44755      0.0443
    5.44805      0.0431
    5.44855      0.0420
    5.44905      0.0409
    5.44955      0.0399
    5.45005      0.0389
    5.45055      0.0379
    5.45105      0.0369
    5.45155      0.0360
    5.45205      0.0350
    5.45255      0.0341
    5.45305      0.0332
    5.45355      0.0324
    5.45405      0.0315
    5.45455      0.0307
    5.45505      0.0299
    5.45555      0.0291
    5.45605      0.0284
    5.45655      0.0276
    5.45705      0.0269
    5.45755      0.0262
    5.45805      0.0255
    5.45855      0.0249
    5.45905      0.0242
    5.45955      0.0236
    5.46005      0.0230
    5.46055      0.0224
    5.46105      0.0218
    5.46155      0.0212
    5.46205      0.0206
    5.46255      0.0200
    5.46305      0.0194
    5.46355      0.0189
    5.46405      0.0183
    5.46455      0.0177
    5.46505      0.0171
    5.46555      0.0165
    5.46605      0.0159
    5.46655      0.0153
    5.46705      0.0147
    5.46755      0.0142
    5.46805      0.0137
    5.46855      0.0132
    5.46905      0.0127
    5.46955      0.0123
    5.47005      0.0119
    5.47055      0.0115
    5.47105      0.0112
    5.47155      0.0110
    5.47205      0.0107
    5.47255      0.0105
    5.47305      0.0103
    5.47355      0.0101
    5.47405      0.0099
    5.47455      0.0097
    5.47505      0.0095
    5.47555      0.0093
    5.47605      0.0090
    5.47655      0.0088
    5.47705      0.0086
    5.47755      0.0083
    5.47805      0.0081
    5.47855      0.0078
    5.47905      0.0075
    5.47955      0.0073
    5.48005      0.0071
    5.48055      0.0068
    5.48105      0.0066
    5.48155      0.0064
    5.48205      0.0062
    5.48255      0.0060
    5.48305      0.0059
    5.48355      0.0057
    5.48405      0.0056
    5.48455      0.0054
    5.48505      0.0053
    5.48555      0.0052
    5.48605      0.0050
    5.48655      0.0049
    5.48705      0.0048
    5.48755      0.0047
    5.48805      0.0045
    5.48855      0.0044
    5.48905      0.0043
    5.48955      0.0042
    5.49005      0.0040
    5.49055      0.0039
    5.49105      0.0038
    5.49155      0.0037
    5.49205      0.0036
    5.49255      0.0035
    5.49305      0.0034
    5.49355      0.0033
    5.49405      0.0032
    5.49455      0.0031
    5.49505      0.0031
    5.49555      0.0030
    5.49605      0.0029
    5.49655      0.0029
    5.49705      0.0028
    5.49755      0.0027
    5.49805      0.0027
    5.49855      0.0026
    5.49905      0.0025
    5.49955      0.0025
    5.50005      0.0024
    5.50055      0.0023
    5.50105      0.0023
    5.50155      0.0022
    5.50205      0.0021
    5.50255      0.0021
    5.50305      0.0020
    5.50355      0.0019
    5.50405      0.0019
    5.50455      0.0018
    5.50505      0.0018
    5.50555      0.0018
    5.50605      0.0017
    5.50655      0.0017
    5.50705      0.0017
    5.50755      0.0017
    5.50805      0.0016
    5.50855      0.0016
    5.50905      0.0016
    5.50955      0.0016
    5.51005      0.0016
    5.51055      0.0015
    5.51105      0.0015
    5.51155      0.0015
    5.51205      0.0014
    5.51255      0.0014
    5.51305      0.0014
    5.51355      0.0013
    5.51405      0.0013
    5.51455      0.0012
    5.51505      0.0012
    5.51555      0.0012
    5.51605      0.0011
    5.51655      0.0011
    5.51705      0.0011
    5.51755      0.0011
    5.51805      0.0011
    5.51855      0.0010
    5.51905      0.0010
    5.51955      0.0010
    5.52005      0.0010
    5.52055      0.0010
    5.52105      0.0010
    5.52155      0.0010
    5.52205      0.0010
    5.52255      0.0010
    5.52305      0.0009
    5.52355      0.0009
    5.52405      0.0009
    5.52455      0.0009
    5.52505      0.0009
    5.52555      0.0008
    5.52605      0.0008
    5.52655      0.0008
    5.52705      0.0008
    5.52755      0.0008
    5.52805      0.0007
    5.52855      0.0007
    5.52905      0.0007
    5.52955      0.0007
    5.53005      0.0007
    5.53055      0.0007
    5.53105      0.0007
    5.53155      0.0007
    5.53205      0.0007
    5.53255      0.0007
    5.53305      0.0007
    5.53355      0.0006
    5.53405      0.0006
    5.53455      0.0006
    5.53505      0.0006
    5.53555      0.0006
    5.53605      0.0005
    5.53655      0.0005
    5.53705      0.0005
    5.53755      0.0005
    5.53805      0.0004
    5.53855      0.0004
    5.53905      0.0004
    5.53955      0.0004
    5.54005      0.0003
    5.54055      0.0003
    5.54105      0.0003
    5.54155      0.0003
    5.54205      0.0003
    5.54255      0.0003
    5.54305      0.0003
    5.54355      0.0003
    5.54405      0.0003
    5.54455      0.0003
    5.54505      0.0003
    5.54555      0.0003
    5.54605      0.0003
    5.54655      0.0003
    5.54705      0.0003
    5.54755      0.0002
    5.54805      0.0002
    5.54855      0.0002
    5.54905      0.0002
    5.54955      0.0002
    5.55005      0.0002
    5.55055      0.0002
    5.55105      0.0002
    5.55155      0.0002
    5.55205      0.0002
    5.55255      0.0002
    5.55305      0.0002
    5.55355      0.0002
    5.55405      0.0002
    5.55455      0.0002
    5.55505      0.0002
    5.55555      0.0002
    5.55605      0.0002
    5.55655      0.0002
    5.55705      0.0002
    5.55755      0.0002
    5.55805      0.0002
    5.55855      0.0002
    5.55905      0.0002
    5.55955      0.0001
    5.56005      0.0001
    5.56055      0.0001
    5.56105      0.0001
    5.56155      0.0001
    5.56205      0.0001
    5.56255      0.0001
    5.56305      0.0000
    5.56355      0.0000
    5.56405      0.0000
    5.56455      0.0000
    5.56505      0.0000
    5.56555      0.0000
    5.56605      0.0001
    5.56655      0.0001
    5.56705      0.0001
    5.56755      0.0001
    5.56805      0.0001
    5.56855      0.0001
    5.56905      0.0001
    5.56955      0.0001
    5.57005      0.0001
    5.57055      0.0001
    5.57105      0.0001
    5.57155      0.0001
    5.57205      0.0001
    5.57255      0.0001
    5.57305      0.0001
    5.57355      0.0001
    5.57405      0.0001
    5.57455      0.0001
    5.57505      0.0001
    5.57555      0.0001
    5.57605      0.0001
    5.57655      0.0001
    5.57705      0.0001
    5.57755      0.0001
    5.57805      0.0001
    5.57855      0.0001
    5.57905      0.0001
    5.57955      0.0001
    5.58005      0.0001
    5.58055      0.0001
    5.58105      0.0001
    5.58155      0.0001
