8.3819484  0.3087538  0.0913770 
8.4417152  0.3023959  0.0891830 
8.5014722  0.2942570  0.0303280 
8.5612390  0.2862815  0.0288460 
8.6209959  0.2820543  0.0249320 
8.6807529  0.2617718  0.0276570 
8.7405197  0.2452739  0.0272210 
8.8002767  0.2327160  0.0225650 
8.8600336  0.2202757  0.0211880 
8.9198004  0.2175186  0.0366313 
8.9795574  0.2148230  0.0449910 
9.0393143  0.1941089  0.0188620 
9.0990811  0.1755128  0.0185280 
9.1588381  0.1663457  0.0406590 
9.2186049  0.1588042  0.0154650 
9.2783618  0.1532125  0.0372500 
9.3381188  0.1468784  0.0358260 
9.3978856  0.1430038  0.0329430 
9.4576425  0.1405545  0.0202730 
9.5173995  0.1385864  0.0151600 
9.5771663  0.1346354  0.0163770 
9.6369232  0.1398624  0.0152980 
9.6966802  0.1365616  0.0157150 
9.7564470  0.1322791  0.0155880 
9.8162039  0.1363824  0.0329330 
9.8759708  0.1417168  0.0329520 
9.9357277  0.1454154  0.0392880 
9.9954846  0.1500822  0.0151940 
10.0552515  0.1574169  0.0153380 
10.1150084  0.1649916  0.0165030 
10.1747653  0.1718237  0.0182750 
10.2345322  0.1797148  0.0527710 
10.2942891  0.1902936  0.0188270 
10.3540460  0.1997494  0.0192170 
10.4138129  0.2310936  0.0511980 
10.4735698  0.2854269  0.0399790 
10.5333366  0.2691965  0.0448910 
10.5930936  0.2330561  0.0295800 
10.6528505  0.2369575  0.0397990 
10.7126173  0.2469389  0.0713720 
10.7723743  0.2565432  0.0262210 
10.8321312  0.2598977  0.0262860 
10.8918980  0.2667321  0.0287320 
10.9516550  0.2758748  0.0307170 
11.0114119  0.2837942  0.0282390 
11.0711787  0.2950430  0.0279660 
11.1309357  0.3138072  0.0292040 
11.1907025  0.3376201  0.0334410 
11.2504594  0.3565438  0.0325010 
11.3102164  0.3677373  0.0338590 
11.3699832  0.3834681  0.0372950 
11.4297401  0.3988936  0.0388150 
11.4894971  0.4115020  0.0395190 
11.5492639  0.4273789  0.0420680 
11.6090208  0.4410533  0.0395980 
11.6687778  0.4483416  0.0427400 
11.7285446  0.4516053  0.0433560 
11.7883016  0.4739008  0.0461050 
11.8480684  0.4904847  0.0466100 
11.9078253  0.5025794  0.0468010 
11.9675823  0.5171771  0.0492770 
12.0273491  0.5363295  0.1489010 
12.0871060  0.5481291  0.0527050 
12.1468630  0.5605733  0.0494540 
12.2066298  0.5823117  0.0523690 
12.2663867  0.6004533  0.0544030 
12.3261437  0.6051816  0.1519530 
12.3859105  0.6105626  0.0540350 
12.4456674  0.6210214  0.0582470 
12.5054342  0.6329764  0.1814710 
12.5651912  0.6403498  0.0622320 
12.6249481  0.6496242  0.0619750 
12.6847149  0.6600192  0.1704270 
12.7444719  0.6992173  0.1241720 
12.8042288  0.7299594  0.1261560 
12.8639957  0.6858640  0.1325290 
12.9237526  0.6768793  0.0662430 
12.9835095  0.6808643  0.0667420 
13.0432764  0.6970299  0.0670630 
13.1030333  0.7033720  0.1864790 
13.1627902  0.6948078  0.1091680 
13.2225571  0.6981686  0.1149180 
13.2823140  0.7015965  0.1103350 
13.3420808  0.7070950  0.1896810 
13.4018378  0.7162234  0.1964060 
13.4615947  0.7182885  0.0663380 
13.5213615  0.7279567  0.1772080 
13.5811185  0.7294331  0.1746740 
13.6408754  0.7325959  0.0625540 
13.7006422  0.7357152  0.1170460 
13.7603992  0.7345639  0.1176640 
13.8201561  0.7413644  0.1130950 
