21.0126371  1.8921790  0.1378050 
21.1799615  1.9824760  0.0269100 
21.3472977  1.9236830  0.0639180 
21.5146231  1.9870030  0.0513970 
21.6819484  2.0021030  0.0352140 
21.8492847  2.0123500  0.0323710 
22.0166090  2.0666140  0.0968560 
22.1839344  2.1160960  0.0560270 
22.3512686  2.1411650  0.0670050 
22.5185960  2.1446220  0.0395130 
22.6859302  2.1958580  0.0165800 
22.8532556  2.2355280  0.0276410 
23.0205800  2.2466580  0.0371810 
23.1879172  2.2342670  0.0193450 
23.3552416  2.2604910  0.0173290 
23.5225669  2.3143870  0.0422420 
23.6899012  2.3763560  0.0452610 
23.8572285  2.4270760  0.0216600 
24.0245628  2.4386520  0.0234450 
24.1918882  2.6193910  0.0336210 
24.3592125  2.7783510  0.0406110 
24.5265488  2.5927760  0.0290190 
24.6938741  2.5874530  0.0215310 
24.8611995  2.6472960  0.0229850 
25.0285357  2.6611990  0.0476870 
25.1958611  2.7356620  0.1072310 
25.3631953  2.7429810  0.0326300 
25.5305197  2.8140600  0.0298380 
25.6978451  2.9779890  0.0261840 
25.8651813  3.8886860  0.0303540 
26.0325067  3.2674120  0.0244220 
26.1998320  2.9051520  0.0244080 
26.3671683  2.9465950  0.0309590 
26.5344926  2.9937520  0.0259840 
26.7018279  2.9860990  0.0673950 
26.8691523  3.0024290  0.0595340 
27.0364796  3.0501180  0.0606020 
27.2038139  3.1083070  0.0640590 
27.3711392  3.1518110  0.0533530 
27.5384636  3.1631270  0.0360080 
27.7057998  3.1519890  0.0260740 
27.8731252  3.1919590  0.0560750 
28.0404594  3.2237210  0.0328050 
28.2077868  3.2896270  0.0337560 
28.3751121  3.3193150  0.1824990 
28.5424464  3.3620580  0.0330730 
28.7097708  3.3994540  0.0260140 
28.8770961  3.3942220  0.0285440 
29.0444324  3.4125400  0.0347070 
29.2117577  3.4411010  0.0845640 
29.3790920  3.4480440  0.0339650 
29.5464193  3.5040060  0.0838310 
29.7137437  3.5282860  0.0305410 
29.8810789  3.5332900  0.0359190 
30.0484033  3.5694300  0.0272140 
30.2157307  3.5647830  0.0465600 
30.3830649  3.6561540  0.0352640 
30.5503903  3.6742710  0.0369070 
30.7177265  3.7202560  0.0358710 
30.8850509  3.7537720  0.1321070 
31.0523762  3.7787800  0.0442340 
31.2197105  3.8013470  0.1236420 
31.3870378  3.8127970  0.0396170 
31.5543632  3.8485620  0.1873590 
31.7216975  3.8787600  0.0357610 
31.8890218  3.8877650  0.0417310 
32.0563591  3.9453420  0.0562650 
32.2236834  4.0038280  0.0636020 
32.3910088  3.9927060  0.0793090 
32.5583450  3.9961560  0.0660380 
32.7256704  4.0158440  0.0526100 
32.8929948  4.1758270  0.0497400 
33.0603310  4.1755170  0.1301090 
33.2276564  4.2207170  0.2775400 
33.3949886  4.4584970  0.0931310 
33.5623140  4.6034510  0.0952210 
33.7296433  4.3295110  0.1684660 
33.8969756  4.3569100  0.1479620 
34.0643010  4.3214650  0.1394910 
34.2316253  4.3270480  0.0909270 
34.3989616  4.3020920  0.0864120 
34.5662869  4.4440810  0.1359460 
34.7336232  4.6729680  0.1205140 
34.9009485  4.5305580  0.1346180 
35.0682729  4.5367840  0.0911520 
35.2356101  4.5498870  0.1523780 
35.4029345  4.2627800  0.1794610 
35.5702599  4.3526310  0.1214810 
35.7375961  4.3998820  0.2151430 
35.9049215  4.4412820  0.1000240 
36.0722577  4.2289520  0.1527210 
36.2395830  4.3910900  0.1181640 
36.4069074  4.4110630  0.1497050 
36.5742397  4.4277870  0.1471210 
36.7415651  4.8258760  0.2514850 
36.9088944  4.3551020  0.2207390 
