14.06935	0.90891		0.011601
14.15403	0.932828	0.010205
14.23871	0.939997	0.01037
14.32338	0.945042	0.011453
14.40806	1.024633	0.031949
14.49274	1.049631	0.009798
14.57741	1.015739	0.008185
14.66209	1.006325	0.029591
14.74677	1.019474	0.027267
14.83145	1.035694	0.017403
14.91612	1.0386		0.014368
15.0008		1.03816		0.007594
15.08548	1.051955	0.008624
15.17015	1.073752	0.014332
15.25483	1.079377	0.008621
15.33951	1.081356	0.00809
15.42418	1.090373	0.010346
15.50886	1.108425	0.008265
15.59354	1.146293	0.009951
15.67821	1.23901		0.009532
15.76289	1.281616	0.019585
15.84757	1.180292	0.008768
15.93224	1.197261	0.012583
16.01692	1.204843	0.009058
16.101601	1.208812	0.011109
16.186279	1.230123	0.010262
16.27095	1.243265	0.016213
16.355631	1.250321	0.016222
16.44031	1.285403	0.013172
16.524981	1.295329	0.040448
16.609659	1.304226	0.039159
16.69434	1.314388	0.009872
16.779011	1.311258	0.011519
16.863689	1.329237	0.012797
16.94837	1.347289	0.008625
17.033039	1.352694	0.012055
17.11772	1.365847	0.012635
17.2024		1.380115	0.012018
17.287069	1.403265	0.013103
17.37175	1.408957	0.011988
17.45643	1.421323	0.027211
17.541109	1.436752	0.009719
17.62578	1.433567	0.009373
17.710461	1.448686	0.012257
17.795139	1.447328	0.026477
17.87981	1.453537	0.030774
17.964491	1.460552	0.031229
18.04917	1.486521	0.022256
18.133841	1.505783	0.014504
18.218519	1.517816	0.015982
18.3032		1.498262	0.027137
18.387871	1.532539	0.018857
18.472549	1.555253	0.009947
18.55723	1.561712	0.02502
18.641899	1.572659	0.021647
18.72658	1.583199	0.057962
18.81126	1.626187	0.073545
18.895941	1.689088	0.024113
18.98061	1.662563	0.053506
19.06529	1.633113	0.052565
19.149969	1.636652	0.019565
19.23464	1.637887	0.024563
19.319321	1.643467	0.081853
19.403999	1.628557	0.031965
19.48867	1.631972	0.019993
19.573351	1.655694	0.025898
19.65803	1.636863	0.022025
19.742701	1.660377	0.026502
19.827379	1.679347	0.078256
19.91206	1.696368	0.04445
20.081409	1.69139		0.033942
20.250771	1.679778	0.032121
20.42012	1.677343	0.019157
20.504801	1.734002	0.024451
20.58947	1.705666	0.022866
20.758829	1.736214	0.014939
20.928181	1.745379	0.02903
21.09753	1.785412	0.025314
21.26689	1.819294	0.03158
21.436239	1.824109	0.019192
21.6056		1.813083	0.030635
21.77495	1.841935	0.031659
21.9443		1.884462	0.015569
22.113661	1.893289	0.099773
22.28301	1.911044	0.114824
22.45236	1.916661	0.031126
22.621719	1.930557	0.030712
22.791071	1.94038		0.016447
22.96043	1.950374	0.027344
23.12978	1.973972	0.011744
23.299129	1.955922	0.017404
23.468491	1.955258	0.018852
23.63784	1.968263	0.024946
23.80719	2.005205	0.010348
23.976549	2.016083	0.022203
24.145901	2.016795	0.012773
24.31526	2.022975	0.013686
24.48461	2.066551	0.025921
24.653959	2.096551	0.024383
24.82332	2.039406	0.074181
24.99267	2.038704	0.030512
25.16202	2.045814	0.04659
25.331381	2.030683	0.025866
25.500731	2.032906	0.019967
25.67009	2.042151	0.020157
25.839439	2.049124	0.030592
26.008789	2.186231	0.03847
26.17815	2.295973	0.057405
26.3475		2.140002	0.037739
26.51685	2.060006	0.020748
26.686211	2.083729	0.022815
26.85556	2.109405	0.027616
27.02492	2.097055	0.025674
27.194269	2.074649	0.025406
27.363621	2.085773	0.036389
27.53298	2.115081	0.029747
27.70233	2.128131	0.015901
27.871679	2.121928	0.029698
28.04104	2.107702	0.020263
28.21039	2.153552	0.027943
28.379749	2.129023	0.063796
28.549101	2.130455	0.028706
28.718451	2.14023		0.029346
28.88781	2.14006		0.012218
29.057159	2.140923	0.019599
29.226509	2.131347	0.015383
29.39587	2.138417	0.025914
29.56522	2.129282	0.03795
29.734579	2.145988	0.035364
29.903931	2.17945		0.022912
30.07328	2.160115	0.024014
30.24264	2.171113	0.016095
30.411989	2.172547	0.033491
30.581341	2.129097	0.021203
30.7507		2.17699		0.014804
30.92005	2.185749	0.017338
31.089411	2.198159	0.018946
31.25876	2.189726	0.070952
31.42811	2.188119	0.021338
31.597469	2.204176	0.033949
31.766821	2.209401	0.074905
31.936171	2.215539	0.02902
32.10553	2.214798	0.02018
32.274879	2.219223	0.023365
32.444241	2.240299	0.026972
32.61359	2.257614	0.023972
32.78294	2.267639	0.040065
32.952301	2.285597	0.025021
33.121651	2.274338	0.02628
33.291		2.315752	0.030245
33.460361	2.300359	0.159468
33.629711	2.299885	0.16754
33.799068	2.392528	0.042588
33.968418	2.37831		0.032565
34.137772	2.310899	0.055159
34.307129	2.372038	0.044525
34.476479	2.340053	0.053429
34.645828	2.319464	0.027812
34.815189	2.319066	0.027377
34.984539	2.447345	0.049138
35.1539		2.467648	0.040226
35.32325	2.324872	0.058092
35.492599	2.422771	0.048154
35.661961	2.359664	0.058136
35.83131	2.300811	0.058401
36.00066	2.310817	0.074263
36.170021	2.2778		0.067459
36.339371	2.250217	0.048379
36.508732	2.224193	0.089649
36.678082	2.265147	0.078069
36.847431	2.249951	0.087396
37.016788	2.288292	0.056748
37.186138	2.392958	0.101817
37.355492	2.165166	0.139896