21.6056		3.155963	0.485068
21.77495	3.243103	0.712785
21.9443		3.347015	0.34737
22.113661	3.416793	0.117328
22.28301	3.486716	0.092755
22.45236	3.601278	0.049431
22.621719	3.657736	0.087831
22.791071	3.688049	0.152096
22.96043	3.716325	0.161966
23.12978	3.742176	0.208251
23.299129	3.737611	0.162066
23.468491	3.757895	0.592395
23.63784	3.749386	0.251844
23.80719	3.70544		0.225578
23.976549	3.773327	0.206632
24.145901	3.801742	0.237541
24.31526	3.810924	0.586841
24.48461	3.93575		0.156162
24.653959	3.912034	0.144112
24.82332	3.923892	0.135934
24.99267	3.933076	0.088289
25.16202	3.983606	0.059504
25.331381	4.122267	0.053043
25.500731	4.260587	0.015108
25.67009	4.278888	0.052015
25.839439	4.507676	0.4034
26.008789	5.637326	0.024681
26.17815	5.128603	0.162435
26.3475		4.787031	0.086188
26.51685	4.738422	0.095384
26.686211	4.866674	0.107659
26.85556	5.056372	0.126963
27.02492	5.123153	0.282671
27.194269	5.232455	0.334567
27.363621	5.302808	0.082173
27.53298	5.470565	0.047536
27.70233	5.601907	0.047966
27.871679	5.717666	0.107672
28.04104	5.707383	0.271375
28.21039	5.833789	0.197413
28.379749	5.946794	0.047603
28.549101	6.074198	0.204138
28.718451	6.121615	0.077205
28.88781	6.18647		0.044954
29.057159	6.274823	0.02095
29.226509	6.340484	0.033228
29.39587	6.467359	0.042242
29.56522	6.55053		0.059083
29.734579	6.72635		0.05023
29.903931	6.794172	0.134101
30.07328	6.810858	0.069178
30.24264	6.80169		0.050158
30.411989	6.902071	0.051838
30.581341	7.02019		0.167021
30.7507		7.249852	0.047608
30.92005	7.367374	0.392839
31.089411	7.504987	0.326046
31.25876	7.552133	0.329932
31.42811	7.624276	0.039086
31.597469	7.819999	0.088344
31.766821	7.959183	0.095753
31.936171	7.987699	0.132409
32.10553	8.100513	0.110755
32.274879	8.255899	0.094097
32.444241	8.528866	0.046443
32.61359	8.848048	0.167756
32.78294	9.102541	0.388785
32.952301	9.32914		0.578324
33.121651	9.348048	0.53147
33.291		9.592753	0.206965
33.460361	10.204716	0.12639
33.629711	10.641035	0.06454
33.799068	10.221109	0.555548
33.968418	10.42763	0.193638
34.137772	10.162768	0.233748
34.307129	10.699375	0.378479
34.476479	10.531354	0.067734
34.645828	10.44503	0.254694
34.815189	12.447048	0.079791
34.984539	14.244502	0.237406
35.1539		12.286139	0.092216
35.32325	10.360319	0.361284
35.492599	11.517666	0.163078
35.661961	11.643362	0.233303
35.83131	11.279956	0.182731
36.00066	11.749957	0.124812
36.170021	11.699575	0.286353
36.339371	11.477392	0.12334
36.508732	11.487408	0.581346
36.678082	11.91792	0.249655
36.847431	11.517391	0.549393
37.016788	11.57739	1.285498
37.186138	12.696917	0.169083
37.355492	12.347133	0.634196