    14.492740     1.542070    0.054420       
    14.577410     1.625655    0.026036       
    14.662090     1.522353    0.019007       
    14.746770     1.484281    0.023597       
    14.831450     1.494272    0.025309       
    14.916120     1.511316    0.011868       
    15.000800     1.527840    0.017248       
    15.085480     1.551855    0.011292       
    15.170150     1.580460    0.011662       
    15.254830     1.596107    0.008718       
    15.339510     1.602015    0.009908       
    15.424180     1.612942    0.016303       
    15.508860     1.638288    0.020785       
    15.593540     1.647415    0.014167       
    15.678210     1.681915    0.018300       
    15.762890     1.873067    0.012653       
    15.847570     2.051645    0.015910       
    15.932240     1.700344    0.029184       
    16.016920     1.689100    0.013858       
    16.101601     1.677968    0.016863       
    16.186279     1.709592    0.009805       
    16.270950     1.720324    0.012045       
    16.355631     1.703781    0.013922       
    16.440310     1.731123    0.013163       
    16.524981     1.743343    0.022205       
    16.609659     1.772944    0.023453       
    16.694340     1.795623    0.021843       
    16.779011     1.789464    0.022914       
    16.863689     1.794226    0.016972       
    16.948370     1.804452    0.015931       
    17.033039     1.814744    0.015170       
    17.117720     1.833433    0.034601       
    17.202400     1.844527    0.031588       
    17.287069     1.882498    0.032815       
    17.371750     1.881229    0.093593       
    17.456430     1.899977    0.037808       
    17.541109     1.895343    0.019674       
    17.625780     1.889509    0.019658       
    17.710461     1.907552    0.022929       
    17.795139     1.907487    0.045673       
    17.879810     1.907206    0.046437       
    17.964491     1.934385    0.047095       
    18.049170     1.925754    0.035078       
    18.133841     1.922300    0.020224       
    18.218519     1.937070    0.013355       
    18.303200     1.937300    0.011636       
    18.387871     1.935450    0.022195       
    18.472549     1.932229    0.024808       
    18.557230     1.965170    0.024327       
    18.641899     1.965716    0.028938       
    18.726580     1.913760    0.024758       
    18.811260     1.892020    0.030420       
    18.895941     1.930833    0.176054       
    18.980610     1.962530    0.024070       
    19.065290     2.100357    0.036806       
    19.149969     1.941977    0.038551       
    19.234640     1.910324    0.014523       
    19.319321     1.897749    0.032295       
    19.403999     1.885962    0.019168       
    19.488670     1.900549    0.041252       
    19.573351     1.935456    0.015889       
    19.658030     1.961680    0.025612       
    19.742701     1.952128    0.025181       
    19.827379     1.963947    0.017604       
    19.912060     1.972238    0.027138       
    19.996731     1.989560    0.023397       
    20.081409     1.991848    0.032230       
    20.166090     1.973485    0.026206       
    20.250771     1.995744    0.034012       
    20.335440     1.977565    0.018547       
    20.420120     2.019984    0.032436       
    20.504801     1.980035    0.021850       
    20.589470     1.977061    0.011393       
    20.758829     1.971348    0.012143       
    20.928181     1.979760    0.073054       
    21.097530     1.985101    0.019098       
    21.266890     2.003169    0.015408       
    21.436239     1.981033    0.032382       
    21.605600     1.989057    0.026606       
    21.774950     2.003824    0.027045       
    21.944300     2.006234    0.030912       
    22.113661     2.019712    0.025713       
    22.283010     1.992142    0.017349       
    22.452360     2.019903    0.110588       
    22.621719     2.028315    0.085336       
    22.791071     2.031571    0.017231       
    22.960430     2.066136    0.028279       
    23.129780     2.070965    0.024521       
    23.299129     2.062992    0.019706       
    23.468491     2.051415    0.016999       
    23.637840     2.040348    0.028632       
    23.807190     2.049139    0.033627       
    23.976549     2.056648    0.033484       
    24.145901     2.051738    0.032750       
    24.315260     2.062274    0.038385       
    24.484610     2.061307    0.010797       
    24.653959     2.163540    0.012351       
    24.823320     2.170654    0.023059       
    24.992670     2.044717    0.025138       
    25.162020     2.031955    0.030709       
    25.331381     1.999804    0.019021       
    25.500731     2.001266    0.022098       
    25.670090     2.030688    0.023158       
    25.839439     2.004457    0.059922       
    26.008789     1.963390    0.015035       
    26.178150     2.456572    0.023655       
    26.347500     2.778936    0.028739       
    26.516850     2.160264    0.031857       
    26.686211     1.993895    0.017613       
    26.855560     1.980434    0.015904       
    27.024920     1.956333    0.028770       
    27.194269     1.940413    0.015557       
    27.363621     1.965561    0.020440       
    27.532980     1.998810    0.017020       
    27.702330     1.977637    0.013230       
    27.871679     1.995035    0.017270       
    28.041040     2.015209    0.013673       
    28.210390     1.987331    0.015226       
    28.379749     1.999789    0.018995       
    28.549101     1.995899    0.021646       
    28.718451     1.981301    0.020456       
    28.887810     1.991064    0.010337       
    29.057159     1.969243    0.015419       
    29.226509     1.952841    0.017595       
    29.395870     1.986400    0.021269       
    29.565220     1.979632    0.060764       
    29.734579     1.977940    0.033370       
    29.903931     1.987341    0.021625       
    30.073280     1.966218    0.027357       
    30.242640     1.968347    0.017304       
    30.411989     1.965163    0.024615       
    30.581341     1.948921    0.027948       
    30.750700     2.009123    0.015288       
    30.920050     1.994506    0.035922       
    31.089411     1.986069    0.026419       
    31.258760     1.987153    0.027610       
    31.428110     1.998296    0.030081       
    31.597469     2.044578    0.015410       
    31.766821     2.008976    0.045942       
    31.936171     2.004594    0.021966       
    32.105530     1.987402    0.020531       
    32.274879     1.998402    0.032245       
    32.444241     2.027629    0.023639       
    32.613590     2.041590    0.040432       
    32.782940     2.042691    0.029952       
    32.952301     2.054152    0.020954       
    33.121651     2.046756    0.026347       
    33.291000     2.110848    0.038277       
    33.460361     2.143794    0.072163       
    33.629711     2.080456    0.048083       
    33.799068     2.189904    0.056298       
    33.968418     2.319668    0.034102       
    34.137772     2.196989    0.059644       
    34.307129     2.111312    0.034788       
    34.476479     2.078881    0.065795       
    34.645828     2.089685    0.063806       
    34.815189     2.089146    0.082011       
    34.984539     2.104853    0.024848       
    35.153900     2.228593    0.032854       
    35.323250     2.374860    0.073928       
    35.492599     2.410576    0.096103       
    35.661961     2.170614    0.092751       
    35.831310     1.999677    0.050747       
    36.000660     2.033997    0.062124       
    36.170021     2.010051    0.084024       
    36.339371     2.027322    0.065358       
    36.508732     2.023455    0.040248       
    36.678082     2.074754    0.068612       
    36.847431     1.995057    0.066369       
    37.016788     1.983845    0.067365       
    37.186138     2.150821    0.108732       
    37.355492     1.966208    0.151689   