5.2226303  0.0208891  0.0015030 
5.2527270  0.0219519  0.0022290 
5.2828238  0.0220651  0.0011000 
5.3129205  0.0223384  0.0011880 
5.3430272  0.0245246  0.0009520 
5.3731239  0.0240621  0.0015170 
5.4032207  0.0222555  0.0012070 
5.4333174  0.0238963  0.0011240 
5.4634141  0.0236324  0.0013610 
5.4935208  0.0246753  0.0014480 
5.5236176  0.0250887  0.0014740 
5.5537143  0.0241486  0.0012340 
5.5838111  0.0254530  0.0008690 
5.6139078  0.0292952  0.0015040 
5.6440145  0.0271593  0.0016180 
5.6741112  0.0249637  0.0009650 
5.7042080  0.0241322  0.0012920 
5.7343047  0.0242560  0.0011330 
5.7644014  0.0249684  0.0022450 
5.7945081  0.0247442  0.0008910 
5.8246049  0.0248539  0.0013550 
5.8547016  0.0266886  0.0014050 
5.8847984  0.0261304  0.0008180 
5.9148951  0.0278413  0.0008530 
5.9450018  0.0280737  0.0010700 
5.9750985  0.0284626  0.0010300 
6.0051953  0.0288550  0.0017250 
6.0352920  0.0297507  0.0012110 
6.0653887  0.0290500  0.0022530 
6.0954954  0.0297227  0.0026420 
6.1255922  0.0313728  0.0010160 
6.1556889  0.0316040  0.0029480 
6.1857857  0.0339117  0.0011500 
6.2158824  0.0339631  0.0011030 
6.2459891  0.0344828  0.0011990 
6.2760858  0.0330790  0.0016780 
6.3061826  0.0333663  0.0011050 
6.3362793  0.0318306  0.0017350 
6.3663761  0.0316087  0.0013130 
6.3964827  0.0316379  0.0013960 
6.4265795  0.0297600  0.0009560 
6.4566762  0.0304888  0.0017730 
6.4867730  0.0317208  0.0013200 
6.5168697  0.0306394  0.0016510 
6.5469764  0.0319824  0.0012610 
6.5770731  0.0319976  0.0020520 
6.6071699  0.0325033  0.0018000 
6.6372666  0.0320653  0.0059660 
6.6673634  0.0333862  0.0017550 
6.6974700  0.0327333  0.0024620 
6.7275668  0.0335695  0.0020580 
6.7576635  0.0347140  0.0011630 
6.7877603  0.0328244  0.0026110 
6.8178570  0.0351473  0.0027920 
6.8479637  0.0353248  0.0029390 
6.8780604  0.0358176  0.0022730 
6.9081572  0.0382642  0.0017530 
6.9382539  0.0355256  0.0020170 
6.9683507  0.0383238  0.0023990 
6.9984573  0.0436526  0.0017860 
7.0285541  0.0397123  0.0022460 
7.0586508  0.0384476  0.0019740 
7.0887476  0.0408767  0.0015550 
7.1188443  0.0409117  0.0013880 
7.1489510  0.0418518  0.0015040 
7.1790477  0.0409596  0.0041190 
7.2091445  0.0398233  0.0017450 
7.2392412  0.0396586  0.0018150 
7.2693380  0.0405567  0.0019380 
7.2994446  0.0427370  0.0019240 
7.3295414  0.0415283  0.0033040 
7.3596381  0.0411897  0.0020210 
7.3897349  0.0428643  0.0024520 
7.4198316  0.0447796  0.0022960 
7.4499383  0.0483205  0.0021170 
7.4198316  0.0481990  0.0010920 
7.4800350  0.0491496  0.0016220 
7.5402285  0.0482189  0.0015510 
7.6004220  0.0550332  0.0066170 
7.6606254  0.0746155  0.0013430 
7.7208189  0.0584760  0.0031000 
7.7810124  0.0526345  0.0019060 
7.8412158  0.0530105  0.0021270 
7.9014093  0.0527116  0.0025210 
7.9616127  0.0512331  0.0049710 
8.0218062  0.0492022  0.0051790 
8.0819997  0.0465232  0.0068770 
8.1422031  0.0444701  0.0023510 
8.2023966  0.0437005  0.0027810 
8.2625901  0.0462172  0.0009810 
8.3227935  0.0464788  0.0020840 
8.3829870  0.0452222  0.0073150 
8.4431805  0.0453472  0.0026910 
8.5033839  0.0456298  0.0023990 
8.5635774  0.0470429  0.0023360 
8.6237808  0.0461915  0.0025670 
8.6839743  0.0441525  0.0026380 
8.7441678  0.0442120  0.0073000 
8.8043712  0.0418915  0.0036140 
8.8645647  0.0420702  0.0023920 
8.9247582  0.0418880  0.0050050 
8.9849616  0.0446862  0.0059280 
9.0451551  0.0454184  0.0025160 
9.1053485  0.0404049  0.0041540 
9.1655520  0.0400954  0.0041480 
9.2257455  0.0402974  0.0031190 
9.2859489  0.0401993  0.0010610 
9.3461424  0.0404925  0.0041380 
9.4063358  0.0402519  0.0058940 
9.4665393  0.0420831  0.0054480 
9.5267328  0.0441361  0.0030390 
9.5869262  0.0435721  0.0033550 
9.6471297  0.0466750  0.0031720 
9.7073231  0.0449816  0.0062990 
9.7675166  0.0440964  0.0030790 
9.8277201  0.0441968  0.0043320 
9.8879135  0.0459720  0.0056260 
9.9481170  0.0472799  0.0057940 
10.0083104  0.0485517  0.0091060 
10.0685039  0.0493727  0.0088530 
10.1287074  0.0497791  0.0031020 
10.1889008  0.0507706  0.0062770 
10.2490943  0.0527921  0.0023980 
10.3092977  0.0548826  0.0028570 
10.3694912  0.0572171  0.0030450 
10.4296847  0.0661090  0.0082420 
10.4898881  0.1015202  0.0099820 
10.5500816  0.0983086  0.0098830 
10.6102850  0.0690765  0.0011790 
10.6704785  0.0634335  0.0059090 
10.7306720  0.0644904  0.0084730 
10.7908754  0.0655111  0.0042580 
10.8510689  0.0658334  0.0078070 
10.9112624  0.0678467  0.0065680 
10.9714658  0.0694116  0.0114900 
11.0316593  0.0703027  0.0047440 
11.0918528  0.0750605  0.0047280 
11.1520562  0.0841685  0.0126520 
11.2122497  0.0953447  0.0133410 
11.2724531  0.1008767  0.0048700 
11.3326466  0.0987583  0.0126620 
11.3928401  0.0949336  0.0138540 
11.4530435  0.0958328  0.0052470 
11.5132370  0.0922826  0.0047810 
11.5734305  0.0920338  0.0055830 
11.6336339  0.0938709  0.0054120 
11.6938274  0.0927696  0.0116280 
11.7540209  0.0957230  0.0054750 
11.8142243  0.0971934  0.0083550 
11.8744178  0.0977656  0.0073530 
11.9346212  0.0994998  0.0052740 
11.9948147  0.1041478  0.0048270 
12.0550082  0.1039271  0.0089500 
12.1152116  0.1053168  0.0103940 
12.1754051  0.1064683  0.0054950 
12.2355986  0.1105838  0.0139690 
12.2958020  0.1146233  0.0055960 
12.3559955  0.1165176  0.0079530 
12.4161889  0.1164253  0.0107270 
12.4763924  0.1180334  0.0056700 
12.5365859  0.1212695  0.0130940 
12.5967893  0.1236426  0.0160650 
12.6569828  0.1247637  0.0051500 
12.7171762  0.1283887  0.0124710 
12.7773797  0.1479663  0.0064740 
12.8375732  0.1558761  0.0141950 
12.8977666  0.1386201  0.0023730 
12.9579701  0.1260927  0.0063150 
13.0181635  0.1266462  0.0066260 
13.0783570  0.1265353  0.0056900 
13.1385605  0.1276190  0.0057980 
13.1987539  0.1240303  0.0079010 
13.2589474  0.1246609  0.0087780 
13.3191508  0.1269475  0.0061950 
13.3793443  0.1284809  0.0059520 
13.4395478  0.1300785  0.0078720 
13.4997412  0.1338576  0.0079440 
13.5599347  0.1344883  0.0223790 
13.6201381  0.1344801  0.0157420 
13.6803316  0.1343026  0.0084920 
13.7405251  0.1388560  0.0129490 
13.8007285  0.1396606  0.0146700 
13.8609220  0.1431116  0.0089120 
13.9211155  0.1490010  0.0099470 
