5.1970783  0.2307356  0.0136880 
5.2270278  0.2365853  0.0121670 
5.2569773  0.2448771  0.0163850 
5.2869268  0.2406261  0.0433390 
5.3168862  0.2364259  0.0139870 
5.3468357  0.2463005  0.0401740 
5.3767852  0.2527201  0.0237470 
5.4067347  0.2536449  0.0346460 
5.4366842  0.2567054  0.0163310 
5.4666436  0.2467392  0.0169880 
5.4965930  0.2496675  0.0489380 
5.5265425  0.2471609  0.0155830 
5.5564920  0.2474481  0.0203280 
5.5864415  0.2668277  0.0176590 
5.6164009  0.2606342  0.0161420 
5.6463504  0.2553306  0.0356440 
5.6762999  0.2531553  0.0370790 
5.7062494  0.2533215  0.0155570 
5.7361989  0.2585438  0.0133650 
5.7661583  0.2614064  0.0122730 
5.7961078  0.2631193  0.0156480 
5.8260572  0.2619209  0.0193540 
5.8560067  0.2624183  0.0214170 
5.8859562  0.2681708  0.0277040 
5.9159156  0.2720341  0.0168370 
5.9458651  0.2752246  0.0196170 
5.9758146  0.2741912  0.0148140 
6.0057641  0.2748854  0.0320340 
6.0357136  0.2742828  0.0169760 
6.0656730  0.2728176  0.0182870 
6.0956225  0.2753410  0.0352470 
6.1255720  0.2736033  0.0506970 
6.1555214  0.2756508  0.0191700 
6.1854709  0.2743676  0.0477840 
6.2154303  0.2729114  0.0186530 
6.2453798  0.2764615  0.0482040 
6.2753293  0.2792981  0.0196880 
6.3052788  0.2823677  0.0188640 
6.3352283  0.2937630  0.0387260 
6.3651877  0.2853050  0.0180850 
6.3951372  0.2832451  0.0436210 
6.4250867  0.2745372  0.0150240 
6.4550361  0.2715389  0.0135490 
6.4849856  0.2835062  0.0138900 
6.5149450  0.2910530  0.0135510 
6.5448945  0.2940547  0.0139810 
6.5748440  0.2941316  0.0134770 
6.6047935  0.2931253  0.0239530 
6.6347430  0.2904515  0.0138300 
6.6647024  0.2867782  0.0144460 
6.6946519  0.2888189  0.0183570 
6.7246014  0.2912655  0.0178760 
6.7545509  0.2943407  0.0480540 
6.7845003  0.2946437  0.0190610 
6.8144597  0.2964459  0.0475790 
6.8444092  0.2945940  0.0230200 
6.8743587  0.3006167  0.0394010 
6.9043082  0.3004516  0.0654110 
6.9342577  0.2946494  0.0231870 
6.9642171  0.3189742  0.0432860 
6.9941666  0.3192365  0.0226850 
7.0241161  0.3074794  0.0224150 
7.0540656  0.3054138  0.0675960 
7.0840151  0.3082245  0.0587020 
7.1139744  0.3074274  0.0209480 
7.1439239  0.3074783  0.0199660 
7.1738734  0.3035438  0.0210010 
7.2038229  0.3084935  0.0242890 
7.2337724  0.3185796  0.0206670 
7.2637318  0.3157441  0.0421110 
7.2936813  0.3215757  0.0311760 
7.3236308  0.3208125  0.0394160 
7.3535803  0.3107434  0.0238870 
7.3835298  0.3135937  0.0311600 
7.4134892  0.3177203  0.0565680 
7.3835298  0.3101713  0.0077910 
7.4434386  0.3247210  0.0148470 
