4.7199713  0.2664931  0.0081890 
4.7471714  0.2603060  0.0048860 
4.7743714  0.2627823  0.0036350 
4.8015714  0.2672822  0.0036520 
4.8287805  0.2680620  0.0056090 
4.8559805  0.2697315  0.0061810 
4.8831806  0.2704687  0.0061290 
4.9103806  0.2705995  0.0104770 
4.9375806  0.2705539  0.0088360 
4.9647897  0.2702081  0.0044100 
4.9919897  0.2708570  0.0036860 
5.0191897  0.2717230  0.0032810 
5.0463898  0.2746063  0.0037880 
5.0735898  0.2751804  0.0036250 
5.1007989  0.2784977  0.0026080 
5.1279989  0.2827339  0.0033970 
5.1551989  0.2844969  0.0026230 
5.1823990  0.2866088  0.0042330 
5.2095990  0.2903850  0.0126990 
5.2368080  0.2920826  0.0047830 
5.2640081  0.2923993  0.0044670 
5.2912081  0.2974090  0.0103050 
5.3184082  0.2994699  0.0037470 
5.3456082  0.2994471  0.0043210 
5.3728172  0.3009505  0.0028560 
5.4000173  0.3043685  0.0030310 
5.4272173  0.3039771  0.0044080 
5.4544174  0.3037414  0.0033590 
5.4816174  0.3084230  0.0040550 
5.5088264  0.3095610  0.0054490 
5.5360265  0.3100531  0.0041190 
5.5632265  0.3132334  0.0033980 
5.5904265  0.3128295  0.0042530 
5.6176266  0.3114641  0.0055170 
5.6448356  0.3146797  0.0111180 
5.6720357  0.3149486  0.0075840 
5.6992357  0.3154927  0.0045520 
5.7264357  0.3187913  0.0039620 
5.7536358  0.3201057  0.0044430 
5.7808448  0.3182213  0.0036510 
5.8080448  0.3193374  0.0035000 
5.8352449  0.3231884  0.0068720 
5.8624449  0.3239547  0.0063350 
5.8896450  0.3262586  0.0032960 
5.9168540  0.3267476  0.0033700 
5.9440540  0.3268566  0.0031260 
5.9712541  0.3282261  0.0064550 
5.9984541  0.3298438  0.0038560 
6.0256542  0.3291035  0.0060020 
6.0528632  0.3315528  0.0033550 
6.0800632  0.3326014  0.0052310 
6.1072633  0.3344911  0.0044960 
6.1344633  0.3381438  0.0034420 
6.1616633  0.3411506  0.0037210 
6.1888724  0.3453806  0.0063280 
6.2160724  0.3465300  0.0141920 
6.2432725  0.3474146  0.0065560 
6.2704725  0.3484965  0.0062160 
6.2976725  0.3484861  0.0053110 
6.3248816  0.3493281  0.0062560 
6.3520816  0.3502179  0.0063900 
6.3792816  0.3534439  0.0055310 
6.4064817  0.3537252  0.0041800 
6.4336817  0.3568120  0.0064090 
6.4608908  0.3585107  0.0047020 
6.4880908  0.3602539  0.0050320 
6.5152908  0.3638827  0.0060120 
6.5424909  0.3666404  0.0052340 
6.5696909  0.3679071  0.0045700 
6.5968999  0.3663300  0.0051590 
6.6241000  0.3656499  0.0056870 
6.6513000  0.3683774  0.0054980 
6.6785001  0.3675624  0.0111050 
6.7057001  0.3691084  0.0139050 
6.7329091  0.3717861  0.0044630 
6.7057001  0.3635079  0.0084570 
6.7601092  0.3655917  0.0086800 
6.8145093  0.3777510  0.0041110 
6.8689093  0.3840918  0.0164720 
6.9233184  0.3899892  0.0086030 
6.9777185  0.3922444  0.0080080 
7.0321186  0.3926670  0.0074760 
7.0865276  0.3953530  0.0082260 
7.1409277  0.3972790  0.0213200 
7.1953368  0.3984595  0.0214780 
7.2497369  0.4002474  0.0073320 
7.3041369  0.4015640  0.0063570 
7.3585460  0.4057347  0.0091100 
7.4129461  0.4126196  0.0053830 
7.4673462  0.4147968  0.0148590 
7.5217552  0.4187008  0.0039150 
7.5761553  0.4261681  0.0033320 
7.6305554  0.4270402  0.0036200 
7.6849645  0.4262864  0.0031620 
7.7393645  0.4279041  0.0042320 
7.7937736  0.4298052  0.0031730 
7.8481737  0.4331910  0.0025510 
7.9025738  0.4352998  0.0024720 
7.9569829  0.4329013  0.0023940 
8.0113829  0.4325348  0.0032540 
8.0657830  0.4373898  0.0059650 
8.1201921  0.4386357  0.0110380 
8.1745922  0.4411287  0.0032090 
8.2289922  0.4435115  0.0040460 
8.2834013  0.4450752  0.0088780 
8.3378014  0.4475058  0.0062290 
8.3922105  0.4485700  0.0048030 
8.4466105  0.4539680  0.0057950 
8.5010106  0.4556345  0.0124750 
8.5554197  0.4582852  0.0196040 
8.6098198  0.4608840  0.0167220 
8.6642198  0.4631288  0.0058630 
8.7186289  0.4653756  0.0038170 
8.7730290  0.4657525  0.0053800 
8.8274291  0.4719126  0.0031610 
8.8818381  0.4735251  0.0047120 
8.9362382  0.4777799  0.0038160 
8.9906473  0.4817545  0.0034800 
9.0450474  0.4850904  0.0030470 
9.0994475  0.4889850  0.0032230 
9.1538565  0.4927291  0.0028710 
9.2082566  0.4953673  0.0026350 
9.2626567  0.4968521  0.0027830 
9.3170658  0.5030672  0.0032100 
9.3714658  0.5079866  0.0040620 
9.4258659  0.5144229  0.0142590 
9.4802750  0.5204273  0.0112310 
9.5346751  0.5216535  0.0041700 
9.5890841  0.5236875  0.0110390 
9.6434842  0.5273505  0.0142260 
9.6978843  0.5294073  0.0133950 
9.7522934  0.5315971  0.0041480 
9.8066934  0.5356505  0.0044950 
9.8610935  0.5365445  0.0062890 
9.9155026  0.5375184  0.0039440 
9.9699027  0.5431791  0.0060390 
10.0243027  0.5427440  0.0076010 
10.0787118  0.5433109  0.0045940 
10.1331119  0.5444406  0.0039570 
10.1875210  0.5472761  0.0032480 
10.2419211  0.5465711  0.0033090 
10.2963211  0.5495697  0.0034440 
10.3507302  0.5531414  0.0039620 
10.4051303  0.5575260  0.0033420 
10.4595304  0.5662258  0.0030440 
10.5139394  0.5669328  0.0045690 
10.5683395  0.5588799  0.0046600 
10.6227396  0.5575354  0.0039140 
10.6771487  0.5512839  0.0045490 
10.7315487  0.5583961  0.0032450 
10.7859578  0.5626312  0.0052540 
10.8403579  0.5597095  0.0043610 
10.8947580  0.5621256  0.0044310 
10.9491670  0.5641502  0.0048990 
11.0035671  0.5672101  0.0045280 
11.0579672  0.5666930  0.0048340 
11.1123763  0.5683522  0.0069360 
11.1667763  0.5735114  0.0057460 
11.2211764  0.5729050  0.0057800 
11.2755855  0.5693728  0.0058120 
11.3299856  0.5702356  0.0050600 
11.3843946  0.5727233  0.0038220 
11.4387947  0.5695524  0.0032580 
11.4931948  0.5691807  0.0034330 
11.5476039  0.5698473  0.0037680 
11.6020040  0.5679016  0.0036580 
11.6564040  0.5666785  0.0036430 
11.7108131  0.5679836  0.0037090 
11.7652132  0.5682660  0.0043930 
11.8196133  0.5683750  0.0066190 
11.8740223  0.5692503  0.0042240 
11.9284224  0.5689627  0.0040260 
11.9828225  0.5676700  0.0044120 
12.0372316  0.5678091  0.0050780 
12.0916316  0.5651574  0.0057310 
12.1460407  0.5651543  0.0037850 
12.2004408  0.5671415  0.0037020 
12.2548409  0.5696303  0.0042040 
12.3092499  0.5704453  0.0057250 
12.3636500  0.5682909  0.0085850 
12.4180501  0.5686813  0.0054960 
12.4724592  0.5705097  0.0053100 
12.5268593  0.5737066  0.0056550 
12.5812593  0.5739080  0.0054190 
