5.2006838  0.1322530  0.0070070 
5.2306541  0.1459930  0.0077240 
5.2606244  0.1501290  0.0059300 
5.2905946  0.1432955  0.0044910 
5.3205748  0.1448691  0.0043860 
5.3505451  0.1495509  0.0034020 
5.3805154  0.1527124  0.0031560 
5.4104856  0.1554730  0.0035790 
5.4404559  0.1509097  0.0056810 
5.4704361  0.1492464  0.0057350 
5.5004063  0.1492907  0.0065120 
5.5303766  0.1496008  0.0053450 
5.5603469  0.1536216  0.0047010 
5.5903171  0.1577785  0.0056240 
5.6202973  0.1540988  0.0050930 
5.6502676  0.1530457  0.0057990 
5.6802379  0.1523647  0.0035340 
5.7102081  0.1546536  0.0040700 
5.7401784  0.1543458  0.0043380 
5.7701586  0.1545418  0.0043720 
5.8001288  0.1561840  0.0032560 
5.8300991  0.1574818  0.0053950 
5.8600694  0.1587198  0.0077560 
5.8900396  0.1594916  0.0090630 
5.9200198  0.1591971  0.0090620 
5.9499901  0.1603476  0.0067200 
5.9799604  0.1632079  0.0083160 
6.0099306  0.1674424  0.0061400 
6.0399009  0.1664602  0.0033530 
6.0698811  0.1662177  0.0032700 
6.0998513  0.1696516  0.0034960 
6.1298216  0.1718884  0.0057880 
6.1597919  0.1729083  0.0078020 
6.1897621  0.1720135  0.0081100 
6.2197423  0.1728175  0.0058900 
6.2497126  0.1724255  0.0056270 
6.2796829  0.1711000  0.0058180 
6.3096531  0.1722306  0.0066350 
6.3396234  0.1759435  0.0070500 
6.3696036  0.1734775  0.0066650 
6.3995738  0.1691023  0.0046960 
6.4295441  0.1664325  0.0035100 
6.4595144  0.1634438  0.0044730 
6.4894846  0.1647515  0.0040840 
6.5194648  0.1722727  0.0066450 
6.5494351  0.1755770  0.0080370 
6.5794054  0.1765426  0.0087940 
6.6093756  0.1756235  0.0079490 
6.6393459  0.1722594  0.0114310 
6.6693261  0.1726503  0.0092270 
6.6992963  0.1744641  0.0083150 
6.7292666  0.1743190  0.0103680 
6.7592369  0.1790330  0.0062900 
6.7892071  0.1799433  0.0072430 
6.8191873  0.1812355  0.0080200 
6.8491576  0.1815877  0.0054480 
6.8791278  0.1840095  0.0078800 
6.9090981  0.1831701  0.0097350 
6.9390684  0.1843682  0.0087920 
6.9690486  0.1907344  0.0094570 
6.9990188  0.1887999  0.0096810 
7.0289891  0.1861965  0.0083200 
7.0589594  0.1870281  0.0071890 
7.0889296  0.1852286  0.0057960 
7.1189098  0.1827382  0.0053500 
7.1488801  0.1822975  0.0047760 
7.1788503  0.1831967  0.0049870 
7.2088206  0.1851157  0.0075470 
7.2387909  0.1869805  0.0066700 
7.2687711  0.1902627  0.0070460 
7.2987413  0.1916978  0.0072480 
7.3287116  0.1897278  0.0072030 
7.3586819  0.1904985  0.0080720 
7.3886521  0.1894842  0.0061280 
7.4186323  0.1906868  0.0069640 
7.3886521  0.1882185  0.0068830 
7.4486026  0.1913080  0.0131670 
