5.2271043  0.1548047  0.0066000 
5.2572268  0.1459849  0.0057900 
5.2873493  0.1412712  0.0058850 
5.3174719  0.1514012  0.0063220 
5.3476043  0.1681075  0.0066880 
5.3777269  0.1507213  0.0066500 
5.4078494  0.1485650  0.0051300 
5.4379719  0.1453117  0.0048430 
5.4680944  0.1515500  0.0039600 
5.4982269  0.1581545  0.0083630 
5.5283494  0.1681584  0.0053170 
5.5584720  0.1530466  0.0059420 
5.5885945  0.1588947  0.0044210 
5.6187170  0.1733133  0.0058130 
5.6488495  0.1713836  0.0135630 
5.6789720  0.1723719  0.0080300 
5.7090945  0.1767677  0.0054100 
5.7392171  0.1785794  0.0047560 
5.7693396  0.1760570  0.0054270 
5.7994721  0.1760436  0.0067450 
5.8295946  0.1756614  0.0055740 
5.8597171  0.1796857  0.0060020 
5.8898396  0.1856666  0.0081650 
5.9199621  0.1826091  0.0091450 
5.9500946  0.1807371  0.0069300 
5.9802172  0.1899847  0.0045970 
6.0103397  0.1976338  0.0068560 
6.0404622  0.1981930  0.0045710 
6.0705847  0.2010118  0.0061670 
6.1007172  0.2137648  0.0056670 
6.1308397  0.2314124  0.0058880 
6.1609622  0.2569828  0.0049720 
6.1910848  0.2883892  0.0133560 
6.2212073  0.2948314  0.0117630 
6.2513398  0.2844547  0.0136740 
6.2814623  0.2609710  0.0140110 
6.3115848  0.2447622  0.0140880 
6.3417073  0.2348039  0.0140510 
6.3718299  0.2365257  0.0124660 
6.4019623  0.2260712  0.0107790 
6.4320849  0.2214528  0.0096190 
6.4622074  0.2190095  0.0086300 
6.4923299  0.2174163  0.0061890 
6.5224524  0.2217129  0.0065750 
6.5525849  0.2190430  0.0086050 
6.5827074  0.2170422  0.0077200 
6.6128300  0.2197443  0.0131330 
6.6429525  0.2192964  0.0134190 
6.6730750  0.2194976  0.0075930 
6.7032075  0.2167820  0.0068440 
6.7333300  0.2183323  0.0055900 
6.7634525  0.2187198  0.0065530 
6.7935751  0.2232377  0.0072460 
6.8236976  0.2242662  0.0069050 
6.8538301  0.2265540  0.0107420 
6.8839526  0.2408062  0.0289950 
6.9140751  0.2859472  0.0085150 
6.9441976  0.2567079  0.0324020 
6.9743202  0.2840148  0.0375320 
7.0044526  0.3186812  0.0138730 
7.0345752  0.2693952  0.0202420 
7.0646977  0.2459383  0.0141170 
7.0948202  0.2528793  0.0125890 
7.1249427  0.2672254  0.0094780 
7.1550752  0.2724513  0.0115260 
7.1851977  0.2768981  0.0134280 
7.2153203  0.2820208  0.0106270 
7.2454428  0.2904155  0.0118660 
7.2755653  0.2991387  0.0095170 
7.3056978  0.3014010  0.0191080 
7.3358203  0.3052658  0.0212570 
7.3659428  0.3064405  0.0202430 
7.3960653  0.3135237  0.0092070 
7.4261879  0.3254024  0.0105850 
7.4563204  0.3522252  0.0101700 
7.4261879  0.3310950  0.0109720 
7.4864429  0.3652625  0.0208770 
7.5466879  0.3596812  0.0133780 
7.6069330  0.3914497  0.0158030 
7.6671880  0.4261590  0.0082520 
7.7274330  0.4009521  0.0062190 
7.7876781  0.3850263  0.0115090 
7.8479331  0.3924810  0.0149470 
7.9081781  0.3777379  0.0152920 
7.9684331  0.3543212  0.0132540 
8.0286782  0.3444595  0.0211460 
8.0889232  0.3287039  0.0092410 
8.1491782  0.3105132  0.0055150 
8.2094232  0.3099835  0.0073650 
8.2696683  0.3126253  0.0047810 
8.3299233  0.3117576  0.0074570 
8.3901683  0.3155688  0.0085050 
8.4504134  0.3198452  0.0113290 
8.5106684  0.3250296  0.0137230 
8.5709134  0.3303199  0.0140520 
8.6311684  0.3265919  0.0152030 
8.6914135  0.3103804  0.0156120 
8.7516585  0.2905710  0.0135170 
8.8119135  0.2778958  0.0129820 
8.8721586  0.2632922  0.0131420 
8.9324036  0.2607121  0.0086660 
8.9926586  0.2670672  0.0194270 
9.0529037  0.2601395  0.0079540 
9.1131487  0.2444028  0.0081270 
9.1734037  0.2494731  0.0093840 
9.2336488  0.2503394  0.0101770 
9.2939038  0.2531931  0.0076120 
9.3541488  0.2548184  0.0089610 
9.4143939  0.2571196  0.0084880 
9.4746489  0.2603796  0.0111680 
9.5348939  0.2632413  0.0128670 
9.5951390  0.2750314  0.0282680 
9.6553940  0.3115551  0.0107660 
9.7156390  0.3002625  0.0111780 
9.7758841  0.2814240  0.0092830 
9.8361391  0.2783638  0.0111680 
9.8963841  0.2829259  0.0168870 
9.9566391  0.2881639  0.0108370 
10.0168842  0.2897262  0.0114760 
10.0771292  0.2947912  0.0108170 
10.1373842  0.2978996  0.0108070 
10.1976292  0.3038712  0.0092420 
10.2578743  0.3087927  0.0096030 
10.3181293  0.3131442  0.0105830 
10.3783743  0.3196334  0.0132510 
10.4386194  0.3395540  0.0369780 
10.4988744  0.4036905  0.0127370 
10.5591194  0.4048759  0.0309050 
10.6193744  0.3538291  0.0119510 
10.6796195  0.3603987  0.0135480 
10.7398645  0.3691997  0.0138150 
10.8001195  0.3731114  0.0133080 
10.8603646  0.3693472  0.0214110 
10.9206096  0.3828512  0.0144040 
10.9808646  0.3995816  0.0142900 
11.0411097  0.4145633  0.0485410 
11.1013547  0.4419628  0.0483800 
11.1616097  0.5527891  0.0386070 
11.2218548  0.7334109  0.0396920 
11.2821098  0.7772900  0.0392130 
11.3423548  0.6963347  0.0195590 
11.4025999  0.6127349  0.0386360 
11.4628549  0.5797568  0.0219680 
11.5230999  0.5370926  0.0210980 
11.5833450  0.5159275  0.0183560 
11.6436000  0.5006051  0.0163860 
11.7038450  0.4913321  0.0174040 
11.7640900  0.4855228  0.0176330 
11.8243451  0.4902083  0.0274480 
11.8845901  0.5139495  0.0164500 
11.9448451  0.5356202  0.0165510 
12.0050901  0.5397626  0.0164470 
12.0653352  0.5368137  0.0173270 
12.1255902  0.5321792  0.0185890 
12.1858352  0.5379603  0.0170670 
12.2460803  0.5656548  0.0167390 
12.3063353  0.5821827  0.0175010 
12.3665803  0.5732838  0.0182620 
12.4268254  0.5752711  0.0189140 
12.4870804  0.5856760  0.0210990 
12.5473254  0.6080695  0.0195020 
12.6075804  0.6267203  0.0209330 
12.6678255  0.6349822  0.0418570 
12.7280705  0.6971125  0.0428110 
12.7883255  0.9243128  0.0428920 
12.8485706  0.9096717  0.0473540 
12.9088156  0.6508986  0.0102100 
12.9690706  0.5628628  0.0204460 
13.0293157  0.5625597  0.0209730 
13.0895607  0.5567411  0.0162300 
13.1498157  0.5585206  0.0103320 
13.2100608  0.5632704  0.0204570 
13.2703058  0.5716410  0.0204440 
13.3305608  0.5668885  0.0223060 
13.3908059  0.5720473  0.0185430 
13.4510609  0.5823423  0.0619160 
13.5113059  0.5985229  0.0232260 
13.5715510  0.6101736  0.0228130 
13.6318060  0.6107891  0.0202650 
13.6920510  0.6096009  0.0244950 
13.7522960  0.6126584  0.0232190 
13.8125511  0.6041846  0.0243550 
13.8727961  0.6121784  0.0443670 
13.9330411  0.6183470  0.0258480 
