5.2262765  0.1257113  0.0060870 
5.2563943  0.1283579  0.0060840 
5.2865120  0.1287086  0.0042850 
5.3166298  0.1329630  0.0045410 
5.3467575  0.1366724  0.0035570 
5.3768753  0.1325480  0.0035200 
5.4069930  0.1381164  0.0028740 
5.4371108  0.1548765  0.0076350 
5.4672285  0.1474642  0.0034720 
5.4973562  0.1480093  0.0035620 
5.5274740  0.1419558  0.0063400 
5.5575917  0.1405697  0.0030090 
5.5877095  0.1524134  0.0061370 
5.6178272  0.1564057  0.0030260 
5.6479550  0.1454064  0.0029040 
5.6780727  0.1442813  0.0042370 
5.7081905  0.1435822  0.0068060 
5.7383082  0.1445161  0.0039490 
5.7684260  0.1406571  0.0043000 
5.7985537  0.1425162  0.0039330 
5.8286714  0.1447652  0.0035160 
5.8587892  0.1432851  0.0032240 
5.8889069  0.1417428  0.0043820 
5.9190247  0.1425533  0.0042420 
5.9491524  0.1441448  0.0035530 
5.9792701  0.1450252  0.0069960 
6.0093879  0.1469050  0.0040120 
6.0395056  0.1467652  0.0045710 
6.0696234  0.1488624  0.0034930 
6.0997511  0.1529410  0.0033530 
6.1298689  0.1587213  0.0035670 
6.1599866  0.1629561  0.0031550 
6.1901044  0.1619152  0.0044550 
6.2202221  0.1628622  0.0038280 
6.2503498  0.1651746  0.0040780 
6.2804676  0.1649343  0.0058600 
6.3105853  0.1663608  0.0086660 
6.3407031  0.1687289  0.0031960 
6.3708208  0.1714596  0.0040100 
6.4009485  0.1755076  0.0057660 
6.4310663  0.1717818  0.0061210 
6.4611841  0.1772345  0.0056800 
6.4913018  0.1797238  0.0043140 
6.5214196  0.1808172  0.0054790 
6.5515473  0.1871175  0.0042920 
6.5816650  0.1863213  0.0041900 
6.6117828  0.1898963  0.0040130 
6.6419005  0.1936341  0.0064350 
6.6720183  0.1933021  0.0057560 
6.7021460  0.1924239  0.0062190 
6.7322637  0.1950421  0.0040110 
6.7623815  0.1941355  0.0056880 
6.7924992  0.1961595  0.0052150 
6.8226170  0.1947996  0.0041840 
6.8527447  0.1948324  0.0061060 
6.8828625  0.2058983  0.0049560 
6.9129802  0.2109381  0.0062650 
6.9430980  0.2150582  0.0059720 
6.9732157  0.2270963  0.0058980 
7.0033434  0.2236218  0.0056370 
7.0334612  0.2170407  0.0063500 
7.0635789  0.2211423  0.0055200 
7.0936967  0.2250385  0.0047500 
7.1238144  0.2265546  0.0053400 
7.1539421  0.2261504  0.0055400 
7.1840599  0.2326528  0.0070210 
7.2141777  0.2358412  0.0054540 
7.2442954  0.2403086  0.0148640 
7.2744132  0.2484243  0.0061960 
7.3045409  0.2500420  0.0065400 
7.3346586  0.2511889  0.0065420 
7.3647764  0.2556793  0.0065520 
7.3948941  0.2586962  0.0077830 
7.4250119  0.2639698  0.0109620 
7.4551396  0.2661926  0.0090160 
7.4250119  0.2653013  0.0073650 
7.4852573  0.2702078  0.0068230 
7.5454928  0.2661816  0.0083220 
7.6057283  0.3484680  0.0081950 
7.6659738  0.3573865  0.0059410 
7.7262093  0.2942993  0.0081910 
7.7864448  0.2975936  0.0062210 
7.8466903  0.3012342  0.0046520 
7.9069258  0.2964325  0.0046880 
7.9671713  0.2931568  0.0036190 
8.0274068  0.2910825  0.0100300 
8.0876423  0.2849712  0.0128530 
8.1478877  0.2812650  0.0033570 
8.2081232  0.2785988  0.0045020 
8.2683587  0.2734574  0.0131750 
8.3286042  0.2740068  0.0073540 
8.3888397  0.2714880  0.0045510 
8.4490752  0.2622101  0.0034680 
8.5093207  0.2560245  0.0067730 
8.5695562  0.2508711  0.0093130 
8.6298016  0.2461535  0.0074810 
8.6900371  0.2375299  0.0057030 
8.7502726  0.2301536  0.0074660 
8.8105181  0.2210145  0.0164040 
8.8707536  0.2098262  0.0119340 
8.9309891  0.2179867  0.0067880 
8.9912346  0.2320477  0.0061840 
9.0514701  0.1988716  0.0055300 
9.1117056  0.1908346  0.0130870 
9.1719511  0.1842776  0.0038190 
9.2321866  0.1833874  0.0049200 
9.2924320  0.1795294  0.0052500 
9.3526675  0.1799390  0.0053020 
9.4129030  0.1782056  0.0033570 
9.4731485  0.1917204  0.0040800 
9.5333840  0.1953162  0.0068450 
9.5936195  0.1915478  0.0035240 
9.6538650  0.1990431  0.0058720 
9.7141005  0.1936800  0.0078710 
9.7743360  0.1898898  0.0052790 
9.8345814  0.1900088  0.0034090 
9.8948169  0.1959902  0.0054670 
9.9550624  0.1996013  0.0050200 
10.0152979  0.2084521  0.0058190 
10.0755334  0.2168463  0.0203340 
10.1357789  0.2211816  0.0190540 
10.1960144  0.2250297  0.0058450 
10.2562499  0.2314851  0.0052020 
10.3164953  0.2407237  0.0173390 
10.3767308  0.2482933  0.0068660 
10.4369664  0.2931011  0.0074370 
10.4972118  0.3521457  0.0069530 
10.5574473  0.3068737  0.0122390 
10.6176928  0.2766993  0.0054210 
10.6779283  0.2874616  0.0059840 
10.7381638  0.2950224  0.0113220 
10.7984093  0.2989601  0.0070150 
10.8586448  0.3099048  0.0063540 
10.9188803  0.3189708  0.0054230 
10.9791257  0.3289543  0.0047510 
11.0393612  0.3364681  0.0035520 
11.0995967  0.3537044  0.0092900 
11.1598422  0.3950967  0.0069090 
11.2200777  0.4331356  0.0070570 
11.2803232  0.4370405  0.0180350 
11.3405587  0.4321350  0.0078410 
11.4007942  0.4267380  0.0071840 
11.4610396  0.4319559  0.0179010 
11.5212751  0.4349378  0.0164240 
11.5815106  0.4349804  0.0083450 
11.6417561  0.4442638  0.0089300 
11.7019916  0.4493997  0.0076350 
11.7622271  0.4556257  0.0113580 
11.8224726  0.4603597  0.0080670 
11.8827081  0.4761564  0.0085410 
11.9429536  0.4977127  0.0069640 
12.0031891  0.5066323  0.0088160 
12.0634246  0.5123187  0.0084910 
12.1236700  0.5192580  0.0168590 
12.1839055  0.5262902  0.0101260 
12.2441410  0.5492315  0.0182210 
12.3043865  0.5576814  0.0088120 
12.3646220  0.5553112  0.0071310 
12.4248575  0.5629309  0.0087230 
12.4851030  0.5696409  0.0140890 
12.5453385  0.5820962  0.0085300 
12.6055839  0.5894539  0.0105020 
12.6658194  0.5911950  0.0101190 
12.7260549  0.6235201  0.0165940 
12.7863004  0.6654050  0.0145910 
12.8465359  0.6380847  0.0183170 
12.9067714  0.5967209  0.0094590 
12.9670169  0.5937389  0.0203010 
13.0272524  0.6006640  0.0116140 
13.0874879  0.6080981  0.0118040 
13.1477334  0.6087022  0.0116700 
13.2079689  0.6024575  0.0144540 
13.2682044  0.5997268  0.0079160 
13.3284498  0.6068507  0.0244010 
13.3886853  0.6073073  0.0242860 
13.4489308  0.6129184  0.0245320 
13.5091663  0.6264354  0.0094030 
13.5694018  0.6281634  0.0237310 
13.6296473  0.6278510  0.0262130 
13.6898828  0.6359842  0.0101970 
13.7501183  0.6366527  0.0085580 
13.8103637  0.6428995  0.0101590 
13.8705992  0.6493309  0.0096320 
13.9308347  0.6544100  0.0099280 
