5.1623119  0.1432350  0.0028910 
5.1920610  0.1452160  0.0028130 
5.2218101  0.1483380  0.0014330 
5.2515593  0.1500060  0.0015400 
5.2813182  0.1490190  0.0024130 
5.3110674  0.1541530  0.0111130 
5.3408165  0.1631620  0.0101030 
5.3705657  0.1597840  0.0045390 
5.4003148  0.1598150  0.0027410 
5.4300738  0.1702930  0.0033630 
5.4598229  0.1799160  0.0016880 
5.4895721  0.1775240  0.0075680 
5.5193212  0.1795910  0.0020070 
5.5490703  0.1765460  0.0037390 
5.5788293  0.1884730  0.0029300 
5.6085785  0.2060530  0.0015650 
5.6383276  0.1888410  0.0026830 
5.6680767  0.1839230  0.0028200 
5.6978259  0.1830220  0.0023320 
5.7275848  0.1855020  0.0013290 
5.7573340  0.1877140  0.0024280 
5.7870831  0.1902840  0.0030310 
5.8168323  0.1920580  0.0026880 
5.8465814  0.1940480  0.0019970 
5.8763404  0.1958850  0.0028130 
5.9060895  0.1978860  0.0025510 
5.9358387  0.2015200  0.0019270 
5.9655878  0.2032640  0.0021500 
5.9953369  0.2075820  0.0019990 
6.0250959  0.2092330  0.0023020 
6.0548451  0.2117350  0.0030380 
6.0845942  0.2157340  0.0126520 
6.1143433  0.2205270  0.0027080 
6.1440925  0.2211670  0.0025330 
6.1738515  0.2249120  0.0017800 
6.2036006  0.2281500  0.0021300 
6.2333497  0.2288450  0.0016570 
6.2630989  0.2289740  0.0031020 
6.2928480  0.2313600  0.0028770 
6.3226070  0.2327880  0.0016140 
6.3523561  0.2372940  0.0027390 
6.3821053  0.2372060  0.0020910 
6.4118544  0.2368420  0.0039650 
6.4416035  0.2383580  0.0050350 
6.4713625  0.2428720  0.0104220 
6.5011117  0.2456380  0.0030440 
6.5308608  0.2482410  0.0022250 
6.5606099  0.2520450  0.0024560 
6.5903591  0.2553440  0.0034740 
6.6201181  0.2599820  0.0019120 
6.6498672  0.2641900  0.0027280 
6.6796163  0.2641320  0.0027740 
6.7093655  0.2686240  0.0077420 
6.7391146  0.2683780  0.0037590 
6.7688736  0.2705430  0.0021160 
6.7986227  0.2709160  0.0023810 
6.8283719  0.2708700  0.0024650 
6.8581210  0.2752840  0.0121310 
6.8878701  0.2833430  0.0037840 
6.9176291  0.2937720  0.0141960 
6.9473783  0.3053510  0.0033040 
6.9771274  0.3366260  0.0064440 
7.0068765  0.3301240  0.0040880 
7.0366257  0.3030660  0.0049330 
7.0663847  0.3030270  0.0038320 
7.0961338  0.3110930  0.0040380 
7.1258829  0.3147890  0.0051770 
7.1556321  0.3177300  0.0112800 
7.1853812  0.3190900  0.0054170 
7.2151402  0.3219600  0.0051580 
7.2448893  0.3257800  0.0087760 
7.2746385  0.3323860  0.0125440 
7.3043876  0.3451680  0.0036790 
7.3341367  0.3524070  0.0031910 
7.3638957  0.3483250  0.0102530 
7.3341367  0.3388690  0.0056300 
7.3936449  0.3432620  0.0113350 
7.4531431  0.3610630  0.0032110 
7.5126414  0.3651770  0.0020430 
7.5721495  0.3888540  0.0023210 
7.6316478  0.4516910  0.0023180 
7.6911461  0.4418420  0.0024190 
7.7506542  0.4011550  0.0018260 
7.8101525  0.4072180  0.0018280 
7.8696606  0.4101410  0.0029530 
7.9291589  0.4059670  0.0047100 
7.9886572  0.3990980  0.0033440 
8.0481653  0.3991620  0.0029920 
8.1076636  0.3967550  0.0026350 
8.1671618  0.3977310  0.0018810 
8.2266699  0.3964070  0.0038330 
8.2861682  0.3940420  0.0028600 
8.3456665  0.3942680  0.0026800 
8.4051746  0.3937960  0.0020210 
8.4646729  0.3924940  0.0015120 
8.5241810  0.3936790  0.0022370 
8.5836793  0.3948240  0.0042660 
8.6431776  0.3907880  0.0037440 
8.7026857  0.3852440  0.0049190 
8.7621840  0.3797190  0.0041830 
8.8216822  0.3765620  0.0033710 
8.8811904  0.3790190  0.0023950 
8.9406886  0.3968410  0.0031520 
9.0001869  0.4255960  0.0021780 
9.0596950  0.3887740  0.0020530 
9.1191933  0.3747110  0.0043070 
9.1787014  0.3751130  0.0033700 
9.2381997  0.3796010  0.0021480 
9.2976980  0.3849940  0.0028500 
9.3572061  0.3902870  0.0033510 
9.4167044  0.3996620  0.0021040 
9.4762027  0.4255980  0.0022890 
9.5357108  0.4416610  0.0029410 
9.5952091  0.4366100  0.0034700 
9.6547073  0.4402000  0.0027350 
9.7142154  0.4419510  0.0036920 
9.7737137  0.4463940  0.0015740 
9.8332218  0.4516940  0.0112420 
9.8927201  0.4651770  0.0019830 
9.9522184  0.4811050  0.0191810 
10.0117265  0.4909400  0.0031520 
10.0712248  0.5017710  0.0020420 
10.1307231  0.5126740  0.0025220 
10.1902312  0.5250190  0.0041440 
10.2497295  0.5391080  0.0025740 
10.3092277  0.5516400  0.0019950 
10.3687359  0.5677670  0.0033660 
10.4282341  0.6214480  0.0042590 
10.4877423  0.7299180  0.0022400 
10.5472405  0.7139280  0.0021710 
10.6067388  0.6299330  0.0028580 
10.6662469  0.6209380  0.0017450 
10.7257452  0.6278520  0.0026270 
10.7852435  0.6335090  0.0020690 
10.8447516  0.6452020  0.0017640 
10.9042499  0.6572300  0.0018440 
10.9637482  0.6690520  0.0022090 
11.0232563  0.6804070  0.0027030 
11.0827545  0.6926690  0.0024980 
11.1422627  0.7209520  0.0084940 
11.2017609  0.7571360  0.0031340 
11.2612592  0.7803490  0.0056510 
11.3207673  0.7816880  0.0032610 
11.3802656  0.7807880  0.0026150 
11.4397639  0.7820010  0.0031440 
11.4992720  0.7853880  0.0022880 
11.5587703  0.7886180  0.0099880 
11.6182686  0.7916560  0.0077620 
11.6777767  0.7994200  0.0045040 
11.7372750  0.8115140  0.0027980 
11.7967831  0.8217910  0.0025910 
11.8562814  0.8311990  0.0022830 
11.9157796  0.8443790  0.0037600 
11.9752878  0.8571110  0.0040140 
12.0347860  0.8694660  0.0028970 
12.0942843  0.8778650  0.0047730 
12.1537924  0.8850290  0.0058410 
12.2132907  0.9006570  0.0065490 
12.2727890  0.9220480  0.0062920 
12.3322971  0.9289870  0.0049830 
12.3917954  0.9323280  0.0066900 
12.4513035  0.9393040  0.0068470 
12.5108018  0.9447360  0.0080640 
12.5703000  0.9576570  0.0075910 
12.6298082  0.9713100  0.0034630 
12.6893064  0.9965650  0.0030960 
12.7488047  1.0702300  0.0050990 
12.8083128  1.1876110  0.0033880 
12.8678111  1.1259150  0.0043970 
12.9273094  1.0095120  0.0030540 
12.9868175  0.9903740  0.0047030 
13.0463158  1.0009800  0.0087760 
13.1058141  1.0091830  0.0092920 
13.1653222  1.0058300  0.0033070 
13.2248205  1.0089540  0.0146780 
13.2843286  1.0226860  0.0114890 
13.3438269  1.0358630  0.0126550 
13.4033251  1.0455350  0.0118690 
13.4628333  1.0602230  0.0123830 
13.5223315  1.0748990  0.0138950 
13.5818298  1.0898820  0.0437620 
13.6413379  1.0984410  0.0127720 
13.7008362  1.1119430  0.0171370 
13.7603345  1.1308600  0.0201290 
