5.2846994  0.3292106  0.0094000 
5.3148068  0.3347107  0.0077920 
5.3449242  0.3357681  0.0064460 
5.3750316  0.3418386  0.0059410 
5.4051390  0.3450109  0.0075480 
5.4352464  0.3409420  0.0081000 
5.4653539  0.3378085  0.0090950 
5.4954712  0.3357041  0.0083320 
5.5255787  0.3359945  0.0058360 
5.5556861  0.3416703  0.0051090 
5.5857935  0.3476127  0.0054520 
5.6159009  0.3616362  0.0101040 
5.6460183  0.3525498  0.0092980 
5.6761257  0.3546468  0.0106390 
5.7062332  0.3502235  0.0116920 
5.7363406  0.3502101  0.0130880 
5.7664480  0.3500835  0.0075920 
5.7965654  0.3525022  0.0147970 
5.8266728  0.3521879  0.0063080 
5.8567803  0.3497127  0.0042180 
5.8868877  0.3540987  0.0062020 
5.9169951  0.3529936  0.0053870 
5.9471125  0.3573663  0.0057070 
5.9772199  0.3597179  0.0082990 
6.0073273  0.3682265  0.0050320 
6.0374348  0.3776941  0.0058310 
6.0675422  0.3843812  0.0213570 
6.0976596  0.3997629  0.0185860 
6.1277670  0.4225495  0.0102380 
6.1578744  0.4618439  0.0086270 
6.1879818  0.5095008  0.0111200 
6.2180893  0.5390892  0.0079120 
6.2482066  0.5286192  0.0063720 
6.2783141  0.5085640  0.0068700 
6.3084215  0.4802087  0.0099860 
6.3385289  0.4585018  0.0092260 
6.3686363  0.4436548  0.0125500 
6.3987537  0.4274271  0.0292060 
6.4288612  0.4172878  0.0123190 
6.4589686  0.4039509  0.0111260 
6.4890760  0.3907793  0.0086920 
6.5191834  0.3911308  0.0098670 
6.5493008  0.3936954  0.0086790 
6.5794082  0.3878185  0.0106860 
6.6095157  0.3897963  0.0055280 
6.6396231  0.3911710  0.0056390 
6.6697305  0.3880866  0.0077020 
6.6998479  0.4011673  0.0083150 
6.7299553  0.4013356  0.0074200 
6.7600627  0.4098948  0.0258360 
6.7901702  0.4169899  0.0182260 
6.8202776  0.4236040  0.0073280 
6.8503950  0.4310387  0.0074320 
6.8805024  0.4429414  0.0066870 
6.9106098  0.4473438  0.0074240 
6.9407172  0.4482821  0.0078950 
6.9708247  0.4805260  0.0077620 
7.0009421  0.5021286  0.0149690 
7.0310495  0.4748501  0.0106600 
7.0611569  0.4624128  0.0086500 
7.0912643  0.4665114  0.0095760 
7.1213718  0.4767341  0.0225360 
7.1514891  0.4788951  0.0213670 
7.1815966  0.4749887  0.0119220 
7.2117040  0.4834272  0.0147070 
7.2418114  0.4840244  0.0118610 
7.2719188  0.4829416  0.0090390 
7.3020362  0.4977842  0.0093270 
7.3321436  0.5075959  0.0071570 
7.3622511  0.5224936  0.0140590 
7.3923585  0.5359392  0.0076630 
7.4224659  0.5493238  0.0178530 
7.4525833  0.5834606  0.0160190 
7.4224659  0.5389626  0.0079560 
7.4826907  0.5786471  0.0068720 
7.5429056  0.6232360  0.0313890 
7.6031204  0.6747725  0.0263420 
7.6633452  0.7061377  0.0260300 
7.7235601  0.6825617  0.0110290 
7.7837749  0.6698831  0.0060860 
7.8439997  0.6746772  0.0075400 
7.9042146  0.6618705  0.0150380 
7.9644394  0.6409128  0.0186860 
8.0246542  0.6341259  0.0153670 
8.0848691  0.6181455  0.0163100 
8.1450939  0.6022499  0.0227770 
8.2053087  0.5958384  0.0165760 
8.2655236  0.6145562  0.0154440 
8.3257484  0.6249993  0.0131830 
8.3859632  0.6295284  0.0108290 
8.4461781  0.6445229  0.0094320 
8.5064029  0.6678472  0.0058000 
8.5666178  0.6897596  0.0056400 
8.6268426  0.6966984  0.0058970 
8.6870574  0.6856372  0.0087310 
8.7472723  0.6602576  0.0066520 
8.8074971  0.6500200  0.0063320 
8.8677119  0.6380399  0.0090620 
8.9279268  0.6356733  0.0062280 
8.9881516  0.6400966  0.0070760 
9.0483664  0.6416768  0.0080130 
9.1085813  0.6273137  0.0076100 
9.1688061  0.6269623  0.0067900 
9.2290209  0.6340425  0.0050220 
9.2892457  0.6371656  0.0061520 
9.3494606  0.6438095  0.0051170 
9.4096754  0.6451097  0.0064460 
9.4699002  0.6528050  0.0132490 
9.5301151  0.6642058  0.0055970 
9.5903299  0.6685114  0.0058110 
9.6505547  0.6841300  0.0111270 
9.7107696  0.6950408  0.0070230 
9.7709844  0.6901871  0.0061880 
9.8312093  0.6929453  0.0059730 
9.8914241  0.6992079  0.0058650 
9.9516489  0.7088840  0.0044660 
10.0118638  0.7199840  0.0060010 
10.0720786  0.7224220  0.0060590 
10.1323034  0.7318986  0.0067000 
10.1925183  0.7411264  0.0052230 
10.2527331  0.7484732  0.0117830 
10.3129579  0.7569832  0.0132930 
10.3731728  0.7699955  0.0057720 
10.4333876  0.7979665  0.0122270 
10.4936124  0.8680823  0.0061600 
10.5538273  0.8757598  0.0063380 
10.6140521  0.8282623  0.0050550 
10.6742669  0.8304293  0.0097160 
10.7344818  0.8487584  0.0071880 
10.7947066  0.8499662  0.0071630 
10.8549214  0.8569348  0.0059130 
10.9151363  0.8763287  0.0060730 
10.9753611  0.9010173  0.0075470 
11.0355759  0.9313459  0.0066080 
11.0957908  0.9745720  0.0060350 
11.1560156  1.0922420  0.0083590 
11.2162305  1.2657319  0.0085150 
11.2764553  1.3162423  0.0123170 
11.3366701  1.2398906  0.0121990 
11.3968850  1.1799036  0.0076770 
11.4571098  1.1186864  0.0130840 
11.5173246  1.0801517  0.0091050 
11.5775395  1.0601381  0.0094630 
11.6377643  1.0442753  0.0080050 
11.6979791  1.0357773  0.0071040 
11.7581940  1.0253118  0.0099110 
11.8184188  1.0196032  0.0066720 
11.8786336  1.0562004  0.0070330 
11.9388584  1.0850679  0.0090440 
11.9990733  1.1015131  0.0080970 
12.0592881  1.1005927  0.0083200 
12.1195129  1.0972044  0.0071280 
12.1797278  1.1025571  0.0081740 
12.2399426  1.1211632  0.0067500 
12.3001674  1.1503301  0.0178570 
12.3603823  1.1640885  0.0192010 
12.4205971  1.1760507  0.0097010 
12.4808219  1.1953911  0.0073940 
12.5410368  1.2229347  0.0093260 
12.6012616  1.2477930  0.0145390 
12.6614765  1.2568391  0.0126560 
12.7216913  1.2947484  0.0125090 
12.7819161  1.4344276  0.0157430 
12.8421310  1.5297488  0.0125530 
12.9023458  1.2856605  0.0155930 
12.9625706  1.1626185  0.0173740 
13.0227855  1.1460975  0.0122260 
13.0830003  1.1486382  0.0124210 
13.1432251  1.1640111  0.0178490 
13.2034400  1.1670016  0.0178570 
13.2636548  1.1710987  0.0182810 
13.3238796  1.1584335  0.0114720 
13.3840945  1.1570202  0.0109200 
13.4443193  1.1687322  0.0111420 
13.5045341  1.1728710  0.0120400 
13.5647490  1.1836910  0.0102480 
13.6249738  1.2022182  0.0114640 
13.6851886  1.2029092  0.0091740 
13.7454035  1.2008212  0.0108080 
13.8056283  1.2041543  0.0177130 
13.8658431  1.2057896  0.0170410 
13.9260580  1.2207960  0.0139770 
