4.7874190  0.0067821  0.0026070 
4.8150078  0.0067856  0.0009060 
4.8425965  0.0074640  0.0010640 
4.8701852  0.0082893  0.0011820 
4.8977830  0.0075983  0.0013700 
4.9253718  0.0090292  0.0009500 
4.9529605  0.0084760  0.0011230 
4.9805492  0.0084828  0.0012370 
5.0081379  0.0067116  0.0011890 
5.0357358  0.0088710  0.0009110 
5.0633245  0.0083314  0.0012730 
5.0909132  0.0091567  0.0008930 
5.1185020  0.0086866  0.0009620 
5.1460907  0.0086763  0.0011370 
5.1736885  0.0101163  0.0012730 
5.2012773  0.0096336  0.0007120 
5.2288660  0.0099455  0.0023010 
5.2564547  0.0100776  0.0018320 
5.2840434  0.0097133  0.0014170 
5.3116413  0.0116565  0.0014060 
5.3392300  0.0106923  0.0007000 
5.3668187  0.0109040  0.0007700 
5.3944074  0.0117145  0.0020650 
5.4219962  0.0118113  0.0010430 
5.4495940  0.0128141  0.0009520 
5.4771827  0.0138819  0.0013740 
5.5047715  0.0137077  0.0011340 
5.5323602  0.0136212  0.0019530 
5.5599489  0.0130691  0.0011120 
5.5875468  0.0157294  0.0008730 
5.6151355  0.0164499  0.0015250 
5.6427242  0.0137589  0.0009780 
5.6703129  0.0127857  0.0014510 
5.6979017  0.0128517  0.0012500 
5.7254995  0.0127652  0.0014850 
5.7530882  0.0120867  0.0010370 
5.7806769  0.0105591  0.0012840 
5.8082657  0.0108573  0.0040360 
5.8358544  0.0111510  0.0037060 
5.8634522  0.0114322  0.0016580 
5.8910410  0.0105830  0.0011400 
5.9186297  0.0111499  0.0018730 
5.9462184  0.0108118  0.0010300 
5.9738071  0.0107834  0.0014390 
6.0014050  0.0119752  0.0010970 
6.0289937  0.0109575  0.0013040 
6.0565824  0.0130498  0.0020660 
6.0841712  0.0131033  0.0009720 
6.1117599  0.0136906  0.0010760 
6.1393577  0.0139604  0.0015760 
6.1669464  0.0127424  0.0011100 
6.1945352  0.0141949  0.0014800 
6.2221239  0.0169906  0.0013240 
6.2497126  0.0165023  0.0012950 
6.2773105  0.0173014  0.0014660 
6.3048992  0.0173595  0.0015790 
6.3324879  0.0166400  0.0019270 
6.3600766  0.0155313  0.0015660 
6.3876654  0.0179855  0.0022670 
6.4152632  0.0186708  0.0015030 
6.4428519  0.0182257  0.0012980 
6.4704407  0.0177966  0.0021020 
6.4980294  0.0181722  0.0011860 
6.5256181  0.0192366  0.0022780 
6.5532159  0.0196805  0.0019080 
6.5808047  0.0196429  0.0013470 
6.6083934  0.0193106  0.0032180 
6.6359821  0.0198695  0.0030600 
6.6635708  0.0208780  0.0017590 
6.6911687  0.0189702  0.0019630 
6.7187574  0.0195507  0.0018600 
6.7463461  0.0201131  0.0022910 
6.7739349  0.0200448  0.0052170 
6.8015236  0.0199457  0.0041780 
6.8291214  0.0205957  0.0018950 
6.8015236  0.0195883  0.0015570 
6.8567102  0.0201723  0.0013420 
6.9118876  0.0216885  0.0015480 
6.9670650  0.0232742  0.0010220 
7.0222516  0.0241211  0.0012780 
7.0774291  0.0243807  0.0009980 
7.1326065  0.0241462  0.0017650 
7.1877931  0.0235759  0.0011660 
7.2429705  0.0272629  0.0011530 
7.2981571  0.0292049  0.0010760 
7.3533345  0.0283693  0.0007410 
7.4085120  0.0295418  0.0012420 
7.4636986  0.0324377  0.0007930 
7.5188760  0.0333620  0.0008770 
7.5740535  0.0372881  0.0013680 
7.6292400  0.0499907  0.0009970 
7.6844175  0.0497004  0.0009880 
7.7395949  0.0383024  0.0058380 
7.7947815  0.0387201  0.0031620 
7.8499589  0.0401203  0.0008610 
7.9051455  0.0406667  0.0010420 
7.9603230  0.0412381  0.0015490 
8.0155004  0.0391425  0.0009000 
8.0706870  0.0389524  0.0011010 
8.1258644  0.0379381  0.0007480 
8.1810419  0.0369546  0.0009160 
8.2362284  0.0380132  0.0010610 
8.2914059  0.0368715  0.0010630 
8.3465833  0.0365960  0.0012050 
8.4017699  0.0358117  0.0011430 
8.4569474  0.0352027  0.0022040 
8.5121339  0.0344412  0.0009920 
8.5673114  0.0347189  0.0010850 
8.6224888  0.0344651  0.0008250 
8.6776754  0.0338697  0.0010270 
8.7328528  0.0322317  0.0012210 
8.7880303  0.0308315  0.0008070 
8.8432169  0.0296010  0.0010080 
8.8983943  0.0308919  0.0008230 
8.9535718  0.0335032  0.0007790 
9.0087583  0.0320689  0.0009910 
9.0639358  0.0285925  0.0013880 
9.1191223  0.0275224  0.0039130 
9.1742998  0.0269180  0.0009660 
9.2294772  0.0268258  0.0006550 
9.2846638  0.0259550  0.0010520 
9.3398413  0.0261747  0.0007760 
9.3950187  0.0260346  0.0006660 
9.4502053  0.0267256  0.0011700 
9.5053827  0.0272982  0.0008100 
9.5605602  0.0273096  0.0012340 
9.6157467  0.0279277  0.0009550 
9.6709242  0.0289431  0.0009130 
9.7261108  0.0275167  0.0011290 
9.7812882  0.0285629  0.0021580 
9.8364657  0.0281508  0.0009440 
9.8916522  0.0304866  0.0011740 
9.9468297  0.0307006  0.0030480 
10.0020071  0.0315054  0.0012810 
10.0571937  0.0325094  0.0042190 
10.1123711  0.0332562  0.0014950 
10.1675486  0.0344480  0.0011430 
10.2227352  0.0359882  0.0014430 
10.2779126  0.0355010  0.0013780 
10.3330992  0.0382557  0.0012590 
10.3882766  0.0385016  0.0016400 
10.4434541  0.0494193  0.0011510 
10.4986406  0.0717748  0.0014050 
10.5538181  0.0589789  0.0041160 
10.6089955  0.0461113  0.0013850 
10.6641821  0.0442422  0.0038170 
10.7193595  0.0463412  0.0037240 
10.7745370  0.0476617  0.0014300 
10.8297236  0.0451619  0.0016310 
10.8849010  0.0459235  0.0017190 
10.9400876  0.0476480  0.0009400 
10.9952650  0.0507158  0.0022040 
11.0504425  0.0506646  0.0014550 
11.1056290  0.0525531  0.0010440 
11.1608065  0.0585964  0.0015730 
11.2159839  0.0642812  0.0014800 
11.2711705  0.0674412  0.0013490 
11.3263480  0.0675255  0.0011300 
11.3815254  0.0682916  0.0012590 
11.4367120  0.0708972  0.0017130 
11.4918894  0.0707128  0.0014590 
11.5470760  0.0708323  0.0015560 
11.6022534  0.0739752  0.0050310 
11.6574309  0.0756838  0.0009950 
11.7126175  0.0786936  0.0013530 
11.7677949  0.0810101  0.0012980 
11.8229724  0.0822008  0.0010410 
11.8781589  0.0842361  0.0048990 
11.9333364  0.0859493  0.0014260 
11.9885138  0.0877933  0.0032590 
12.0437004  0.0914132  0.0013870 
12.0988778  0.0932755  0.0054760 
12.1540553  0.0947861  0.0013470 
12.2092419  0.0983331  0.0015940 
12.2644193  0.1005062  0.0018860 
12.3196059  0.1031300  0.0063140 
12.3747833  0.1056582  0.0013650 
12.4299608  0.1092246  0.0015810 
12.4851473  0.1091654  0.0051360 
12.5403248  0.1097004  0.0015060 
12.5955022  0.1147398  0.0048950 
12.6506888  0.1181980  0.0024270 
12.7058663  0.1215356  0.0021700 
12.7610437  0.1237280  0.0050520 
