5.1986229  0.0493184  0.0034250 
5.2285813  0.0508209  0.0034020 
5.2585397  0.0556033  0.0031430 
5.2884981  0.0520743  0.0032370 
5.3184664  0.0538223  0.0025580 
5.3484248  0.0573701  0.0027590 
5.3783832  0.0542165  0.0025410 
5.4083416  0.0575885  0.0022510 
5.4383000  0.0599101  0.0025620 
5.4682683  0.0587050  0.0054960 
5.4982267  0.0633139  0.0023860 
5.5281851  0.0588726  0.0020560 
5.5581435  0.0598865  0.0051210 
5.5881018  0.0683596  0.0023480 
5.6180701  0.0659766  0.0018540 
5.6480285  0.0582624  0.0018320 
5.6779869  0.0614267  0.0022510 
5.7079453  0.0607563  0.0025720 
5.7379037  0.0601520  0.0020870 
5.7678720  0.0610136  0.0024550 
5.7978304  0.0631086  0.0021600 
5.8277888  0.0644187  0.0032860 
5.8577472  0.0640528  0.0025910 
5.8877056  0.0659105  0.0033690 
5.9176739  0.0669704  0.0030470 
5.9476323  0.0677081  0.0023510 
5.9775906  0.0689568  0.0047080 
6.0075490  0.0702267  0.0024460 
6.0375074  0.0724940  0.0031970 
6.0674757  0.0722721  0.0041170 
6.0974341  0.0738324  0.0030500 
6.1273925  0.0742148  0.0040230 
6.1573509  0.0763169  0.0023770 
6.1873093  0.0767158  0.0037650 
6.2172776  0.0766261  0.0065150 
6.2472360  0.0782561  0.0025740 
6.2771944  0.0776671  0.0048110 
6.3071528  0.0778323  0.0027550 
6.3371112  0.0786597  0.0044190 
6.3670795  0.0780389  0.0043560 
6.3970378  0.0770852  0.0025230 
6.4269962  0.0774735  0.0022580 
6.4569546  0.0787411  0.0027750 
6.4869130  0.0787813  0.0027820 
6.5168813  0.0795992  0.0025680 
6.5468397  0.0811052  0.0029960 
6.5767981  0.0815313  0.0035980 
6.6067565  0.0845964  0.0039410 
6.6367149  0.0854391  0.0035180 
6.6666832  0.0856905  0.0036640 
6.6966416  0.0851582  0.0037550 
6.7266000  0.0852467  0.0031190 
6.7565584  0.0860588  0.0034930 
6.7865167  0.0889575  0.0043770 
6.8164850  0.0899560  0.0071060 
6.8464434  0.0907220  0.0043920 
6.8764018  0.0958915  0.0046480 
6.9063602  0.0979050  0.0032440 
6.9363186  0.0949922  0.0035460 
6.9662869  0.1048190  0.0047150 
6.9962453  0.1006621  0.0037660 
7.0262037  0.0963082  0.0052000 
7.0561621  0.1000685  0.0041550 
7.0861205  0.1035420  0.0041490 
7.1160888  0.1022968  0.0029890 
7.1460472  0.1046432  0.0040720 
7.1760055  0.1054882  0.0047350 
7.2059639  0.1064006  0.0048510 
7.2359223  0.1063132  0.0055670 
7.2658906  0.1071028  0.0053830 
7.2958490  0.1104678  0.0060290 
7.3258074  0.1118852  0.0052720 
7.3557658  0.1132083  0.0047760 
7.3857242  0.1128708  0.0040950 
7.4156925  0.1163112  0.0054490 
7.3857242  0.1081710  0.0036650 
7.4456509  0.1119301  0.0042720 
7.5055677  0.1159017  0.0048420 
7.5654844  0.1291808  0.0091150 
7.6254111  0.1910737  0.0060360 
7.6853279  0.1513650  0.0033820 
7.7452447  0.1231827  0.0033400 
7.8051714  0.1306278  0.0042260 
7.8650882  0.1325729  0.0047710 
7.9250149  0.1308792  0.0045380 
7.9849316  0.1315449  0.0025050 
8.0448484  0.1294263  0.0023790 
8.1047751  0.1275733  0.0032430 
8.1646919  0.1292599  0.0046960 
8.2246087  0.1300813  0.0038730 
8.2845354  0.1321220  0.0032390 
8.3444521  0.1343067  0.0084180 
8.4043689  0.1346183  0.0088190 
8.4642956  0.1341367  0.0083260 
8.5242124  0.1363804  0.0024780 
8.5841391  0.1384860  0.0031480 
8.6440559  0.1388058  0.0023930 
8.7039727  0.1379702  0.0025170 
8.7638993  0.1385344  0.0020680 
8.8238161  0.1372408  0.0023090 
8.8837329  0.1391611  0.0025160 
8.9436596  0.1519858  0.0078840 
9.0035764  0.1582766  0.0053420 
9.0634932  0.1451368  0.0045450 
9.1234199  0.1428777  0.0054920 
9.1833366  0.1479304  0.0042860 
9.2432633  0.1452182  0.0022990 
9.3031801  0.1482904  0.0029680 
9.3630969  0.1507749  0.0024240 
9.4230236  0.1542932  0.0029300 
9.4829404  0.1670400  0.0025930 
9.5428571  0.1663744  0.0035970 
9.6027838  0.1698597  0.0027560 
9.6627006  0.1757067  0.0027410 
9.7226174  0.1733226  0.0049780 
9.7825441  0.1718260  0.0033250 
9.8424609  0.1743848  0.0031310 
9.9023876  0.1768516  0.0064910 
9.9623043  0.1816741  0.0029070 
10.0222211  0.1883579  0.0077460 
10.0821478  0.1907952  0.0026800 
10.1420646  0.1950181  0.0038830 
10.2019814  0.1990889  0.0037830 
10.2619081  0.2025010  0.0032590 
10.3218248  0.2062873  0.0057510 
10.3817416  0.2117483  0.0225180 
10.4416683  0.2856150  0.0045090 
10.5015851  0.3416302  0.0116300 
10.5615118  0.2566962  0.0056930 
10.6214286  0.2236289  0.0054730 
10.6813454  0.2344141  0.0037730 
10.7412720  0.2345180  0.0039750 
10.8011888  0.2380198  0.0041220 
10.8611056  0.2400923  0.0032160 
10.9210323  0.2441300  0.0030030 
10.9809491  0.2535402  0.0050380 
11.0408659  0.2545340  0.0042680 
11.1007926  0.2630319  0.0045820 
11.1607093  0.2797999  0.0067270 
11.2206360  0.2971119  0.0063870 
11.2805528  0.2946180  0.0042340 
11.3404696  0.2920321  0.0041300 
11.4003963  0.2907031  0.0040980 
11.4603131  0.2916414  0.0044310 
11.5202298  0.2928689  0.0060680 
11.5801565  0.2966894  0.0086270 
11.6400733  0.2977493  0.0038710 
11.6999901  0.2971816  0.0045680 
11.7599168  0.2972323  0.0060220 
11.8198336  0.3044142  0.0041150 
11.8797603  0.3106967  0.0116190 
11.9396770  0.3170359  0.0061730 
11.9995938  0.3178491  0.0037810 
12.0595205  0.3222562  0.0041180 
12.1194373  0.3261003  0.0036750 
12.1793541  0.3314941  0.0133490 
12.2392808  0.3444027  0.0042630 
12.2991975  0.3460586  0.0052690 
12.3591143  0.3453752  0.0070200 
12.4190410  0.3445360  0.0039990 
12.4789578  0.3487200  0.0049970 
12.5388845  0.3564826  0.0099670 
12.5988013  0.3620251  0.0057960 
12.6587181  0.3657276  0.0048720 
12.7186447  0.3854474  0.0058910 
12.7785615  0.4225489  0.0055670 
12.8384783  0.4101538  0.0061880 
12.8984050  0.3754069  0.0065520 
12.9583218  0.3745548  0.0061930 
13.0182386  0.3801646  0.0061910 
13.0781652  0.3875849  0.0063060 
13.1380820  0.3877643  0.0052460 
13.1979988  0.3829748  0.0060410 
13.2579255  0.3869534  0.0065700 
13.3178423  0.3891239  0.0058020 
13.3777690  0.3930259  0.0059120 
13.4376858  0.3999564  0.0101090 
13.4976025  0.4066532  0.0058650 
13.5575292  0.4102648  0.0065690 
13.6174460  0.4136864  0.0076720 
13.6773628  0.4187768  0.0070530 
13.7372895  0.4253580  0.0058460 
13.7972063  0.4281753  0.0065480 
13.8571230  0.4329140  0.0066990 
