5.2036751  0.0993330  0.0045410 
5.2336626  0.0986400  0.0039070 
5.2636501  0.1053436  0.0040360 
5.2936376  0.1046494  0.0034820 
5.3236350  0.1116372  0.0034420 
5.3536225  0.1152485  0.0067040 
5.3836100  0.1069925  0.0036100 
5.4135975  0.1132547  0.0054710 
5.4435850  0.1165941  0.0032840 
5.4735824  0.1154832  0.0065320 
5.5035699  0.1291701  0.0052010 
5.5335574  0.1215960  0.0030310 
5.5635450  0.1130267  0.0032950 
5.5935325  0.1341102  0.0028450 
5.6235299  0.1361040  0.0034380 
5.6535174  0.1203986  0.0052020 
5.6835049  0.1219891  0.0075680 
5.7134924  0.1230124  0.0042310 
5.7434799  0.1223587  0.0032740 
5.7734773  0.1210759  0.0036080 
5.8034648  0.1214421  0.0035590 
5.8334523  0.1191349  0.0031260 
5.8634398  0.1212062  0.0026700 
5.8934273  0.1241492  0.0034740 
5.9234248  0.1241671  0.0029880 
5.9534123  0.1265844  0.0068040 
5.9833998  0.1295891  0.0083030 
6.0133873  0.1324804  0.0030460 
6.0433748  0.1361152  0.0039330 
6.0733722  0.1385886  0.0031150 
6.1033597  0.1463414  0.0035010 
6.1333472  0.1518431  0.0031510 
6.1633347  0.1610291  0.0038070 
6.1933222  0.1687009  0.0046280 
6.2233196  0.1680079  0.0048190 
6.2533072  0.1632981  0.0048180 
6.2832947  0.1566720  0.0048410 
6.3132822  0.1539424  0.0055160 
6.3432697  0.1568562  0.0041640 
6.3732671  0.1564799  0.0048740 
6.4032546  0.1532134  0.0035170 
6.4332421  0.1523474  0.0040740 
6.4632296  0.1507445  0.0042490 
6.4932171  0.1559666  0.0078200 
6.5232145  0.1520924  0.0033740 
6.5532020  0.1541323  0.0039000 
6.5831895  0.1554712  0.0050490 
6.6131770  0.1569022  0.0040760 
6.6431646  0.1571931  0.0049980 
6.6731620  0.1589027  0.0047180 
6.7031495  0.1645494  0.0117760 
6.7331370  0.1661601  0.0117280 
6.7631245  0.1689761  0.0093570 
6.7931120  0.1718427  0.0044760 
6.8231094  0.1684841  0.0048990 
6.8530969  0.1721796  0.0045620 
6.8830844  0.1959006  0.0046690 
6.9130719  0.2144759  0.0070340 
6.9430594  0.2028221  0.0050030 
6.9730569  0.2569418  0.0081940 
7.0030444  0.2478041  0.0086030 
7.0330319  0.1952480  0.0076700 
7.0630194  0.1984998  0.0089940 
7.0930069  0.2094100  0.0179860 
7.1230043  0.2114487  0.0204160 
7.1529918  0.2127371  0.0147290 
7.1829793  0.2145602  0.0076890 
7.2129668  0.2128562  0.0089490 
7.2429543  0.2119138  0.0093740 
7.2729517  0.2149129  0.0085670 
7.3029393  0.2182759  0.0068610 
7.3329268  0.2211413  0.0077660 
7.3629143  0.2212469  0.0073390 
7.3929018  0.2231935  0.0051910 
7.4228992  0.2279303  0.0084720 
7.3929018  0.2192194  0.0046530 
7.4528867  0.2287491  0.0054140 
7.5128617  0.2326176  0.0052520 
7.5728367  0.2590299  0.0195520 
7.6328216  0.3242272  0.0056210 
7.6927967  0.2952494  0.0075540 
7.7527717  0.2536405  0.0073290 
7.8127566  0.2630456  0.0072090 
7.8727316  0.2580235  0.0073500 
7.9327165  0.2540045  0.0177220 
7.9926915  0.2529756  0.0085500 
8.0526665  0.2449589  0.0041950 
8.1126515  0.2356224  0.0048170 
8.1726265  0.2328333  0.0044370 
8.2326015  0.2347350  0.0040170 
8.2925864  0.2338397  0.0050630 
8.3525614  0.2359245  0.0069690 
8.4125364  0.1937147  0.0726210 
8.4725214  0.2230890  0.0036120 
8.5324964  0.2233204  0.0040710 
8.5924813  0.2234294  0.0047540 
8.6524563  0.2165101  0.0103330 
8.7124313  0.2100132  0.0040350 
8.7724163  0.2010822  0.0032690 
8.8323913  0.1928364  0.0034020 
8.8923663  0.1885433  0.0031790 
8.9523512  0.2026020  0.0041000 
9.0123262  0.2036825  0.0035660 
9.0723012  0.1729300  0.0040600 
9.1322862  0.1621433  0.0024450 
9.1922612  0.1592745  0.0033300 
9.2522461  0.1544827  0.0027140 
9.3122211  0.1515668  0.0023180 
9.3721961  0.1480105  0.0024850 
9.4321810  0.1481217  0.0028090 
9.4921560  0.1523586  0.0037420 
9.5521311  0.1516195  0.0100830 
9.6121160  0.1561418  0.0031900 
9.6720910  0.1647089  0.0039930 
9.7320660  0.1517790  0.0070610 
9.7920509  0.1429626  0.0031010 
9.8520259  0.1429559  0.0027400 
9.9120109  0.1443397  0.0031130 
9.9719859  0.1512163  0.0029380 
10.0319609  0.1624590  0.0105900 
10.0919458  0.1652256  0.0078760 
10.1519208  0.1703577  0.0037640 
10.2118958  0.1772545  0.0035290 
10.2718808  0.1859800  0.0034120 
10.3318558  0.1930150  0.0035710 
10.3918308  0.2038825  0.0098500 
10.4518157  0.2840842  0.0040720 
10.5117907  0.3620922  0.0049330 
10.5717756  0.2751779  0.0086160 
10.6317507  0.2234294  0.0040460 
10.6917257  0.2310709  0.0043780 
10.7517106  0.2351573  0.0051790 
10.8116856  0.2387664  0.0041480 
10.8716606  0.2422889  0.0055230 
10.9316455  0.2501461  0.0048420 
10.9916206  0.2591984  0.0068820 
11.0515956  0.2659514  0.0077140 
11.1115805  0.2893601  0.0050690 
11.1715555  0.3440010  0.0059460 
11.2315404  0.3878541  0.0100750 
11.2915154  0.3895772  0.0069300 
11.3514905  0.3861097  0.0142590 
11.4114754  0.3859917  0.0062410 
11.4714504  0.3875755  0.0070770 
11.5314254  0.3884561  0.0065670 
11.5914103  0.3891571  0.0052740 
11.6513853  0.3905903  0.0049340 
11.7113603  0.3979656  0.0054870 
11.7713453  0.4043828  0.0067950 
11.8313203  0.4168600  0.0122570 
11.8913052  0.4309220  0.0124230 
11.9512802  0.4425320  0.0147570 
12.0112552  0.4525133  0.0137000 
12.0712402  0.4636897  0.0084650 
12.1312152  0.4712234  0.0053090 
12.1911902  0.4861211  0.0054920 
12.2511751  0.5170242  0.0078470 
12.3111501  0.5262506  0.0073690 
12.3711251  0.5146991  0.0078610 
12.4311101  0.5156190  0.0077030 
12.4910851  0.5283803  0.0158460 
12.5510700  0.5387356  0.0080460 
12.6110450  0.5486113  0.0059970 
12.6710200  0.5638067  0.0104490 
12.7310049  0.6385651  0.0090580 
12.7909799  0.8486244  0.0162370 
12.8509550  0.8466284  0.0098500 
12.9109399  0.5915389  0.0123330 
12.9709149  0.5656444  0.0077290 
13.0308899  0.5789011  0.0117910 
13.0908748  0.5942156  0.0209820 
13.1508498  0.5895091  0.0215540 
13.2108249  0.5812116  0.0091250 
13.2708098  0.5859540  0.0084960 
13.3307848  0.5916703  0.0081170 
13.3907697  0.5916703  0.0082980 
13.4507447  0.6082372  0.0082550 
13.5107197  0.6153384  0.0094760 
13.5707047  0.6266777  0.0082150 
13.6306797  0.6284749  0.0181980 
13.6906547  0.6362760  0.0080040 
13.7506396  0.6426302  0.0237950 
13.8106146  0.6510086  0.0143170 
13.8705896  0.6629960  0.0080510 
