5.2073931  0.0828523  0.0061290 
5.2374020  0.0855481  0.0038250 
5.2674109  0.0840045  0.0039690 
5.2974199  0.0843551  0.0041800 
5.3274387  0.0974481  0.0036460 
5.3574477  0.1080989  0.0045830 
5.3874566  0.0862442  0.0047490 
5.4174655  0.0846989  0.0036570 
5.4474744  0.0895800  0.0040960 
5.4774933  0.0920121  0.0038590 
5.5075022  0.1015021  0.0056630 
5.5375112  0.0969903  0.0030980 
5.5675201  0.0832182  0.0038110 
5.5975290  0.0913432  0.0050110 
5.6275479  0.1014051  0.0033040 
5.6575568  0.0940340  0.0024870 
5.6875657  0.0909705  0.0030050 
5.7175747  0.0923933  0.0045620 
5.7475836  0.0964338  0.0054980 
5.7776025  0.0956866  0.0038470 
5.8076114  0.0957938  0.0062230 
5.8376203  0.1000180  0.0061070 
5.8676293  0.1011890  0.0030210 
5.8976382  0.1046167  0.0042880 
5.9276570  0.1052413  0.0053890 
5.9576660  0.1137068  0.0053230 
5.9876749  0.1145560  0.0044430 
6.0176838  0.1139723  0.0049160 
6.0476928  0.1136829  0.0045790 
6.0777116  0.1229126  0.0033080 
6.1077206  0.1281460  0.0039910 
6.1377295  0.1330153  0.0033030 
6.1677384  0.1465849  0.0049370 
6.1977473  0.1548461  0.0058660 
6.2277662  0.1569361  0.0051800 
6.2577751  0.1517418  0.0046230 
6.2877841  0.1469253  0.0056150 
6.3177930  0.1363902  0.0036680 
6.3478019  0.1311670  0.0054940 
6.3778208  0.1271010  0.0043740 
6.4078297  0.1224241  0.0050220 
6.4378386  0.1286260  0.0049790 
6.4678476  0.1241839  0.0045720 
6.4978565  0.1267760  0.0050390 
6.5278754  0.1265360  0.0061950 
6.5578843  0.1318086  0.0104150 
6.5878932  0.1302803  0.0065150 
6.6179022  0.1318699  0.0156430 
6.6479111  0.1383390  0.0052450 
6.6779299  0.1359869  0.0060830 
6.7079389  0.1451263  0.0046590 
6.7379478  0.1487651  0.0057940 
6.7679567  0.1472384  0.0053620 
6.7979657  0.1447723  0.0059320 
6.8279845  0.1434278  0.0079800 
6.8579935  0.1484145  0.0093420 
6.8880024  0.1513384  0.0103340 
6.9180113  0.1897070  0.0048400 
6.9480202  0.1621338  0.0158340 
6.9780391  0.1889837  0.0132540 
7.0080480  0.2026894  0.0047900 
7.0380570  0.1547457  0.0060020 
7.0680659  0.1477490  0.0066300 
7.0980748  0.1614445  0.0054580 
7.1280937  0.1688497  0.0045370 
7.1581026  0.1683221  0.0058890 
7.1881115  0.1726706  0.0076170 
7.2181205  0.1833894  0.0112280 
7.2481294  0.1844650  0.0087980 
7.2781483  0.1887982  0.0118960 
7.3081572  0.1900984  0.0102540 
7.3381661  0.1991817  0.0096460 
7.3681751  0.2081356  0.0110320 
7.3981840  0.2085322  0.0103220 
7.4282028  0.2219690  0.0089860 
7.3981840  0.1968007  0.0109930 
7.4582118  0.2131751  0.0093910 
7.5182296  0.2283564  0.0092880 
7.5782475  0.2485074  0.0113910 
7.6382753  0.2841188  0.0071130 
7.6982931  0.2935255  0.0080280 
7.7583110  0.2523453  0.0058550 
7.8183388  0.2545357  0.0099900 
7.8783567  0.2389646  0.0106180 
7.9383844  0.2263260  0.0092190 
7.9984023  0.2214227  0.0079310 
8.0584202  0.2194042  0.0086850 
8.1184480  0.2049087  0.0070670 
8.1784658  0.2025822  0.0057050 
8.2384837  0.2010470  0.0034870 
8.2985115  0.1966016  0.0040300 
8.3585293  0.2042960  0.0046780 
8.4185472  0.1807003  0.0255980 
8.4785750  0.1819070  0.0074620 
8.5385928  0.1839153  0.0070100 
8.5986206  0.1923246  0.0085970 
8.6586385  0.1799174  0.0114480 
8.7186563  0.1719830  0.0070640 
8.7786841  0.1664602  0.0069490 
8.8387020  0.1642527  0.0160000 
8.8987199  0.1558452  0.0069310 
8.9587476  0.1617407  0.0161480 
9.0187655  0.1739708  0.0118910 
9.0787834  0.1567795  0.0067600 
9.1388112  0.1533944  0.0096590 
9.1988290  0.1508414  0.0041550 
9.2588568  0.1549176  0.0035560 
9.3188747  0.1557771  0.0069840 
9.3788925  0.1613050  0.0159070 
9.4389203  0.1598719  0.0086140 
9.4989382  0.1676873  0.0066910 
9.5589560  0.1697790  0.0071130 
9.6189838  0.1764608  0.0070360 
9.6790017  0.1971309  0.0137560 
9.7390195  0.1899453  0.0085570 
9.7990473  0.1795226  0.0162900 
9.8590652  0.1841774  0.0146400 
9.9190930  0.1850352  0.0150680 
9.9791108  0.1844939  0.0071600 
10.0391287  0.1918940  0.0090080 
10.0991565  0.1966850  0.0092550 
10.1591744  0.2022061  0.0087340 
10.2191922  0.2056202  0.0239390 
10.2792200  0.2097797  0.0093510 
10.3392379  0.2140550  0.0183990 
10.3992557  0.2189225  0.0195920 
10.4592835  0.2488137  0.0144840 
10.5193014  0.3147504  0.0173020 
10.5793292  0.2961414  0.0103980 
10.6393470  0.2436126  0.0120210 
10.6993649  0.2511931  0.0100020 
10.7593927  0.2596500  0.0100150 
10.8194105  0.2614643  0.0134660 
10.8794284  0.2662927  0.0132900 
10.9394562  0.2720453  0.0100310 
10.9994740  0.2815727  0.0126580 
11.0594919  0.2930098  0.0100500 
11.1195197  0.3121703  0.0260420 
11.1795376  0.3865638  0.0116580 
11.2395653  0.4384118  0.0214590 
11.2995832  0.4303395  0.0216410 
11.3596011  0.4064868  0.0247470 
11.4196289  0.3879697  0.0256100 
11.4796467  0.3616100  0.0143550 
11.5396646  0.3561638  0.0344590 
11.5996924  0.3506886  0.0243640 
11.6597102  0.3476387  0.0178040 
11.7197281  0.3458415  0.0137590 
11.7797559  0.3438791  0.0165070 
11.8397737  0.3577857  0.0140600 
11.8998015  0.3758263  0.0362150 
11.9598194  0.3814478  0.0258150 
12.0198373  0.3884751  0.0144710 
12.0798650  0.3848959  0.0171770 
12.1398829  0.3918348  0.0185770 
12.1999008  0.3961696  0.0303720 
12.2599286  0.4132197  0.0283630 
12.3199464  0.4234722  0.0205570 
12.3799643  0.4191629  0.0186360 
12.4399921  0.4171443  0.0153590 
12.5000099  0.4303106  0.0136600 
12.5600377  0.4468092  0.0142380 
12.6200556  0.4548560  0.0141410 
12.6800734  0.4645502  0.0136790 
12.7401012  0.5229932  0.0205290 
12.8001191  0.6556239  0.0252900 
12.8601369  0.6651310  0.0243210 
12.9201647  0.4688425  0.0257290 
12.9801826  0.4418412  0.0155510 
13.0402005  0.4482916  0.0185570 
13.1002282  0.4578003  0.0378440 
13.1602461  0.4550075  0.0364310 
13.2202640  0.4435840  0.0080310 
13.2802918  0.4499731  0.0156250 
13.3403096  0.4582292  0.0159300 
13.4003374  0.4622067  0.0295270 
13.4603553  0.4793657  0.0456610 
13.5203731  0.4808038  0.0314200 
13.5804009  0.4886566  0.0153840 
13.6404188  0.4923123  0.0279670 
13.7004366  0.4947053  0.0169730 
13.7604644  0.5011794  0.0315080 
13.8204823  0.5079532  0.0222500 
13.8805001  0.5150690  0.0147860 
