5.1934778  0.0396532  0.0072320 
5.2234066  0.0426024  0.0058670 
5.2533353  0.0441827  0.0042580 
5.2832641  0.0409623  0.0021340 
5.3132027  0.0452676  0.0027220 
5.3431314  0.0494535  0.0029010 
5.3730602  0.0467756  0.0023840 
5.4029889  0.0452025  0.0021780 
5.4329177  0.0469854  0.0020050 
5.4628563  0.0531729  0.0020960 
5.4927850  0.0629190  0.0035120 
5.5227138  0.0551674  0.0023860 
5.5526425  0.0520211  0.0023380 
5.5825713  0.0656204  0.0024820 
5.6125099  0.0627671  0.0018460 
5.6424386  0.0527589  0.0018540 
5.6723674  0.0519126  0.0020980 
5.7022961  0.0501696  0.0026880 
5.7322249  0.0471481  0.0019120 
5.7621635  0.0461681  0.0015370 
5.7920922  0.0472168  0.0020570 
5.8220210  0.0460505  0.0015780 
5.8519497  0.0432605  0.0017590 
5.8818785  0.0413312  0.0020830 
5.9118171  0.0406441  0.0018000 
5.9417458  0.0442713  0.0024850 
5.9716746  0.0469022  0.0021620 
6.0016033  0.0487592  0.0044160 
6.0315321  0.0512056  0.0028230 
6.0614707  0.0600133  0.0019410 
6.0913994  0.0650165  0.0018970 
6.1213282  0.0704934  0.0028780 
6.1512569  0.0844815  0.0026760 
6.1811857  0.0947085  0.0032180 
6.2111243  0.0968403  0.0031730 
6.2410530  0.0910632  0.0022560 
6.2709818  0.0831054  0.0030430 
6.3009105  0.0775236  0.0022330 
6.3308393  0.0739959  0.0020470 
6.3607779  0.0695007  0.0038260 
6.3907067  0.0621813  0.0025060 
6.4206354  0.0586119  0.0016350 
6.4505641  0.0544061  0.0028700 
6.4804929  0.0551981  0.0017350 
6.5104315  0.0542795  0.0030340 
6.5403603  0.0558635  0.0021370 
6.5702890  0.0567387  0.0041780 
6.6002177  0.0565940  0.0022080 
6.6301465  0.0564656  0.0019680 
6.6600851  0.0599825  0.0045220 
6.6900139  0.0631324  0.0031180 
6.7199426  0.0648357  0.0026080 
6.7498713  0.0671465  0.0026530 
6.7798001  0.0681301  0.0058230 
6.8097387  0.0760771  0.0042160 
6.8396675  0.0749813  0.0031210 
6.8695962  0.0868032  0.0044690 
6.8995249  0.0974985  0.0046720 
6.9294537  0.0882479  0.0036670 
6.9593923  0.1104432  0.0044740 
6.9893211  0.1078666  0.0044640 
7.0192498  0.0896420  0.0038450 
7.0491785  0.0882515  0.0036420 
7.0791073  0.0916310  0.0067320 
7.1090459  0.0896944  0.0033960 
7.1389747  0.0879857  0.0034240 
7.1689034  0.0851089  0.0034400 
7.1988321  0.0897215  0.0096080 
7.2287609  0.0925857  0.0042340 
7.2586995  0.0981675  0.0099710 
7.2886283  0.0992633  0.0059510 
7.3185570  0.1018544  0.0048690 
7.3484857  0.1094107  0.0041060 
7.3784145  0.1117813  0.0046570 
7.4083531  0.1178748  0.0071090 
7.3784145  0.1037023  0.0093390 
7.4382819  0.1114522  0.0030450 
7.4981394  0.1258036  0.0029260 
7.5579968  0.1674025  0.0133890 
7.6178642  0.2110662  0.0050540 
7.6777217  0.1731633  0.0094330 
7.7375792  0.1648312  0.0043830 
7.7974466  0.1631352  0.0072910 
7.8573040  0.1576202  0.0056380 
7.9171714  0.1495522  0.0044940 
7.9770289  0.1390919  0.0041440 
8.0368864  0.1276896  0.0025930 
8.0967538  0.1115390  0.0036220 
8.1566112  0.1037439  0.0033940 
8.2164687  0.1024312  0.0034930 
8.2763361  0.1002053  0.0036330 
8.3361936  0.0961604  0.0050770 
8.3960511  0.0811942  0.0064490 
8.4559184  0.0832067  0.0037830 
8.5157759  0.0902333  0.0033050 
8.5756433  0.0863168  0.0063440 
8.6355008  0.0792613  0.0086580 
8.6953583  0.0692440  0.0073600 
8.7552257  0.0631613  0.0014380 
8.8150831  0.0564512  0.0017310 
8.8749406  0.0500177  0.0012080 
8.9348080  0.0587204  0.0016020 
8.9946655  0.0614851  0.0016490 
9.0545230  0.0437379  0.0014890 
9.1143903  0.0393024  0.0015850 
9.1742478  0.0418267  0.0016490 
9.2341152  0.0390439  0.0016430 
9.2939727  0.0392807  0.0020380 
9.3538302  0.0407888  0.0017240 
9.4136975  0.0401288  0.0016000 
9.4735550  0.0432533  0.0016160 
9.5334125  0.0436186  0.0014660 
9.5932799  0.0522707  0.0018650 
9.6531374  0.0611976  0.0013510 
9.7129949  0.0456672  0.0016720 
9.7728622  0.0399353  0.0017020 
9.8327197  0.0399389  0.0011140 
9.8925871  0.0426114  0.0011720 
9.9524446  0.0447017  0.0016030 
10.0123021  0.0449530  0.0013910 
10.0721694  0.0448445  0.0018310 
10.1320269  0.0435028  0.0014340 
10.1918844  0.0452911  0.0011460 
10.2517518  0.0472078  0.0015550 
10.3116093  0.0493902  0.0015240 
10.3714667  0.0515673  0.0035000 
10.4313341  0.0974804  0.0019330 
10.4911916  0.1574846  0.0026980 
10.5510590  0.1114467  0.0023060 
10.6109165  0.0650978  0.0023480 
10.6707740  0.0678770  0.0036360 
10.7306413  0.0701951  0.0019290 
10.7904988  0.0714445  0.0019850 
10.8503563  0.0732003  0.0025180 
10.9102237  0.0773735  0.0022260 
10.9700812  0.0927792  0.0024870 
11.0299386  0.0994405  0.0023180 
11.0898060  0.1191604  0.0029650 
11.1496635  0.1905507  0.0028510 
11.2095309  0.2640728  0.0034230 
11.2693884  0.2687994  0.0086530 
11.3292458  0.2289563  0.0041580 
11.3891132  0.1879813  0.0064900 
11.4489707  0.1703317  0.0031350 
11.5088282  0.1561357  0.0035920 
11.5686956  0.1450950  0.0032400 
11.6285530  0.1420483  0.0041470 
11.6884105  0.1359005  0.0045030 
11.7482779  0.1358426  0.0051150 
11.8081354  0.1417843  0.0044310 
11.8680028  0.1508667  0.0028900 
11.9278603  0.1616922  0.0047270 
11.9877177  0.1683427  0.0045830 
12.0475851  0.1675652  0.0049100 
12.1074426  0.1686718  0.0032460 
12.1673001  0.1711689  0.0032590 
12.2271675  0.1872490  0.0100500 
12.2870249  0.2000852  0.0048050 
12.3468824  0.1992390  0.0047160 
12.4067498  0.2045170  0.0114870 
12.4666073  0.2121132  0.0046640 
12.5264747  0.2235046  0.0037810 
12.5863321  0.2360714  0.0041510 
12.6461896  0.2414327  0.0050790 
12.7060570  0.2624997  0.0051320 
12.7659145  0.3471837  0.0056770 
12.8257720  0.3416362  0.0062830 
12.8856394  0.2332941  0.0042460 
12.9454968  0.2122777  0.0047720 
13.0053543  0.2072654  0.0051600 
13.0652217  0.2131293  0.0036360 
13.1250792  0.2194579  0.0044830 
13.1849367  0.2110282  0.0053250 
13.2448040  0.2107480  0.0049840 
13.3046615  0.2135904  0.0046400 
13.3645289  0.2143282  0.0043080 
13.4243864  0.2209135  0.0051050 
13.4842439  0.2258553  0.0052270 
13.5441112  0.2293541  0.0059330 
13.6039687  0.2319452  0.0058360 
13.6638262  0.2275260  0.0053050 
13.7236936  0.2281715  0.0059150 
13.7835511  0.2264990  0.0075100 
13.8434086  0.2319470  0.0083770 
