5.1572383  0.1035489  0.0039620 
5.1869582  0.1022490  0.0063590 
5.2166781  0.0997530  0.0045600 
5.2463980  0.1024008  0.0036530 
5.2761278  0.1039527  0.0041810 
5.3058477  0.1090169  0.0043880 
5.3355676  0.1195359  0.0036820 
5.3652875  0.1141826  0.0038970 
5.3950074  0.1084723  0.0031140 
5.4247371  0.1102993  0.0029720 
5.4544570  0.1096117  0.0025760 
5.4841769  0.1145460  0.0040320 
5.5138968  0.1287617  0.0042610 
5.5436167  0.1159681  0.0065460 
5.5733464  0.1134186  0.0027470 
5.6030663  0.1141836  0.0032200 
5.6327862  0.1157880  0.0035930 
5.6625061  0.1176958  0.0036920 
5.6922260  0.1224937  0.0063680 
5.7219558  0.1247278  0.0110310 
5.7516757  0.1232522  0.0037450 
5.7813956  0.1247463  0.0040260 
5.8111155  0.1270012  0.0111690 
5.8408354  0.1283207  0.0066930 
5.8705651  0.1301510  0.0042610 
5.9002850  0.1320675  0.0035940 
5.9300049  0.1317565  0.0036430 
5.9597248  0.1313297  0.0037270 
5.9894447  0.1353407  0.0039920 
6.0191744  0.1375115  0.0035820 
6.0488943  0.1362564  0.0033100 
6.0786143  0.1403044  0.0046580 
6.1083342  0.1504731  0.0039890 
6.1380541  0.1491449  0.0042170 
6.1677838  0.1485173  0.0035100 
6.1975037  0.1523373  0.0039290 
6.2272236  0.1503094  0.0043580 
6.2569435  0.1503880  0.0037190 
6.2866634  0.1542549  0.0034040 
6.3163931  0.1540028  0.0047250 
6.3461130  0.1543116  0.0034480 
6.3758329  0.1556115  0.0038640 
6.4055528  0.1568655  0.0037810 
6.4352727  0.1595089  0.0041810 
6.4650025  0.1597414  0.0068600 
6.4947224  0.1613709  0.0067260 
6.5244423  0.1609955  0.0076380 
6.5541622  0.1625398  0.0046400 
6.5838821  0.1649234  0.0050740 
6.6136118  0.1657104  0.0036230 
6.6433317  0.1724324  0.0046390 
6.6730516  0.1698184  0.0049730 
6.7027715  0.1700749  0.0047480 
6.7324914  0.1745574  0.0039760 
6.7622211  0.1753934  0.0050430 
6.7919410  0.1787680  0.0048270 
6.8216609  0.1793006  0.0056040 
6.8513808  0.1796935  0.0038530 
6.8811007  0.1985346  0.0065670 
6.9108305  0.2288290  0.0060310 
6.9405504  0.2070880  0.0081530 
6.9702703  0.2182761  0.0060090 
6.9999902  0.2262587  0.0054880 
7.0297101  0.2048179  0.0054820 
7.0594398  0.1992124  0.0043890 
7.0891597  0.2019322  0.0047620 
7.1188796  0.2034427  0.0050420 
7.1485995  0.2098176  0.0053940 
7.1783194  0.2121664  0.0076020 
7.2080491  0.2142728  0.0078880 
7.2377690  0.2119110  0.0056030 
7.2674889  0.2161937  0.0054470 
7.2972088  0.2178395  0.0095490 
7.3269287  0.2186483  0.0073660 
7.3566585  0.2219443  0.0064390 
7.3269287  0.2159547  0.0048660 
7.3863784  0.2235127  0.0095840 
7.4458182  0.2184900  0.0064840 
7.5052580  0.2246314  0.0048650 
7.5647076  0.2302893  0.0052440 
7.6241474  0.2365529  0.0061880 
7.6835872  0.2423843  0.0057350 
7.7430369  0.2468056  0.0055580 
7.8024767  0.2501770  0.0050590 
7.8619263  0.2547140  0.0050710 
7.9213661  0.2611184  0.0075880 
7.9808059  0.2712238  0.0163260 
8.0402555  0.2832272  0.0060430 
8.0996953  0.2800042  0.0042600 
8.1591351  0.2783573  0.0050330 
8.2185848  0.2865538  0.0073850 
8.2780246  0.2901467  0.0068410 
8.3374644  0.2979394  0.0044180 
8.3969140  0.3069567  0.0072030 
8.4563538  0.3110779  0.0062690 
8.5158034  0.3191063  0.0099790 
8.5752432  0.3275167  0.0062600 
8.6346830  0.3362175  0.0067390 
8.6941327  0.3406628  0.0105510 
8.7535725  0.3492773  0.0049970 
8.8130123  0.3596588  0.0063550 
8.8724619  0.3702183  0.0071260 
8.9319017  0.3811717  0.0067250 
8.9913415  0.3973104  0.0079810 
9.0507912  0.4048084  0.0055750 
9.1102310  0.4167092  0.0087030 
9.1696806  0.4286154  0.0123880 
9.2291204  0.4422373  0.0057110 
9.2885602  0.4599706  0.0047630 
9.3480098  0.4788161  0.0168390 
9.4074496  0.4919250  0.0073920 
9.4668894  0.5094357  0.0077390 
9.5263391  0.5289163  0.0060170 
9.5857789  0.5528346  0.0048220 
9.6452187  0.5963831  0.0076860 
9.7046683  0.6051744  0.0056480 
9.7641081  0.5926428  0.0072620 
9.8235577  0.6019035  0.0073820 
9.8829975  0.6198103  0.0084430 
9.9424373  0.6326966  0.0239000 
10.0018870  0.6447283  0.0074900 
10.0613268  0.6586286  0.0071830 
10.1207666  0.6686019  0.0088240 
10.1802162  0.6811150  0.0178150 
10.2396560  0.6918075  0.0223120 
10.2990958  0.7079397  0.0066070 
10.3585455  0.7163425  0.0066650 
10.4179853  0.7299775  0.0068610 
10.4774349  0.7457332  0.0071940 
10.5368747  0.7587734  0.0051340 
10.5963145  0.7663118  0.0062040 
10.6557641  0.7778382  0.0059070 
10.7152039  0.7865749  0.0174310 
10.7746437  0.7944866  0.0142240 
10.8340934  0.8043584  0.0063860 
10.8935332  0.8094291  0.0145740 
10.9529730  0.8197353  0.0070350 
11.0124226  0.8249075  0.0080840 
11.0718624  0.8337360  0.0085300 
11.1313120  0.8498714  0.0220590 
11.1907518  0.8713526  0.0066640 
11.2501916  0.8916955  0.0080990 
11.3096413  0.8927214  0.0081940 
11.3690811  0.8899558  0.0079820 
11.4285209  0.8824687  0.0185790 
11.4879705  0.8824414  0.0086460 
11.5474103  0.8816850  0.0075060 
11.6068501  0.8777647  0.0110730 
11.6662998  0.8712337  0.0097580 
11.7257396  0.8849134  0.0086520 
11.7851892  0.8988704  0.0096750 
11.8446290  0.9037829  0.0096410 
11.9040688  0.9068760  0.0203290 
11.9635184  0.9152362  0.0160990 
12.0229582  0.9174692  0.0093750 
12.0823980  0.9217923  0.0103270 
12.1418477  0.9233061  0.0098440 
12.2012875  0.9347932  0.0091000 
12.2607273  0.9521598  0.0111850 
12.3201769  0.9555770  0.0090500 
12.3796167  0.9506263  0.0096450 
12.4390663  0.9450710  0.0093690 
12.4985061  0.9567983  0.0096850 
12.5579459  0.9656747  0.0095950 
12.6173956  0.9757583  0.0104580 
12.6768354  0.9869508  0.0096140 
12.7362752  1.0354084  0.0187960 
12.7957248  1.1784196  0.0196750 
12.8551646  1.1827972  0.0114000 
12.9146044  1.0248119  0.0117700 
12.9740541  1.0104522  0.0122400 
13.0334939  1.0121711  0.0139560 
13.0929337  1.0187262  0.0090490 
13.1523833  1.0261205  0.0081240 
13.2118231  1.0329724  0.0097880 
13.2712727  1.0452802  0.0087240 
13.3307125  1.0586315  0.0112680 
13.3901523  1.0636607  0.0108160 
13.4496020  1.0811179  0.0094440 
13.5090418  1.0969150  0.0341520 
13.5684816  1.1121904  0.0117030 
13.6279312  1.1209054  0.0136070 
13.6873710  1.1376138  0.0121860 
13.7468108  1.1518360  0.0165120 
