5.2224224  0.0405948  0.0037510 
5.2525179  0.0402363  0.0026350 
5.2826135  0.0449180  0.0065640 
5.3127090  0.0463159  0.0019830 
5.3428145  0.0448028  0.0024060 
5.3729100  0.0413995  0.0029850 
5.4030056  0.0468198  0.0024300 
5.4331011  0.0499308  0.0018960 
5.4631967  0.0529857  0.0028290 
5.4933021  0.0600673  0.0030750 
5.5233977  0.0501309  0.0020710 
5.5534932  0.0491693  0.0024790 
5.5835888  0.0586233  0.0033130 
5.6136843  0.0557700  0.0030430 
5.6437898  0.0489663  0.0019190 
5.6738854  0.0486740  0.0033890 
5.7039809  0.0491174  0.0018760 
5.7340764  0.0479125  0.0017180 
5.7641720  0.0460611  0.0018630 
5.7942775  0.0457789  0.0018770 
5.8243730  0.0467910  0.0017390 
5.8544686  0.0489821  0.0015940 
5.8845641  0.0487302  0.0020910 
5.9146596  0.0472704  0.0021080 
5.9447651  0.0515374  0.0017930 
5.9748607  0.0595317  0.0018230 
6.0049562  0.0626543  0.0023350 
6.0350518  0.0666234  0.0024380 
6.0651473  0.0724366  0.0031740 
6.0952528  0.0825831  0.0091390 
6.1253483  0.0947394  0.0078700 
6.1554439  0.1135756  0.0041950 
6.1855394  0.1216678  0.0030440 
6.2156350  0.1158416  0.0043170 
6.2457404  0.1033369  0.0046880 
6.2758360  0.0966743  0.0039560 
6.3059315  0.0938109  0.0036090 
6.3360271  0.0871914  0.0032110 
6.3661226  0.0828538  0.0032770 
6.3962281  0.0782311  0.0026780 
6.4263236  0.0723833  0.0028830 
6.4564192  0.0673432  0.0032590 
6.4865147  0.0651708  0.0024720 
6.5166103  0.0656631  0.0026840 
6.5467158  0.0647403  0.0051960 
6.5768113  0.0682242  0.0026120 
6.6069068  0.0717456  0.0071510 
6.6370024  0.0717657  0.0054610 
6.6670979  0.0689801  0.0028060 
6.6972034  0.0710718  0.0037130 
6.7272990  0.0756988  0.0030220 
6.7573945  0.0785450  0.0027540 
6.7874900  0.0812227  0.0051160 
6.8175856  0.0845900  0.0118000 
6.8476911  0.0891709  0.0035790 
6.8777866  0.1129882  0.0049490 
6.9078822  0.1160690  0.0048880 
6.9379777  0.1203764  0.0058730 
6.9680732  0.1277459  0.0060960 
6.9981787  0.1124570  0.0058080 
7.0282743  0.1015028  0.0036250 
7.0583698  0.1014769  0.0037900 
7.0884654  0.0993103  0.0046300 
7.1185609  0.0981211  0.0037180 
7.1486664  0.0972876  0.0035580 
7.1787619  0.0970817  0.0039370 
7.2088575  0.0993347  0.0035090 
7.2389530  0.1014971  0.0043680 
7.2690486  0.1064768  0.0039080 
7.2991541  0.1097001  0.0035840 
7.3292496  0.1118552  0.0044620 
7.3593451  0.1156040  0.0042010 
7.3894407  0.1210142  0.0084770 
7.4195362  0.1309851  0.0141580 
7.4496417  0.1427699  0.0076600 
7.4195362  0.1312125  0.0046070 
7.4797373  0.1355530  0.0038600 
7.5399283  0.1943088  0.0092060 
7.6001194  0.2574612  0.0117190 
7.6603205  0.2460363  0.0045920 
7.7205115  0.2129218  0.0072770 
7.7807026  0.2102527  0.0053680 
7.8409037  0.2090507  0.0040650 
7.9010947  0.2019993  0.0038730 
7.9612958  0.1926676  0.0040320 
8.0214869  0.1804351  0.0058970 
8.0816779  0.1650684  0.0050640 
8.1418790  0.1581726  0.0060720 
8.2020701  0.1644321  0.0061830 
8.2622611  0.1603536  0.0055950 
8.3224622  0.1592120  0.0048810 
8.3826533  0.1561369  0.0060160 
8.4428443  0.1566106  0.0039240 
8.5030454  0.1640304  0.0030710 
8.5632365  0.1710170  0.0047130 
8.6234375  0.1664231  0.0026070 
8.6836286  0.1569633  0.0033000 
8.7438197  0.1464179  0.0033730 
8.8040207  0.1407141  0.0029970 
8.8642118  0.1389606  0.0036880 
8.9244029  0.1411806  0.0023370 
8.9846039  0.1463560  0.0041650 
9.0447950  0.1302264  0.0029990 
9.1049861  0.1289681  0.0018890 
9.1651871  0.1268648  0.0030450 
9.2253782  0.1270016  0.0036020 
9.2855792  0.1272176  0.0024380 
9.3457703  0.1259708  0.0023730 
9.4059614  0.1273644  0.0023610 
9.4661624  0.1371640  0.0023990 
9.5263535  0.1381861  0.0032490 
9.5865446  0.1481138  0.0042830 
9.6467456  0.1661640  0.0046780 
9.7069367  0.1490957  0.0023710 
9.7671278  0.1387994  0.0033110 
9.8273288  0.1389794  0.0041760 
9.8875199  0.1402160  0.0034540 
9.9477209  0.1463186  0.0025690 
10.0079120  0.1490482  0.0038830 
10.0681031  0.1535312  0.0044000 
10.1283041  0.1569014  0.0023340 
10.1884952  0.1574527  0.0027840 
10.2486863  0.1620250  0.0026490 
10.3088873  0.1706239  0.0036280 
10.3690784  0.1745585  0.0043430 
10.4292695  0.2256640  0.0047250 
10.4894705  0.2696175  0.0069220 
10.5496616  0.2232138  0.0042880 
10.6098627  0.2029250  0.0034270 
10.6700537  0.2050873  0.0038120 
10.7302448  0.2075203  0.0026780 
10.7904459  0.2097733  0.0026790 
10.8506369  0.2166274  0.0028740 
10.9108280  0.2249327  0.0060830 
10.9710291  0.2365534  0.0036600 
11.0312201  0.2484347  0.0030200 
11.0914112  0.2845652  0.0043640 
11.1516123  0.3814396  0.0058150 
11.2118033  0.4661289  0.0056810 
11.2720044  0.4496149  0.0056380 
11.3321955  0.4073573  0.0064500 
11.3923865  0.3819924  0.0053680 
11.4525876  0.3531306  0.0048760 
11.5127787  0.3440552  0.0039400 
11.5729697  0.3353339  0.0036900 
11.6331708  0.3361430  0.0035050 
11.6933619  0.3411126  0.0061430 
11.7535529  0.3376272  0.0036740 
11.8137540  0.3427883  0.0050470 
11.8739451  0.3548265  0.0052980 
11.9341461  0.3708612  0.0035690 
11.9943372  0.3734683  0.0042600 
12.0545283  0.3781831  0.0049540 
12.1147293  0.3784524  0.0052760 
12.1749204  0.3865114  0.0082160 
12.2351115  0.4189118  0.0046570 
12.2953125  0.4234524  0.0051730 
12.3555036  0.4189363  0.0066140 
12.4156947  0.4237994  0.0060530 
12.4758957  0.4316555  0.0063120 
12.5360868  0.4474857  0.0056420 
12.5962878  0.4600940  0.0059840 
12.6564789  0.4727786  0.0065050 
12.7166700  0.5442881  0.0064850 
12.7768710  0.6422696  0.0077290 
12.8370621  0.5609792  0.0059190 
12.8972532  0.4509350  0.0050310 
12.9574542  0.4370440  0.0052610 
13.0176453  0.4412737  0.0047510 
13.0778364  0.4508659  0.0052830 
13.1380374  0.4549487  0.0072300 
13.1982285  0.4515440  0.0053910 
13.2584196  0.4510243  0.0053090 
13.3186206  0.4537711  0.0054500 
13.3788117  0.4612774  0.0139110 
13.4390127  0.4694185  0.0060630 
13.4992038  0.4770356  0.0119760 
13.5593949  0.4843547  0.0055150 
13.6195959  0.4897591  0.0078190 
13.6797870  0.4877709  0.0050450 
13.7399781  0.4848974  0.0082020 
13.8001791  0.4906876  0.0071980 
13.8603702  0.5009018  0.0060200 
13.9205613  0.5098650  0.0088630 
