5.2420739  0.6834819  0.0376500 
5.2722827  0.7223633  0.0309980 
5.3024915  0.7503219  0.0427160 
5.3327003  0.7559448  0.0675990 
5.3629190  0.7539431  0.0351490 
5.3931278  0.7750999  0.0155250 
5.4233366  0.8239945  0.0282180 
5.4535454  0.8454700  0.0477490 
5.4837542  0.8541580  0.0202330 
5.5139730  0.8481289  0.0442170 
5.5441818  0.8233474  0.0373120 
5.5743905  0.8525028  0.0373960 
5.6045993  0.9031282  0.0449830 
5.6348081  0.9127934  0.0265560 
5.6650269  0.9125068  0.0417240 
5.6952357  0.9088642  0.0388030 
5.7254445  0.9123449  0.0498980 
5.7556533  0.9104908  0.0204590 
5.7858620  0.9197485  0.0293170 
5.8160808  0.9321149  0.0270570 
5.8462896  0.9425040  0.0320080 
5.8764984  0.9548028  0.0541990 
5.9067072  0.9671016  0.0680260 
5.9369160  0.9788944  0.0715160 
5.9671348  1.0088693  0.2194230 
5.9973435  1.0455861  0.2460370 
6.0275523  1.0697012  0.2638220 
6.0577611  1.0923582  0.0933290 
6.0879699  1.1189857  0.0906470 
6.1181887  1.1623354  0.0631230 
6.1483975  1.2415611  0.0596990 
6.1786063  1.3273038  0.0575970 
6.2088151  1.3562554  0.0258140 
6.2390238  1.3351382  0.0313960 
6.2692426  1.2989371  0.0660940 
6.2994514  1.2776333  0.0601240 
6.3296602  1.2762082  0.0926700 
6.3598690  1.2836565  0.1202390 
6.3900778  1.2853349  0.0561360 
6.4202965  1.2858728  0.0291840 
6.4505053  1.2725569  0.0234260 
6.4807141  1.2528461  0.0298970 
6.5109229  1.2437845  0.0497790 
6.5411317  1.2698055  0.0663600 
6.5713505  1.3126233  0.0875470 
6.6015593  1.3487841  0.1031620 
6.6317681  1.3847575  0.1153900 
6.6619768  1.3878867  0.3417030 
6.6921856  1.3839131  0.3545780 
6.7224044  1.3910403  0.3310860 
6.7526132  1.4046609  0.4082320 
6.7828220  1.4150125  0.4073940 
6.8130308  1.4354829  0.1145790 
6.8432396  1.4543648  0.1005540 
6.8734583  1.4880680  0.0777250 
6.9036671  1.5247620  0.0361720 
6.9338759  1.5360633  0.0292090 
6.9640847  1.6554405  0.0369800 
6.9942935  1.6833030  0.0309280 
7.0245123  1.6396970  0.0532860 
7.0547211  1.6507192  0.0447970 
7.0849299  1.6802694  0.0365540 
7.1151386  1.7054498  0.0437490 
7.1453474  1.7144747  0.0406310 
7.1755662  1.7149751  0.0741440 
7.2057750  1.7062805  0.0881040 
7.2359838  1.7144747  0.0828640 
7.2661926  1.7558108  0.1104530 
7.2964014  1.8164184  0.1427080 
7.3266201  1.8746406  0.4289340 
7.3568289  1.9052072  0.5491750 
7.3870377  1.9486331  0.1779800 
7.4172465  1.9895950  0.6160330 
7.4474553  2.0359474  0.6185510 
7.4776741  2.0777186  0.1896870 
7.4474553  1.9792589  0.2322960 
7.5078829  2.0255285  0.2653510 
7.5683004  2.1897079  0.2137210 
7.6287180  2.3585615  0.6785910 
7.6891456  2.2956763  0.6556060 
7.7495632  2.2443143  0.2404080 
7.8099807  2.2666703  0.2336970 
7.8704083  2.2826257  0.2735430 
7.9308259  2.2579900  0.2386190 
7.9912534  2.1868335  0.2032650 
8.0516710  2.0926951  0.1747900 
8.1120886  1.9961510  0.1294030 
8.1725162  1.9308618  0.1171570 
8.2329337  1.8771013  0.1001950 
8.2933513  1.8523989  0.0672040 
8.3537789  1.8263610  0.0897190 
8.4141965  1.7447499  0.0326380 
8.4746140  1.3128807  1.3035640 
8.5350416  1.8582137  0.0593730 
8.5954592  1.8292032  0.0458040 
8.6558867  1.7560900  0.0582570 
8.7163043  1.6617346  0.0393080 
8.7767219  1.5615607  0.0586520 
8.8371495  1.4699654  0.0464480 
8.8975670  1.3840426  0.0575870 
8.9579846  1.3588074  0.0181870 
9.0184122  1.3068935  0.0500320 
9.0788298  1.2033959  0.0277220 
9.1392473  1.1494160  0.0143450 
9.1996749  1.0941408  0.0128670 
9.2600925  1.0560592  0.0127750 
9.3205200  1.0206225  0.0160030 
9.3809376  1.0020915  0.0190380 
9.4413552  0.9936407  0.0243270 
9.5017828  1.0039926  0.0244680 
9.5622003  0.9931055  0.0239250 
9.6226179  0.9957620  0.0232260 
9.6830455  1.0053549  0.0122280 
9.7434631  1.0008584  0.0261520 
9.8038806  1.0173873  0.0181870 
9.8643082  1.0454543  0.0268490 
9.9247258  1.0832412  0.0307960 
9.9851533  1.1293971  0.0301830 
10.0455709  1.1810113  0.0174490 
10.1059885  1.2303791  0.0145420 
10.1664161  1.2867497  0.0192370 
10.2268336  1.3384894  0.0172660 
10.2872512  1.3970617  0.0221840 
10.3476788  1.4691587  0.0193060 
10.4080964  1.5370792  0.0673770 
10.4685139  1.6941394  0.0240820 
10.5289415  1.8089620  0.0224330 
10.5893591  1.8024903  0.0336820 
10.6497866  1.8407424  0.0276150 
10.7102042  1.9077262  0.0290130 
10.7706218  1.9736617  0.0281380 
10.8310494  2.0394245  0.0187950 
10.8914669  2.1181014  0.0193080 
10.9518845  2.2133899  0.0321750 
11.0123121  2.3178945  0.0222260 
11.0727297  2.4354534  0.0327490 
11.1331472  2.6572168  0.0244190 
11.1935748  3.0278594  0.0497370 
11.2539924  3.2687347  0.0424250 
11.3144199  3.2967568  0.0475740 
11.3748375  3.2674013  0.0581860 
11.4352551  3.3102247  0.0500440 
11.4956827  3.3884497  0.0314190 
11.5561002  3.4838255  0.0716340 
11.6165178  3.5565453  0.0527610 
11.6769454  3.6660117  0.0773220 
11.7373630  3.7683018  0.2650300 
11.7977805  3.8662010  0.0599940 
11.8582081  3.9556780  0.2421190 
11.9186257  4.1502496  0.3219270 
11.9790532  4.3174248  0.2828160 
12.0394708  4.4682921  0.0764660 
12.0998884  4.5983281  0.0583810 
12.1603160  4.7361859  0.0581480 
12.2207335  4.8970441  0.0795110 
12.2811511  5.0598260  0.0644000 
12.3415787  5.2005597  0.0550070 
12.4019963  5.3327690  0.0512600 
12.4624138  5.4612096  0.1596180 
12.5228414  5.5837859  0.0653670 
12.5832590  5.7295423  0.2627140 
12.6436865  5.8542864  0.0879360 
12.7041041  5.9478932  0.0581670 
12.7645217  6.2400497  0.0757190 
12.8249493  6.4958762  0.0711190 
12.8853668  6.1717331  0.0756220 
12.9457844  5.9792921  0.0667480 
13.0062120  6.0166319  0.1290820 
13.0666296  6.0512644  0.1291300 
13.1270471  6.0690670  0.0598420 
13.1874747  6.1240794  0.0647480 
13.2478923  6.1538105  0.0971720 
13.3083099  6.1891300  0.0708420 
13.3687374  6.2364890  0.0689530 
13.4291550  6.2814403  0.2083700 
13.4895826  6.3421074  0.0897000 
13.5500001  6.4047345  0.1139220 
13.6104177  6.4550179  0.0815140 
13.6708453  6.4882978  0.0730150 
13.7312629  6.5287377  0.0806460 
13.7916804  6.5918660  0.0899680 
13.8521080  6.6585432  0.0822040 
13.9125256  6.7024903  0.0675860 
13.9729432  6.7684972  0.1130330 
14.0548286  7.0298662  0.2137290 
14.1394212  7.2552803  0.1942710 
14.2240137  7.5275712  0.2547130 
14.3085964  7.9714356  0.3320830 
14.3931890  7.9880916  0.1490510 
14.4777816  7.7463554  0.1225710 
14.5623642  7.7973597  0.1924650 
14.6469568  7.9009556  0.3144580 
14.7315494  7.8882416  0.2332720 
14.8161420  7.8550971  0.0883540 
14.9007246  8.0346729  0.5922450 
14.9853172  8.1505765  3.6956060 
15.0699098  8.4909873  1.8333640 
15.1544924  8.5712211  1.4027780 
15.2390850  8.6097468  1.4025760 
15.3236776  8.5609931  0.5587570 
15.4082602  8.5861928  0.5342600 
15.4928528  9.0704866  1.4245040 
15.5774454  9.4388709  0.5186200 
15.6620280  9.0209897  0.2961800 
15.7466206  8.6272303  0.3800710 
15.8312132  8.7403066  0.4213740 
15.9157958  8.6499298  0.3828590 
16.0003884  8.0822807  0.3144720 
16.0849820  7.9945235  0.2686150 
16.1695726  8.0899466  0.1156260 
16.2541562  8.1929549  0.3202420 
16.3387498  8.3097423  0.1149200 
16.4233414  8.6644175  0.5968950 
16.5079250  8.6671999  0.5508390 
16.5925156  8.5621042  0.3917100 
16.6771092  8.5631531  0.1928160 
16.7616928  8.6524167  0.0923480 
16.8462834  8.7030888  0.2092430 
16.9308770  8.7767806  0.2655510 
17.0154586  9.0294899  0.2989110 
17.1000522  8.9736435  0.2002420 
17.1846448  8.7881549  0.3680170 
17.2692264  8.8375061  0.0977860 
17.3538200  8.8839754  0.2699110 
17.4384126  8.8227291  0.2443160 
17.5230042  8.7565287  0.1853280 
17.6075878  8.7923997  0.3234660 
17.6921814  8.8447109  0.3778820 
17.7767720  8.7219575  0.2895620 
17.8613556  8.7640809  0.1213260 
17.9459492  8.7564531  0.1884090 
18.0305408  8.7486878  0.1411470 
18.1151245  8.7889690  0.1075340 
18.1997151  8.9283505  0.1570070 
18.2843087  9.0179784  0.1110530 
18.3688923  9.2532267  0.1401250 
18.4534829  9.3676025  0.1392950 
18.5380765  9.5067325  0.1285410 
18.6226581  9.7616571  0.2091450 
18.7072517  10.1858634  0.3081630 
18.7918443  10.1421458  0.1529660 
18.8764379  10.1011101  0.1975650 
18.9610195  10.1544074  0.1711830 
19.0456121  10.1171378  0.6014230 
19.1302037  10.1480491  0.7047380 
19.2147873  10.0641914  0.3300570 
19.2993809  10.0849085  0.1237400 
19.3839715  10.0137464  0.1614440 
19.4685551  10.2018822  0.2223360 
19.5531487  10.3724631  0.1817190 
19.6377403  10.3535627  0.2913180 
19.7223239  10.4386759  0.1437820 
19.8069145  10.5801909  0.2552330 
19.8915081  10.7532914  1.0952890 
19.9760917  10.9450121  0.2888670 
20.0606823  11.0476540  0.1201490 
20.1452759  11.1874784  0.1205580 
20.2298695  11.3443809  0.2018300 
20.3144511  11.3584078  0.1373180 
20.3990437  11.4728711  0.1405470 
20.4836373  11.5302912  0.1448500 
20.5682189  12.9626220  0.2947640 
20.7374031  12.9380036  0.5524750 
20.9065803  12.9359778  0.6466660 
21.0757545  13.3366616  1.6268990 
21.2449397  13.3676839  1.3788930 
21.4141139  13.7690600  0.9905330 
