5.1574241  0.5006308  0.0111920 
5.1871451  0.4945772  0.0067880 
5.2168660  0.4866590  0.0065700 
5.2465870  0.4980837  0.0062310 
5.2763178  0.5070953  0.0073930 
5.3060388  0.5117750  0.0074090 
5.3357598  0.5068734  0.0060070 
5.3654807  0.5103866  0.0193480 
5.3952017  0.5132704  0.0171760 
5.4249325  0.5174547  0.0060830 
5.4546535  0.5318205  0.0054320 
5.4843744  0.5308206  0.0077260 
5.5140954  0.5317935  0.0172120 
5.5438164  0.5276114  0.0056920 
5.5735472  0.5378301  0.0073470 
5.6032682  0.5512906  0.0061610 
5.6329891  0.5545719  0.0090480 
5.6627101  0.5509404  0.0088760 
5.6924311  0.5511510  0.0054570 
5.7221619  0.5491748  0.0073390 
5.7518829  0.5532994  0.0103670 
5.7816038  0.5549919  0.0057920 
5.8113248  0.5578835  0.0090330 
5.8410458  0.5618640  0.0076550 
5.8707766  0.5632141  0.0060220 
5.9004975  0.5670921  0.0152090 
5.9302185  0.5748448  0.0097460 
5.9599395  0.5737818  0.0089030 
5.9896605  0.5769370  0.0089570 
6.0193913  0.5777646  0.0066290 
6.0491122  0.5796304  0.0063160 
6.0788332  0.5812260  0.0062200 
6.1085542  0.5871309  0.0075570 
6.1382752  0.5871849  0.0088080 
6.1680060  0.5904234  0.0085940 
6.1977269  0.5949995  0.0089580 
6.2274479  0.5959195  0.0098650 
6.2571689  0.5949917  0.0114580 
6.2868898  0.5908175  0.0105090 
6.3166206  0.5907882  0.0083590 
6.3463416  0.5967820  0.0055960 
6.3760626  0.6046361  0.0074440 
6.4057836  0.6051259  0.0075010 
6.4355045  0.6106659  0.0105320 
6.4652353  0.6052070  0.0296610 
6.4949563  0.6070964  0.0252320 
6.5246773  0.5992323  0.0110300 
6.5543982  0.6050865  0.0181340 
6.5841192  0.6032477  0.0182050 
6.6138500  0.6126263  0.0134750 
6.6435710  0.6240814  0.0130500 
6.6732920  0.6255565  0.0110490 
6.7030129  0.6246365  0.0120430 
6.7327339  0.6206222  0.0117070 
6.7624647  0.6200333  0.0072800 
6.7921857  0.6311562  0.0105890 
6.8219067  0.6308882  0.0076480 
6.8516276  0.6330006  0.0130550 
6.8813486  0.6375227  0.0115820 
6.9110794  0.6372795  0.0184660 
6.9408004  0.6348327  0.0091430 
6.9705213  0.6571764  0.0124820 
7.0002423  0.6539728  0.0095950 
7.0299633  0.6451223  0.0108460 
7.0596941  0.6527680  0.0077310 
7.0894151  0.6577619  0.0106220 
7.1191360  0.6580254  0.0138700 
7.1488570  0.6590906  0.0126350 
7.1785780  0.6584364  0.0266020 
7.2083088  0.6590231  0.0246110 
7.2380298  0.6515057  0.0213240 
7.2677507  0.6553297  0.0105540 
7.2974717  0.6679513  0.0305770 
7.3271927  0.6737819  0.0155290 
7.3569235  0.6734531  0.0121000 
7.3271927  0.6269043  0.0171040 
7.3866444  0.6335974  0.0177990 
7.4460864  0.6730083  0.0103550 
7.5055283  0.6655484  0.0091760 
7.5649801  0.6644302  0.0101370 
7.6244220  0.7283750  0.0100440 
7.6838640  0.7404628  0.0074010 
7.7433158  0.7048545  0.0072350 
7.8027577  0.6889314  0.0136410 
7.8622095  0.6895136  0.0151410 
7.9216514  0.6906058  0.0130090 
7.9810934  0.6972111  0.0126920 
8.0405451  0.7025935  0.0349660 
8.0999871  0.7056608  0.0397820 
8.1594290  0.6929063  0.0137430 
8.2188808  0.7004112  0.0168760 
8.2783228  0.7216706  0.0175090 
8.3377647  0.7120971  0.0183090 
8.3972165  0.7164684  0.0551670 
8.4566584  0.7181540  0.0358500 
8.5161102  0.7166406  0.0199800 
8.5755521  0.7217855  0.0534680 
8.6349941  0.7317328  0.0585360 
8.6944458  0.7406723  0.0549210 
8.7538878  0.7477550  0.0535880 
8.8133297  0.7537116  0.0477540 
8.8727815  0.7553827  0.0196930 
8.9322235  0.7646915  0.0201410 
8.9916654  0.7893976  0.0455140 
9.0511172  0.7799796  0.0351610 
9.1105591  0.7721931  0.0196980 
9.1700109  0.7758583  0.0197790 
9.2294528  0.7797408  0.0208820 
9.2888948  0.7748956  0.0209230 
9.3483466  0.7876377  0.0211260 
9.4077885  0.7936304  0.0201400 
9.4672304  0.8053816  0.0597180 
9.5266822  0.8156509  0.0474000 
9.5861242  0.8267862  0.0206710 
9.6455661  0.8467427  0.0658720 
9.7050179  0.8549402  0.0236930 
9.7644598  0.8617650  0.0220040 
9.8239116  0.8584151  0.0180060 
9.8833535  0.8838892  0.0230050 
9.9427955  0.9113788  0.0986960 
10.0022473  0.9177352  0.0857930 
10.0616892  0.9248404  0.0273180 
10.1211311  0.9399855  0.0290590 
10.1805829  0.9608316  0.0869280 
10.2400249  0.9598880  0.0289880 
10.2994668  0.9706370  0.0650810 
10.3589186  0.9864790  0.0633990 
10.4183605  1.0065775  0.0613810 
10.4778123  1.0752470  0.0549640 
10.5372542  1.1065336  0.0280230 
10.5966962  1.0408030  0.0737460 
10.6561480  1.0301181  0.0302770 
10.7155899  1.0384305  0.0286190 
10.7750318  1.0426440  0.0479000 
10.8344836  1.0428287  0.0315970 
10.8939256  1.0536329  0.0447730 
10.9533675  1.0461392  0.0447110 
11.0128193  1.0608001  0.0327760 
11.0722612  1.0745511  0.0919060 
11.1317130  1.0948049  0.0317350 
11.1911549  1.1095592  0.0332050 
11.2505969  1.1207553  0.0886980 
11.3100487  1.1350772  0.0882930 
11.3694906  1.1362640  0.0949980 
11.4289326  1.1417433  0.0317450 
11.4883843  1.1469095  0.0556700 
11.5478263  1.1574524  0.0687170 
11.6072682  1.1480287  0.0326610 
11.6667200  1.1409719  0.0479720 
11.7261619  1.1695989  0.0312570 
11.7856137  1.1860377  0.0745820 
11.8450556  1.1936204  0.0757280 
11.9044976  1.1937071  0.0312160 
11.9639494  1.2021376  0.0619390 
12.0233913  1.2057308  0.0319520 
12.0828333  1.2079366  0.0338840 
12.1422850  1.2114476  0.0644800 
12.2017270  1.2153369  0.0517570 
12.2611689  1.2264113  0.0774530 
12.3206207  1.2267120  0.0344590 
12.3800626  1.2307983  0.0354740 
12.4395144  1.2350288  0.0359540 
12.4989564  1.2410215  0.0349430 
12.5583983  1.2527907  0.0368860 
12.6178501  1.2563535  0.0361470 
12.6772920  1.2592789  0.0349470 
12.7367340  1.3080178  0.0974890 
12.7961857  1.3841866  0.0714450 
12.8556277  1.3419685  0.0614550 
12.9150696  1.2822442  0.0885080 
12.9745214  1.2861211  0.0843010 
13.0339633  1.2894158  0.0346870 
13.0934053  1.2950595  0.0460880 
13.1528571  1.2888303  0.0460910 
13.2122990  1.2888190  0.0317220 
13.2717508  1.2982607  0.0835540 
13.3311927  1.3121311  0.0836570 
13.3906347  1.3157186  0.0332650 
13.4500864  1.3281421  0.0345060 
13.5095284  1.3426678  0.0324860 
13.5689703  1.3565055  0.0320680 
13.6284221  1.3522796  0.0457910 
13.6878640  1.3640296  0.0468520 
13.7473060  1.3868260  0.0455230 
