5.2177488  0.0524112  0.0015500 
5.2478174  0.0529272  0.0012560 
5.2778860  0.0556862  0.0013000 
5.3079547  0.0595455  0.0016290 
5.3380332  0.0655557  0.0020500 
5.3681018  0.0592321  0.0016610 
5.3981704  0.0578733  0.0014250 
5.4282390  0.0603655  0.0017100 
5.4583076  0.0618060  0.0049720 
5.4883862  0.0637212  0.0020090 
5.5184548  0.0657904  0.0026710 
5.5485234  0.0600966  0.0012290 
5.5785920  0.0629208  0.0011840 
5.6086606  0.0753155  0.0013950 
5.6387392  0.0692081  0.0029240 
5.6688078  0.0643582  0.0011420 
5.6988764  0.0642165  0.0014180 
5.7289450  0.0654533  0.0012300 
5.7590136  0.0655546  0.0012150 
5.7890922  0.0663333  0.0014480 
5.8191608  0.0676207  0.0011080 
5.8492294  0.0690850  0.0029850 
5.8792980  0.0710581  0.0039590 
5.9093666  0.0729412  0.0015400 
5.9394452  0.0729205  0.0011780 
5.9695138  0.0744737  0.0010720 
5.9995824  0.0766464  0.0017320 
6.0296510  0.0776712  0.0017220 
6.0597196  0.0796122  0.0019120 
6.0897982  0.0842790  0.0018160 
6.1198668  0.0884247  0.0022360 
6.1499354  0.0918745  0.0022740 
6.1800040  0.0979054  0.0013630 
6.2100726  0.0987192  0.0017740 
6.2401511  0.0959850  0.0019600 
6.2702197  0.0980718  0.0018590 
6.3002884  0.0947720  0.0022010 
6.3303570  0.0940626  0.0016210 
6.3604256  0.0934618  0.0019560 
6.3905041  0.0914185  0.0013500 
6.4205727  0.0932912  0.0033800 
6.4506413  0.0905260  0.0028630 
6.4807100  0.0886336  0.0021900 
6.5107786  0.0890742  0.0019050 
6.5408571  0.0896419  0.0020130 
6.5709257  0.0904071  0.0027070 
6.6009943  0.0943646  0.0018350 
6.6310629  0.0943625  0.0078720 
6.6611316  0.0943160  0.0018650 
6.6912101  0.0977109  0.0017240 
6.7212787  0.1006571  0.0020490 
6.7513473  0.0989901  0.0018370 
6.7814159  0.0997750  0.0024580 
6.8114845  0.1011049  0.0023920 
6.8415631  0.1012196  0.0029810 
6.8716317  0.1109784  0.0019820 
6.9017003  0.1213701  0.0049120 
6.9317689  0.1197424  0.0020250 
6.9618375  0.1421214  0.0046190 
6.9919161  0.1496299  0.0066830 
7.0219847  0.1274889  0.0039530 
7.0520533  0.1148925  0.0033740 
7.0821219  0.1190889  0.0073220 
7.1121905  0.1249946  0.0080410 
7.1422691  0.1259387  0.0042670 
7.1723377  0.1258953  0.0038670 
7.2024063  0.1291238  0.0070870 
7.2324749  0.1282944  0.0045380 
7.2625435  0.1335166  0.0062780 
7.2926221  0.1391990  0.0042650 
7.3226907  0.1433705  0.0030960 
7.3527593  0.1407253  0.0074050 
7.3828279  0.1428039  0.0046940 
7.4128965  0.1475555  0.0170830 
7.4429750  0.1568852  0.0029850 
7.4128965  0.1480074  0.0046320 
7.4730437  0.1606700  0.0035790 
7.5331809  0.1666698  0.0020920 
7.5933181  0.2094298  0.0042680 
7.6534652  0.2433999  0.0051300 
7.7136025  0.2088404  0.0018880 
7.7737397  0.1820520  0.0029660 
7.8338868  0.1837717  0.0015540 
7.8940241  0.1835070  0.0018900 
7.9541712  0.1778867  0.0019040 
8.0143084  0.1739964  0.0018220 
8.0744457  0.1701434  0.0013710 
8.1345928  0.1639036  0.0013920 
8.1947300  0.1652252  0.0015560 
8.2548673  0.1648632  0.0016510 
8.3150144  0.1653627  0.0015890 
8.3751516  0.1667929  0.0018870 
8.4352889  0.1679697  0.0022930 
8.4954360  0.1709138  0.0019670 
8.5555732  0.1754142  0.0022090 
8.6157204  0.1751339  0.0017890 
8.6758576  0.1706542  0.0017560 
8.7359948  0.1635779  0.0029920 
8.7961420  0.1607682  0.0020130 
8.8562792  0.1536650  0.0013600 
8.9164164  0.1604973  0.0028430 
8.9765636  0.1869537  0.0067640 
9.0367008  0.1665095  0.0022050 
9.0968380  0.1448421  0.0013060 
9.1569852  0.1408142  0.0022410 
9.2171224  0.1393220  0.0019540 
9.2772696  0.1384317  0.0017640 
9.3374068  0.1375062  0.0020560 
9.3975440  0.1398381  0.0046090 
9.4576912  0.1445422  0.0047050 
9.5178284  0.1523858  0.0022000 
9.5779656  0.1504097  0.0066030 
9.6381128  0.1657360  0.0016150 
9.6982500  0.1602408  0.0036400 
9.7583872  0.1489143  0.0016470 
9.8185344  0.1484562  0.0041130 
9.8786716  0.1536888  0.0022290 
9.9388187  0.1575077  0.0030390 
9.9989560  0.1602108  0.0014410 
10.0590932  0.1657060  0.0028000 
10.1192403  0.1710865  0.0019740 
10.1793775  0.1763934  0.0021730 
10.2395148  0.1818276  0.0027180 
10.2996619  0.1903714  0.0012940 
10.3597991  0.2005179  0.0032830 
10.4199364  0.2534772  0.0018790 
10.4800835  0.4098433  0.0024390 
10.5402207  0.4026418  0.0107660 
10.6003679  0.2495373  0.0021900 
10.6605051  0.2264821  0.0018560 
10.7206423  0.2298553  0.0024230 
10.7807895  0.2333268  0.0043360 
10.8409267  0.2363453  0.0045900 
10.9010639  0.2410774  0.0041010 
10.9612111  0.2526013  0.0040170 
11.0213483  0.2655514  0.0038550 
11.0814855  0.2820597  0.0021090 
11.1416327  0.3249738  0.0075710 
11.2017699  0.3842452  0.0069060 
11.2619171  0.4111845  0.0053650 
11.3220543  0.3872544  0.0031910 
11.3821915  0.3674308  0.0030880 
11.4423387  0.3545531  0.0060510 
11.5024759  0.3518976  0.0089590 
11.5626131  0.3484023  0.0037220 
11.6227603  0.3474065  0.0036490 
11.6828975  0.3479039  0.0027380 
11.7430347  0.3539658  0.0028380 
11.8031819  0.3582738  0.0024780 
11.8633191  0.3667152  0.0024530 
11.9234662  0.3768711  0.0092860 
11.9836035  0.3839174  0.0042520 
12.0437407  0.3890682  0.0067190 
12.1038878  0.3939120  0.0030940 
12.1640251  0.4004961  0.0121240 
12.2241623  0.4143882  0.0038890 
12.2843094  0.4284188  0.0032500 
12.3444467  0.4325593  0.0030180 
12.4045839  0.4356802  0.0036150 
12.4647310  0.4425860  0.0035980 
12.5248683  0.4538359  0.0025630 
12.5850154  0.4653713  0.0035780 
12.6451526  0.4748922  0.0031040 
12.7052898  0.5006961  0.0039750 
12.7654370  0.5855449  0.0039940 
12.8255742  0.6482051  0.0032170 
12.8857114  0.5314016  0.0037180 
12.9458586  0.4742159  0.0035670 
13.0059958  0.4721519  0.0042430 
13.0661330  0.4811372  0.0028290 
13.1262802  0.4946425  0.0097660 
13.1864174  0.4853284  0.0057920 
13.2465546  0.4815177  0.0032990 
13.3067018  0.4849323  0.0032880 
13.3668390  0.4926953  0.0080580 
13.4269862  0.5008781  0.0077060 
13.4871234  0.5132252  0.0092360 
13.5472606  0.5221143  0.0087970 
13.6074078  0.5272600  0.0088240 
13.6675450  0.5387230  0.0140990 
13.7276822  0.5441200  0.0129290 
13.7878294  0.5525458  0.0144050 
13.8479666  0.5614556  0.0422930 
13.9081038  0.5786630  0.0383230 
