5.1699409  0.3012145  0.0091800 
5.1997340  0.3083798  0.0080750 
5.2295271  0.3079061  0.0063540 
5.2593202  0.3058795  0.0080080 
5.2891232  0.3044598  0.0071690 
5.3189163  0.3058351  0.0071240 
5.3487094  0.3110774  0.0062810 
5.3785025  0.3043895  0.0068840 
5.4082956  0.3005669  0.0041070 
5.4380985  0.3063223  0.0096080 
5.4678916  0.3070464  0.0064720 
5.4976847  0.3081134  0.0038380 
5.5274778  0.3098279  0.0045090 
5.5572709  0.3019435  0.0042500 
5.5870739  0.3051999  0.0057510 
5.6168670  0.3139539  0.0039270 
5.6466601  0.3174977  0.0041890 
5.6764532  0.3190334  0.0045270 
5.7062463  0.3216521  0.0059230 
5.7360493  0.3246026  0.0051190 
5.7658424  0.3242671  0.0091560 
5.7956355  0.3256770  0.0091930 
5.8254286  0.3254500  0.0050030 
5.8552217  0.3280934  0.0084360 
5.8850246  0.3300003  0.0045070 
5.9148177  0.3302396  0.0111590 
5.9446108  0.3291776  0.0070750 
5.9744039  0.3330470  0.0051020 
6.0041970  0.3393748  0.0048920 
6.0340000  0.3403295  0.0053580 
6.0637931  0.3406552  0.0063100 
6.0935862  0.3419269  0.0129050 
6.1233793  0.3500592  0.0059000 
6.1531724  0.3679559  0.0086460 
6.1829754  0.3933583  0.0081650 
6.2127685  0.4035320  0.0058130 
6.2425616  0.3982589  0.0058350 
6.2723547  0.3953368  0.0083350 
6.3021478  0.3838530  0.0063720 
6.3319507  0.3716255  0.0060220 
6.3617438  0.3648475  0.0061180 
6.3915369  0.3647562  0.0052960 
6.4213300  0.3608473  0.0052300 
6.4511232  0.3608831  0.0051590 
6.4809261  0.3588059  0.0067820 
6.5107192  0.3587565  0.0072590 
6.5405123  0.3547687  0.0056930 
6.5703054  0.3578092  0.0056100 
6.6000985  0.3626692  0.0060510 
6.6299015  0.3617181  0.0083450 
6.6596946  0.3667952  0.0049480 
6.6894877  0.3616848  0.0121770 
6.7192808  0.3622905  0.0050470 
6.7490739  0.3618810  0.0055590 
6.7788768  0.3607967  0.0059350 
6.8086700  0.3625631  0.0061020 
6.8384631  0.3666249  0.0057380 
6.8682562  0.3646575  0.0069020 
6.8980493  0.3723631  0.0065560 
6.9278522  0.3745304  0.0110490 
6.9576453  0.3800046  0.0076240 
6.9874384  0.3913230  0.0099140 
7.0172315  0.3879457  0.0140610 
7.0470246  0.3867727  0.0064020 
7.0768276  0.3905545  0.0060930 
7.1066207  0.3940576  0.0109470 
7.1364138  0.4019112  0.0104340 
7.1662069  0.4044313  0.0088440 
7.1960000  0.4065023  0.0095010 
7.2258030  0.4125229  0.0111320 
7.2555961  0.4155598  0.0082610 
7.2853892  0.4235293  0.0080030 
7.3151823  0.4362946  0.0115690 
7.3449754  0.4343124  0.0096440 
7.3747783  0.4397348  0.0085510 
7.3449754  0.4196710  0.0093150 
7.4045714  0.4462057  0.0081850 
7.4641576  0.4396842  0.0074650 
7.5237438  0.4487195  0.0091300 
7.5833399  0.4736803  0.0137420 
7.6429261  0.4965935  0.0182740 
7.7025123  0.4964517  0.0175140 
7.7621084  0.5029472  0.0189880 
7.8216946  0.5016730  0.0179350 
7.8812906  0.4821692  0.0208470 
7.9408768  0.4891791  0.0128500 
8.0004631  0.4795850  0.0124480 
8.0600591  0.4652963  0.0122380 
8.1196453  0.4565781  0.0205090 
8.1792315  0.4529541  0.0190900 
8.2388276  0.4514961  0.0101100 
8.2984138  0.4526260  0.0092370 
8.3580000  0.4503379  0.0084130 
8.4175961  0.4503860  0.0089780 
8.4771823  0.4594508  0.0104650 
8.5367783  0.4669813  0.0081670 
8.5963645  0.4727984  0.0085840 
8.6559507  0.4670590  0.0082050 
8.7155468  0.4534154  0.0085670 
8.7751330  0.4429406  0.0101860 
8.8347192  0.4300347  0.0088160 
8.8943153  0.4221009  0.0091080 
8.9539015  0.4238611  0.0096280 
9.0134877  0.4279156  0.0097280 
9.0730837  0.4211117  0.0106960 
9.1326700  0.4209094  0.0090420 
9.1922660  0.4292490  0.0100520 
9.2518522  0.4336796  0.0258040 
9.3114384  0.4337413  0.0108780 
9.3710345  0.4356717  0.0271810 
9.4306207  0.4393006  0.0219020 
9.4902069  0.4476513  0.0210020 
9.5498030  0.4542517  0.0099150 
9.6093892  0.4602921  0.0098820 
9.6689754  0.4653469  0.0114990 
9.7285714  0.4726800  0.0104650 
9.7881576  0.4721138  0.0098930 
9.8477537  0.4653531  0.0049020 
9.9073399  0.4770218  0.0245920 
9.9669261  0.4842550  0.0256330 
10.0265222  0.4871734  0.0327650 
10.0861084  0.4904360  0.0100290 
10.1456946  0.4940390  0.0104470 
10.2052906  0.5003668  0.0313360 
10.2648768  0.5028165  0.0115110 
10.3244631  0.5041733  0.0104510 
10.3840591  0.5079342  0.0107990 
10.4436453  0.5196733  0.0320980 
10.5032414  0.5496852  0.0113790 
10.5628276  0.5570824  0.0085550 
10.6224138  0.5354816  0.0107830 
10.6820099  0.5425347  0.0130280 
10.7415961  0.5501749  0.0104860 
10.8011823  0.5468050  0.0137850 
10.8607783  0.5465854  0.0111210 
10.9203645  0.5567876  0.0102680 
10.9799507  0.5689793  0.0111100 
11.0395468  0.5823701  0.0098790 
11.0991330  0.5997387  0.0106580 
11.1587291  0.6624540  0.0126790 
11.2183153  0.7416388  0.0136200 
11.2779015  0.7498477  0.0214220 
11.3374975  0.7159120  0.0168040 
11.3970837  0.6813584  0.0249170 
11.4566700  0.6501673  0.0212640 
11.5162660  0.6329984  0.0140480 
11.5758522  0.6189503  0.0139490 
11.6354384  0.6045789  0.0122430 
11.6950345  0.5928460  0.0156130 
11.7546207  0.6013250  0.0130930 
11.8142167  0.6060863  0.0128890 
11.8738030  0.6193919  0.0129570 
11.9333892  0.6247600  0.0184680 
11.9929852  0.6260342  0.0187800 
12.0525714  0.6247625  0.0129310 
12.1121576  0.6263290  0.0278350 
12.1717537  0.6226261  0.0140100 
12.2313399  0.6242259  0.0078450 
12.2909261  0.6351644  0.0245350 
12.3505222  0.6392238  0.0227600 
12.4101084  0.6417932  0.0123100 
12.4697044  0.6443810  0.0141430 
12.5292906  0.6528612  0.0189000 
12.5888768  0.6680183  0.0134030 
12.6484729  0.6739168  0.0115360 
12.7080591  0.6891294  0.0195910 
12.7676453  0.7391780  0.0216710 
12.8272414  0.7847442  0.0133520 
12.8868276  0.7000433  0.0191320 
12.9464138  0.6351706  0.0123440 
13.0060099  0.6396950  0.0142990 
13.0655961  0.6417500  0.0278230 
13.1251823  0.6289501  0.0103470 
13.1847783  0.6270678  0.0082440 
13.2443645  0.6292684  0.0118450 
13.3039606  0.6333006  0.0123190 
13.3635468  0.6357664  0.0236620 
13.4231330  0.6393052  0.0233830 
13.4827291  0.6461252  0.0107020 
13.5423153  0.6515661  0.0097370 
13.6019015  0.6525603  0.0089660 
13.6614975  0.6479729  0.0159230 
13.7210837  0.6517412  0.0101140 
13.7806700  0.6545030  0.0079040 
