5.2094609  0.8252819  0.0594000 
5.2394818  0.8252192  0.0484660 
5.2695026  0.8316562  0.0177160 
5.2995235  0.8228563  0.0182180 
5.3295543  0.8516657  0.0094920 
5.3595751  0.8361266  0.0137190 
5.3895959  0.8288218  0.0342360 
5.4196168  0.8319204  0.0331230 
5.4496376  0.8211430  0.0081290 
5.4796684  0.8332150  0.0143640 
5.5096893  0.8368825  0.0147400 
5.5397101  0.8259483  0.0070850 
5.5697310  0.8325453  0.0075090 
5.5997518  0.8726428  0.0153180 
5.6297826  0.8482938  0.0101720 
5.6598034  0.8309910  0.0114680 
5.6898243  0.8335218  0.0084430 
5.7198451  0.8298789  0.0087710 
5.7498660  0.8340706  0.0106640 
5.7798968  0.8258676  0.0114410 
5.8099176  0.8125503  0.0139280 
5.8399384  0.8106421  0.0153410 
5.8699593  0.8264589  0.0267110 
5.8999801  0.8255104  0.0465260 
5.9300109  0.8183097  0.0250340 
5.9600318  0.8131965  0.0164230 
5.9900526  0.8188641  0.0133940 
6.0200735  0.8277445  0.0140690 
6.0500943  0.8266616  0.0116280 
6.0801251  0.8381424  0.0146320 
6.1101459  0.8534653  0.0198370 
6.1401668  0.8632192  0.0390780 
6.1701876  0.8942358  0.0127440 
6.2002085  0.9082385  0.0119190 
6.2302393  0.8994196  0.0135140 
6.2602601  0.8967353  0.0139840 
6.2902809  0.8913309  0.0347730 
6.3203018  0.8924015  0.0119800 
6.3503226  0.8965371  0.0120130 
6.3803534  0.8886209  0.0098970 
6.4103743  0.8907620  0.0092520 
6.4403951  0.8932504  0.0094800 
6.4704160  0.8863879  0.0124400 
6.5004368  0.8992158  0.0294940 
6.5304676  0.8942179  0.0280780 
6.5604884  0.9008878  0.0137690 
6.5905093  0.9000176  0.0249430 
6.6205301  0.9095409  0.0225900 
6.6505510  0.9096170  0.0185400 
6.6805818  0.9037389  0.0130290 
6.7106026  0.9060716  0.0114730 
6.7406234  0.9030480  0.0134040 
6.7706443  0.9093807  0.0126790 
6.8006651  0.9103360  0.0113020 
6.8306959  0.9156206  0.0381700 
6.8607168  0.9151883  0.0284460 
6.8907376  0.9485017  0.0169900 
6.9207585  0.9435968  0.0128520 
6.9507793  0.9951448  0.0126610 
6.9808101  1.0535351  0.0204930 
7.0108309  0.9814646  0.0122070 
7.0408518  0.9671932  0.0119300 
7.0708726  0.9752808  0.0128640 
7.1008935  0.9833415  0.0132510 
7.1309243  0.9967327  0.0102790 
7.1609451  1.0015895  0.0144890 
7.1909659  0.9947450  0.0130280 
7.2209868  1.0031517  0.0137130 
7.2510076  1.0125641  0.0118880 
7.2810384  1.0201780  0.0151810 
7.3110593  1.0334382  0.0292460 
7.3410801  1.0437027  0.0117450 
7.3711010  1.0513872  0.0384760 
7.4011218  1.0546571  0.0179740 
7.4311526  1.0628220  0.0161190 
7.4011218  1.0572866  0.0180500 
7.4611734  1.0963314  0.0093350 
7.5212151  1.0915362  0.0130120 
7.5812568  1.1336360  0.0170710 
7.6413084  1.2043861  0.0101940 
7.7013501  1.1706404  0.0094840 
7.7613918  1.1386608  0.0117220 
7.8214435  1.1510844  0.0105250 
7.8814852  1.1418479  0.0119700 
7.9415368  1.1199054  0.0108620 
8.0015785  1.0952283  0.0139350 
8.0616202  1.0739366  0.0082390 
8.1216718  1.0483154  0.0096620 
8.1817135  1.0245185  0.0142550 
8.2417552  1.0103322  0.0324440 
8.3018068  1.0044821  0.0090160 
8.3618485  0.9819842  0.0066530 
8.4218902  0.9536732  0.0086700 
8.4819418  0.9293992  0.0147480 
8.5419835  0.9126474  0.0123160 
8.6020351  0.8958775  0.0127550 
8.6620768  0.8652630  0.0129960 
8.7221185  0.8259774  0.0113570 
8.7821702  0.7910805  0.0078690 
8.8422119  0.7527781  0.0096430 
8.9022535  0.7320911  0.0111810 
8.9623052  0.7428820  0.0114390 
9.0223469  0.7065976  0.0068860 
9.0823886  0.6453920  0.0062350 
9.1424402  0.6181571  0.0055410 
9.2024819  0.5997512  0.0044820 
9.2625335  0.5755523  0.0055110 
9.3225752  0.5622249  0.0059780 
9.3826169  0.5516994  0.0120980 
9.4426685  0.5450911  0.0098210 
9.5027102  0.5507733  0.0104150 
9.5627519  0.5374078  0.0055780 
9.6228035  0.5460945  0.0046780 
9.6828452  0.5433318  0.0054970 
9.7428869  0.5352017  0.0095410 
9.8029385  0.5394605  0.0051730 
9.8629802  0.5504698  0.0055380 
9.9230319  0.5577063  0.0139750 
9.9830736  0.5789387  0.0056880 
10.0431153  0.6030973  0.0343300 
10.1031669  0.6200418  0.0105910 
10.1632086  0.6411724  0.0059820 
10.2232503  0.6644407  0.0061280 
10.2833019  0.6938458  0.0135750 
10.3433436  0.7125362  0.0118030 
10.4033853  0.7453591  0.0109590 
10.4634369  0.9185143  0.0079440 
10.5234786  1.0081910  0.0079060 
10.5835302  0.8402208  0.0322540 
10.6435719  0.8081672  0.0087920 
10.7036136  0.8316606  0.0061650 
10.7636652  0.8457641  0.0095290 
10.8237069  0.8582012  0.0103160 
10.8837486  0.8784201  0.0094940 
10.9438003  0.8869657  0.0063360 
11.0038420  0.9218335  0.0064060 
11.0638836  0.9423907  0.0269800 
11.1239353  1.0012110  0.0208790 
