5.2425700  0.9408719  0.0257720 
5.2727816  0.9576780  0.0200210 
5.3029932  0.9809249  0.0208810 
5.3332049  0.9862703  0.0164060 
5.3634265  0.9682138  0.0127070 
5.3936382  0.9543437  0.0094020 
5.4238498  0.9694832  0.0092150 
5.4540615  0.9802412  0.0121640 
5.4842731  0.9750139  0.0146240 
5.5144948  0.9920781  0.0093300 
5.5447064  0.9715111  0.0099770 
5.5749181  0.9809228  0.0168870 
5.6051297  1.0003088  0.0117380 
5.6353413  1.0077464  0.0088870 
5.6655630  0.9962203  0.0181520 
5.6957746  0.9934739  0.0131870 
5.7259863  1.0018848  0.0132750 
5.7561979  1.0064084  0.0159570 
5.7864096  1.0053834  0.0173190 
5.8166312  1.0108362  0.0157640 
5.8468429  1.0200193  0.0125430 
5.8770545  1.0256880  0.0128510 
5.9072661  1.0312799  0.0144380 
5.9374778  1.0310523  0.0135810 
5.9676994  1.0396371  0.0132860 
5.9979111  1.0486653  0.0164560 
6.0281227  1.0508271  0.0145190 
6.0583344  1.0554044  0.0308230 
6.0885460  1.0607276  0.0137320 
6.1187677  1.0648625  0.0299450 
6.1489793  1.0687877  0.0286100 
6.1791910  1.0811102  0.0221850 
6.2094026  1.0847784  0.0116280 
6.2396142  1.0769237  0.0133570 
6.2698359  1.0752560  0.0131420 
6.3000475  1.0870054  0.0118070 
6.3302592  1.0771997  0.0121190 
6.3604708  1.0865661  0.0230420 
6.3906825  1.0894705  0.0283470 
6.4209041  1.0920557  0.0102910 
6.4511158  1.0932430  0.0292250 
6.4813274  1.0927626  0.0108120 
6.5115391  1.0875722  0.0112990 
6.5417507  1.0946051  0.0132350 
6.5719723  1.0987116  0.0137920 
6.6021840  1.1092231  0.0102980 
6.6323956  1.1162593  0.0159670 
6.6626073  1.1212496  0.0210550 
6.6928189  1.1261250  0.0160180 
6.7230406  1.1233428  0.0109390 
6.7532522  1.1316705  0.0126820 
6.7834639  1.1263758  0.0138960 
6.8136755  1.1239359  0.0141210 
6.8438871  1.1215277  0.0150750 
6.8741088  1.1345454  0.0158450 
6.9043204  1.1631398  0.0126600 
6.9345321  1.1642818  0.0173080 
6.9647437  1.2394555  0.0186420 
6.9949554  1.3392867  0.0258260 
7.0251770  1.2076280  0.0146660 
7.0553887  1.1470080  0.0172370 
7.0856003  1.1598467  0.0118830 
7.1158120  1.1725368  0.0137980 
7.1460236  1.1752221  0.0147360 
7.1762452  1.1759448  0.0113500 
7.2064569  1.1844052  0.0162360 
7.2366685  1.2053304  0.0161390 
7.2668802  1.1986693  0.0140400 
7.2970918  1.2220279  0.0223340 
7.3273135  1.2387128  0.0150730 
7.3575251  1.2416372  0.0253000 
7.3877368  1.2454339  0.0156900 
7.4179484  1.2499312  0.0175290 
7.4481601  1.2638118  0.0156060 
7.4783817  1.2701410  0.0223640 
7.4481601  1.2118419  0.0233990 
7.5085933  1.2211567  0.0168550 
7.5690166  1.2654046  0.0278470 
7.6294399  1.3257412  0.0221960 
7.6898732  1.3299424  0.0220200 
7.7502965  1.2919742  0.0133480 
7.8107198  1.2936008  0.0167390 
7.8711531  1.2986596  0.0209240 
7.9315764  1.2906932  0.0126600 
7.9920097  1.2837287  0.0092530 
8.0524330  1.2696965  0.0129890 
8.1128562  1.2410905  0.0119020 
8.1732895  1.2272162  0.0109600 
8.2337128  1.2098034  0.0153020 
8.2941361  1.2060446  0.0295750 
8.3545694  1.2025092  0.0335210 
8.4149927  1.1596033  0.0118520 
8.4754160  1.1429901  0.0105970 
8.5358493  1.1270668  0.0142450 
8.5962726  1.1117293  0.0124130 
8.6567059  1.0917745  0.0125290 
8.7171291  1.0544141  0.0109640 
8.7775524  1.0131580  0.0066560 
8.8379857  0.9710076  0.0076910 
8.8984090  0.9278415  0.0083830 
8.9588323  0.9131540  0.0348600 
9.0192656  0.8850189  0.0073670 
9.0796889  0.8155445  0.0082840 
9.1401122  0.7756896  0.0080830 
9.2005455  0.7357335  0.0087220 
9.2609688  0.7024079  0.0095090 
9.3214021  0.6800785  0.0065230 
9.3818253  0.6547541  0.0077100 
9.4422486  0.6418891  0.0052110 
9.5026819  0.6372696  0.0059790 
9.5631052  0.6254402  0.0059550 
9.6235285  0.6380071  0.0069960 
9.6839618  0.6432987  0.0071260 
9.7443851  0.6171367  0.0083700 
9.8048084  0.6186200  0.0065910 
9.8652417  0.6318053  0.0051840 
9.9256650  0.6467783  0.0060000 
9.9860982  0.6605398  0.0298400 
10.0465215  0.6972227  0.0085110 
10.1069448  0.7438895  0.0546990 
10.1673781  0.7688947  0.0217720 
10.2278014  0.7978662  0.0084850 
10.2882247  0.8357681  0.0083570 
10.3486580  0.8722150  0.0078470 
10.4090813  0.9049917  0.0069130 
10.4695046  0.9717524  0.0075580 
10.5299379  1.0289485  0.0153600 
10.5903612  1.0357045  0.0102610 
10.6507944  1.0579717  0.0100720 
10.7112177  1.0887310  0.0256960 
10.7716410  1.1175277  0.0108230 
10.8320743  1.1459324  0.0125300 
10.8924976  1.1784331  0.0122590 
10.9529209  1.2116586  0.0109280 
11.0133542  1.2545697  0.0092330 
11.0737775  1.3087223  0.0118180 
11.1342008  1.3906182  0.0111200 
11.1946341  1.5508893  0.0470130 
11.2550574  1.6815357  0.0362760 
11.3154906  1.7146358  0.0120560 
11.3759139  1.7061553  0.0149860 
11.4363372  1.7191583  0.0233950 
11.4967705  1.7477306  0.0432510 
11.5571938  1.7758393  0.0270350 
11.6176171  1.7943141  0.0242330 
11.6780504  1.8249248  0.0448000 
11.7384737  1.8610726  0.0171650 
11.7988970  1.8771096  0.0159280 
11.8593303  1.8985499  0.0196450 
11.9197535  1.9699943  0.0172360 
11.9801868  2.0316298  0.0563010 
12.0406101  2.0699393  0.0562910 
12.1010334  2.0980281  0.0137010 
12.1614667  2.1163943  0.0156330 
12.2218900  2.1549830  0.0206950 
12.2823133  2.2067095  0.0182530 
12.3427466  2.2242446  0.0151360 
12.4031699  2.2240823  0.0214060 
12.4635932  2.2329357  0.0244550 
12.5240265  2.2481531  0.0227970 
12.5844497  2.2866354  0.0158220 
12.6448830  2.3066335  0.0159440 
12.7053063  2.3301027  0.0376280 
12.7657296  2.7745364  0.0175120 
12.8261629  3.2683031  0.0493570 
12.8865862  2.7708650  0.0219850 
12.9470095  2.2721607  0.0489560 
13.0074428  2.2363922  0.0213490 
13.0678661  2.2298606  0.0295230 
13.1282894  2.2285796  0.0167830 
13.1887226  2.2307150  0.0169980 
13.2491459  2.2336942  0.0239690 
13.3095692  2.2424581  0.0379640 
13.3700025  2.2357264  0.0253730 
13.4304258  2.2351290  0.0242990 
13.4908591  2.2411992  0.0261980 
13.5512824  2.2623729  0.0258530 
13.6117057  2.2761934  0.0273280 
13.6721390  2.2857126  0.0737290 
13.7325623  2.2921272  0.0872240 
13.7929856  2.3087109  0.0316490 
13.8534188  2.3293980  0.0202060 
13.9138421  2.3443783  0.0306770 
13.9742654  2.3470141  0.0724010 
14.0561586  2.1861426  0.0207180 
14.1407592  2.2500862  0.0351420 
14.2253598  2.3005560  0.0392270 
