5.0691081  0.3072153  0.0173100 
5.0983202  0.3270976  0.0407420 
5.1275322  0.3339632  0.0284070 
5.1567442  0.3206087  0.0150750 
5.1859659  0.3150493  0.0394170 
5.2151779  0.3288046  0.0323210 
5.2443900  0.3294193  0.0148510 
5.2736020  0.3418551  0.0242030 
5.3028140  0.3266336  0.0201510 
5.3320357  0.3210607  0.0365670 
5.3612477  0.3169944  0.0144610 
5.3904598  0.3173428  0.0214840 
5.4196718  0.3319334  0.0368600 
5.4488838  0.3339834  0.0274920 
5.4781055  0.3359351  0.0356880 
5.5073176  0.3278509  0.0219400 
5.5365296  0.3264829  0.0404120 
5.5657416  0.3264143  0.0221200 
5.5949536  0.3389186  0.0157120 
5.6241753  0.3434329  0.0288520 
5.6533874  0.3436548  0.0302670 
5.6825994  0.3419694  0.0269940 
5.7118114  0.3473378  0.0157780 
5.7410234  0.3504343  0.0286070 
5.7702451  0.3528367  0.0280830 
5.7994572  0.3524775  0.0274210 
5.8286692  0.3570066  0.0160080 
5.8578812  0.3529645  0.0359710 
5.8870932  0.3504101  0.0377760 
5.9163149  0.3507490  0.0388060 
5.9455270  0.3510409  0.0239540 
5.9747390  0.3536518  0.0413690 
6.0039510  0.3611213  0.0253780 
6.0331631  0.3498142  0.0180660 
6.0623847  0.3417797  0.0157260 
6.0915968  0.3436118  0.0160140 
6.1208088  0.3496716  0.0391420 
6.1500208  0.3517283  0.0165240 
6.1792329  0.3574397  0.0289830 
6.2084545  0.3591023  0.0289300 
6.2376666  0.3547320  0.0433120 
6.2668786  0.3526121  0.0160690 
6.2960906  0.3512804  0.0166200 
6.3253027  0.3540567  0.0184230 
6.3545244  0.3662073  0.0185600 
6.3837364  0.3742350  0.0381800 
6.4129484  0.3795402  0.0181950 
6.4421604  0.3756447  0.0325590 
6.4713725  0.3671125  0.0396210 
6.5005942  0.3607931  0.0416330 
6.5298062  0.3620602  0.0170760 
6.5590182  0.3587095  0.0257850 
6.5882302  0.3706785  0.0376650 
6.6174423  0.3658737  0.0399490 
6.6466640  0.3638264  0.0420910 
6.6758760  0.3703462  0.0477940 
6.7050880  0.3648218  0.0258800 
6.7343000  0.3679089  0.0175970 
6.7635121  0.3701256  0.0290630 
6.7927338  0.3733001  0.0363670 
6.8219458  0.3730916  0.0338970 
6.8511578  0.3724635  0.0306270 
6.8803699  0.3707619  0.0189750 
6.9095819  0.3678080  0.0439820 
6.9388036  0.3642420  0.0220430 
6.9680156  0.3742807  0.0437150 
6.9972276  0.3670789  0.0279670 
7.0264397  0.3739956  0.0186970 
7.0556517  0.3789470  0.0332560 
7.0848734  0.3812875  0.0409700 
7.1140854  0.3792954  0.0396390 
7.1432974  0.3774418  0.0317550 
7.1725095  0.3729100  0.0392880 
7.2017215  0.3701942  0.0315090 
7.2309432  0.3710215  0.0419790 
7.2017215  0.3899232  0.0207400 
7.2601552  0.3861569  0.0202570 
7.3185793  0.3874751  0.0186590 
7.3770033  0.3928099  0.0189100 
7.4354370  0.3971385  0.0183920 
7.4938611  0.3916571  0.0195180 
7.5522852  0.3902878  0.0194570 
7.6107189  0.3973080  0.0330800 
7.6691429  0.3992826  0.0425670 
7.7275767  0.3945478  0.0179780 
7.7860007  0.3891673  0.0179460 
7.8444248  0.3819681  0.0431290 
7.9028585  0.3817691  0.0431170 
7.9612825  0.3819870  0.0186760 
8.0197066  0.3844876  0.0382470 
8.0781403  0.3798092  0.0180900 
8.1365644  0.3673614  0.0613240 
8.1949884  0.3723747  0.0187870 
8.2534222  0.3720989  0.0356990 
8.3118462  0.3706516  0.0153370 
8.3702799  0.3745807  0.0150440 
8.4287040  0.3657566  0.0286670 
8.4871280  0.3602605  0.0452390 
8.5455618  0.3538509  0.0414870 
8.6039858  0.3524426  0.0288070 
8.6624099  0.3510947  0.0217110 
8.7208436  0.3555929  0.0299880 
8.7792677  0.3534662  0.0253370 
8.8376917  0.3483171  0.0148250 
8.8961254  0.3533774  0.0320350 
8.9545495  0.3536518  0.0354670 
9.0129832  0.3467500  0.0189390 
9.0714073  0.3476203  0.0126240 
9.1298313  0.3528448  0.0227060 
9.1882650  0.3489990  0.0227480 
9.2466891  0.3461110  0.0119100 
9.3051132  0.3455797  0.0123580 
9.3635469  0.3453699  0.0121380 
9.4219709  0.3385070  0.0181240 
9.4803950  0.3436118  0.0123520 
9.5388287  0.3422398  0.0154200 
9.5972528  0.3402503  0.0157780 
9.6556865  0.3461110  0.0311370 
9.7141105  0.3499743  0.0318930 
9.7725346  0.3333659  0.0039540 
9.8309683  0.3457653  0.0260520 
9.8893924  0.3480870  0.0227030 
9.9478164  0.3508674  0.0137970 
10.0062502  0.3634995  0.0145890 
10.0646742  0.3650827  0.0246210 
10.1230983  0.3728535  0.0143470 
10.1815320  0.3799652  0.0346910 
10.2399560  0.3881208  0.0355640 
10.2983898  0.4028741  0.0298160 
10.3568138  0.3981003  0.0389110 
10.4152379  0.4034297  0.0411300 
10.4736716  0.4129720  0.0261340 
10.5320957  0.4156555  0.0356200 
10.5905197  0.4155130  0.0148140 
10.6489534  0.4191139  0.0155600 
10.7073775  0.4232219  0.0146540 
10.7658016  0.4259740  0.0423070 
10.8242353  0.4290382  0.0148710 
10.8826593  0.4300242  0.0157770 
10.9410930  0.4308595  0.0152300 
10.9995171  0.4314823  0.0418420 
11.0579412  0.4318643  0.0411460 
11.1163749  0.4390541  0.0355400 
11.1747989  0.4507553  0.0142950 
11.2332230  0.4596547  0.0295350 
11.2916567  0.4621378  0.0162280 
11.3500808  0.4741713  0.0148450 
11.4085048  0.4830599  0.0147770 
11.4669385  0.4812534  0.0165900 
11.5253626  0.4883813  0.0169030 
11.5837963  0.4933394  0.0147100 
11.6422204  0.4983931  0.0161330 
11.7006444  0.5019429  0.0176160 
11.7590782  0.5077054  0.0179980 
11.8175022  0.5120394  0.0276300 
11.8759263  0.5159968  0.0285360 
11.9343600  0.5216947  0.0186680 
11.9927840  0.5224144  0.0491290 
12.0512081  0.5246002  0.0544890 
12.1096418  0.5278258  0.0188190 
12.1680659  0.5376197  0.0386320 
12.2264996  0.5394881  0.0364780 
12.2849237  0.5425362  0.0175440 
12.3433477  0.5452331  0.0170390 
12.4017814  0.5402777  0.0182590 
12.4602055  0.5369310  0.0472100 
12.5186296  0.5371852  0.0174960 
12.5770633  0.5375942  0.0448900 
12.6354873  0.5358293  0.0170780 
12.6939114  0.5364656  0.0172800 
12.7523451  0.5413471  0.0299730 
12.8107692  0.5429222  0.0305870 
12.8691932  0.5383165  0.0373860 
12.9276269  0.5261404  0.0184990 
12.9860510  0.5282670  0.0181000 
13.0444847  0.5370144  0.0252710 
13.1029088  0.5412408  0.0172910 
13.1613328  0.5341009  0.0362320 
13.2197665  0.5391034  0.0198650 
13.2781906  0.5414372  0.0295350 
13.3366147  0.5387294  0.0419290 
13.3950484  0.5377623  0.0329220 
13.4534724  0.5362813  0.0148650 
13.5118965  0.5430500  0.0151460 
