5.1775925  0.1054544  0.0045060 
5.2074297  0.1078198  0.0055430 
5.2372669  0.1094837  0.0039100 
5.2671041  0.1084877  0.0031770 
5.2969512  0.1137649  0.0044470 
5.3267884  0.1308009  0.0052870 
5.3566256  0.1287983  0.0044350 
5.3864628  0.1113545  0.0033120 
5.4163000  0.1122974  0.0042260 
5.4461470  0.1250718  0.0024060 
5.4759842  0.1236990  0.0031440 
5.5058214  0.1378484  0.0053900 
5.5356586  0.1251792  0.0044370 
5.5654958  0.1220119  0.0026000 
5.5953429  0.1472521  0.0047710 
5.6251801  0.1492211  0.0037320 
5.6550173  0.1267334  0.0037860 
5.6848545  0.1245541  0.0033660 
5.7146917  0.1258309  0.0030430 
5.7445387  0.1293114  0.0025020 
5.7743759  0.1295783  0.0041870 
5.8042131  0.1312319  0.0028770 
5.8340503  0.1352427  0.0034810 
5.8638875  0.1362827  0.0029870 
5.8937346  0.1388110  0.0037050 
5.9235718  0.1401109  0.0036950 
5.9534090  0.1415634  0.0037120 
5.9832462  0.1451710  0.0034750 
6.0130834  0.1456875  0.0034220 
6.0429304  0.1464490  0.0031740 
6.0727676  0.1490501  0.0034700 
6.1026048  0.1495724  0.0062420 
6.1324420  0.1529731  0.0032300 
6.1622792  0.1551039  0.0031760 
6.1921263  0.1540396  0.0027790 
6.2219635  0.1541332  0.0031120 
6.2518007  0.1550507  0.0032490 
6.2816379  0.1575755  0.0031440 
6.3114751  0.1590015  0.0040750 
6.3413222  0.1595365  0.0029830 
6.3711593  0.1599201  0.0028530 
6.4009965  0.1616337  0.0040020 
6.4308337  0.1634537  0.0031680 
6.4606709  0.1659554  0.0091810 
6.4905180  0.1688304  0.0035220 
6.5203552  0.1711322  0.0035550 
6.5501924  0.1699223  0.0039390 
6.5800296  0.1732930  0.0037550 
6.6098668  0.1770739  0.0057760 
6.6397139  0.1853613  0.0039960 
6.6695511  0.1846819  0.0087740 
6.6993883  0.1860893  0.0041800 
6.7292255  0.1873419  0.0044600 
6.7590627  0.1846668  0.0048170 
6.7889097  0.1851637  0.0044750 
6.8187469  0.1875129  0.0047850 
6.8485841  0.1894264  0.0067280 
6.8784213  0.1963226  0.0045880 
6.9082585  0.1992773  0.0096150 
6.9381056  0.2054975  0.0057260 
6.9679428  0.2750070  0.0100120 
6.9977800  0.2965980  0.0062380 
7.0276172  0.2213675  0.0128040 
7.0574544  0.2053900  0.0053310 
7.0873014  0.2117350  0.0060250 
7.1171386  0.2131436  0.0078370 
7.1469758  0.2176721  0.0084000 
7.1768130  0.2219268  0.0069270 
7.2066502  0.2266217  0.0066710 
7.2364973  0.2340482  0.0087420 
7.2663345  0.2375113  0.0183140 
7.2961717  0.2490354  0.0175070 
7.3260089  0.2550141  0.0147620 
7.3558461  0.2554786  0.0081520 
7.3856931  0.2567277  0.0185650 
7.3558461  0.2213629  0.0055830 
7.4155303  0.2336519  0.0074350 
7.4752047  0.2338495  0.0068350 
7.5348791  0.2300270  0.0074210 
7.5945634  0.2438147  0.0167220 
7.6542378  0.3522989  0.0058510 
7.7139122  0.3075373  0.0183230 
7.7735964  0.2496155  0.0033010 
7.8332708  0.2608610  0.0116150 
7.8929551  0.2618710  0.0072180 
7.9526295  0.2595934  0.0053300 
8.0123039  0.2612886  0.0048200 
8.0719882  0.2645448  0.0068970 
8.1316626  0.2661614  0.0061280 
8.1913370  0.2704242  0.0075840 
8.2510212  0.2707442  0.0045930 
8.3106956  0.2751029  0.0031400 
8.3703700  0.2794627  0.0053150 
8.4300543  0.2845077  0.0036340 
8.4897287  0.2823711  0.0035170 
8.5494129  0.2850496  0.0038690 
8.6090873  0.2900993  0.0047210 
8.6687617  0.2900380  0.0039850 
8.7284460  0.2913565  0.0035700 
8.7881204  0.2921746  0.0034770 
8.8477948  0.2934700  0.0094880 
8.9074790  0.2936283  0.0043990 
8.9671534  0.3318912  0.0081590 
9.0268278  0.3552074  0.0052750 
9.0865121  0.2942488  0.0079190 
9.1461865  0.2958769  0.0082920 
9.2058707  0.2905603  0.0056570 
9.2655451  0.2901779  0.0078230 
9.3252195  0.2914801  0.0052560 
9.3849038  0.2914166  0.0055750 
9.4445782  0.2968730  0.0089790 
9.5042526  0.3122033  0.0066570 
9.5639369  0.3183253  0.0056580 
9.6236112  0.3157254  0.0058460 
9.6832856  0.3176147  0.0047080 
9.7429699  0.3185044  0.0084150 
9.8026443  0.3227741  0.0049440 
9.8623286  0.3274667  0.0054840 
9.9220030  0.3351706  0.0077970 
9.9816774  0.3423082  0.0034370 
10.0413616  0.3512994  0.0031520 
10.1010360  0.3608348  0.0051070 
10.1607104  0.3723311  0.0046260 
10.2203947  0.3823206  0.0046360 
10.2800691  0.3888551  0.0054830 
10.3397435  0.4032091  0.0056770 
10.3994277  0.4143772  0.0248950 
10.4591021  0.5155227  0.0045770 
10.5187864  0.6283077  0.0107410 
10.5784608  0.5186056  0.0066480 
10.6381352  0.4489274  0.0084210 
10.6978194  0.4663863  0.0055350 
10.7574938  0.4754849  0.0057320 
10.8171682  0.4899336  0.0104390 
10.8768525  0.4927935  0.0082000 
10.9365269  0.5119752  0.0085520 
10.9962013  0.5224547  0.0084160 
11.0558855  0.5340018  0.0072060 
11.1155599  0.5385927  0.0089720 
11.1752442  0.5544766  0.0087220 
11.2349186  0.5688918  0.0126620 
11.2945930  0.5834248  0.0090940 
11.3542773  0.5935114  0.0100480 
11.4139517  0.6069051  0.0234300 
11.4736260  0.6212348  0.0148340 
11.5333103  0.6369002  0.0127040 
11.5929847  0.6439940  0.0104980 
11.6526591  0.6501495  0.0257030 
11.7123434  0.6556093  0.0097340 
11.7720178  0.6746651  0.0110130 
11.8317020  0.6920153  0.0071120 
11.8913764  0.7066477  0.0088540 
11.9510508  0.7172901  0.0086830 
12.0107351  0.7293919  0.0130220 
12.0704095  0.7427001  0.0120250 
12.1300839  0.7499222  0.0092320 
12.1897681  0.7608881  0.0225080 
12.2494425  0.7806499  0.0228490 
12.3091169  0.7932521  0.0240540 
12.3688012  0.7974882  0.0260810 
12.4284756  0.8050084  0.0104580 
12.4881598  0.8163637  0.0103590 
12.5478342  0.8258818  0.0113180 
12.6075086  0.8415334  0.0093990 
12.6671929  0.8534977  0.0104310 
12.7268673  0.9217707  0.0243150 
12.7865417  1.2398742  0.0111300 
12.8462259  1.3326144  0.0403070 
12.9059003  0.9717149  0.0097070 
12.9655747  0.8936811  0.0119390 
13.0252590  0.9112878  0.0093460 
13.0849334  0.9345948  0.0121910 
13.1446078  0.9416851  0.0131560 
13.2042921  0.9361582  0.0109340 
13.2639665  0.9450361  0.0109250 
13.3236507  0.9597818  0.0106680 
13.3833251  0.9744361  0.0124470 
13.4429995  0.9892396  0.0354330 
13.5026838  1.0092151  0.0158800 
13.5623582  1.0302237  0.0476440 
13.6220326  1.0461735  0.0143770 
13.6817168  1.0602062  0.0213150 
13.7413912  1.0740679  0.0151870 
13.8010656  1.1007420  0.0180670 
13.8819438  1.2719354  0.0174550 
13.9654958  1.3021131  0.0156810 
