5.2154670  0.1051745  0.0046340 
5.2455225  0.1098133  0.0030500 
5.2755780  0.1112930  0.0041850 
5.3056334  0.1094566  0.0032260 
5.3356988  0.1229901  0.0051440 
5.3657543  0.1221132  0.0028140 
5.3958097  0.1139469  0.0033590 
5.4258652  0.1106523  0.0032370 
5.4559206  0.1173009  0.0032050 
5.4859860  0.1202438  0.0033520 
5.5160415  0.1263953  0.0086410 
5.5460970  0.1249685  0.0044350 
5.5761524  0.1180044  0.0038770 
5.6062079  0.1247521  0.0067600 
5.6362733  0.1302976  0.0032210 
5.6663287  0.1278469  0.0084780 
5.6963842  0.1315065  0.0086780 
5.7264397  0.1318285  0.0043740 
5.7564951  0.1300037  0.0068060 
5.7865605  0.1275612  0.0046610 
5.8166160  0.1278733  0.0036160 
5.8466714  0.1288246  0.0034200 
5.8767269  0.1361041  0.0044820 
5.9067824  0.1378513  0.0048210 
5.9368478  0.1387282  0.0097300 
5.9669032  0.1444818  0.0049830 
5.9969587  0.1540171  0.0051790 
6.0270141  0.1729078  0.0052390 
6.0570696  0.1752578  0.0052600 
6.0871350  0.1794028  0.0075360 
6.1171905  0.1931939  0.0094390 
6.1472459  0.2236941  0.0044230 
6.1773014  0.2708507  0.0046550 
6.2073568  0.2975080  0.0052070 
6.2374222  0.2855698  0.0058390 
6.2674777  0.2581512  0.0058590 
6.2975331  0.2323146  0.0052380 
6.3275886  0.2120598  0.0052280 
6.3576441  0.1938215  0.0063220 
6.3877095  0.1861787  0.0099840 
6.4177649  0.1808545  0.0039420 
6.4478204  0.1774228  0.0041250 
6.4778758  0.1726369  0.0046820 
6.5079313  0.1696181  0.0049600 
6.5379967  0.1715123  0.0049000 
6.5680522  0.1733355  0.0108640 
6.5981076  0.1791584  0.0086690 
6.6281631  0.1808644  0.0084560 
6.6582185  0.1862695  0.0106650 
6.6882839  0.1930288  0.0162410 
6.7183394  0.1995684  0.0064600 
6.7483949  0.2078966  0.0050370 
6.7784503  0.2084548  0.0054280 
6.8085058  0.2124314  0.0068490 
6.8385712  0.2132439  0.0056400 
6.8686266  0.2153313  0.0050230 
6.8986821  0.2245380  0.0063480 
6.9287376  0.2341625  0.0055670 
6.9587930  0.2312428  0.0059510 
6.9888584  0.2723237  0.0067260 
7.0189139  0.2396023  0.0089580 
7.0489693  0.2140564  0.0050060 
7.0790248  0.2153230  0.0044080 
7.1090802  0.2274511  0.0048400 
7.1391456  0.2322238  0.0058630 
7.1692011  0.2295881  0.0058490 
7.1992566  0.2314096  0.0064450 
7.2293120  0.2397708  0.0090220 
7.2593675  0.2461750  0.0059500 
7.2894329  0.2506768  0.0061480 
7.3194883  0.2668773  0.0070620 
7.3495438  0.2760807  0.0157600 
7.3795993  0.2957195  0.0254930 
7.4096547  0.3177710  0.0290270 
7.4397201  0.3348930  0.0096000 
7.4096547  0.2744887  0.0054440 
7.4697756  0.3138885  0.0059240 
7.5298865  0.3110893  0.0154310 
7.5899974  0.3208939  0.0211340 
7.6501183  0.3240663  0.0271370 
7.7102292  0.3277787  0.0051220 
7.7703401  0.3262445  0.0122070 
7.8304610  0.3321384  0.0084950 
7.8905719  0.3221143  0.0048010 
7.9506927  0.2982710  0.0134490 
8.0108037  0.2832132  0.0079230 
8.0709146  0.2658468  0.0050800 
8.1310354  0.2615316  0.0084090 
8.1911464  0.2563643  0.0082330 
8.2512573  0.2586202  0.0198560 
8.3113781  0.2626348  0.0202350 
8.3714891  0.2637611  0.0193130 
8.4316000  0.2667452  0.0152000 
8.4917208  0.2676733  0.0153560 
8.5518318  0.2927420  0.0073580 
8.6119526  0.2820259  0.0155240 
8.6720635  0.2748620  0.0069140 
8.7321744  0.2505662  0.0053160 
8.7922953  0.2316573  0.0028230 
8.8524062  0.2202327  0.0033370 
8.9125171  0.2052923  0.0033450 
8.9726380  0.2017830  0.0036010 
9.0327489  0.1953044  0.0028010 
9.0928598  0.1853100  0.0078630 
9.1529807  0.1800535  0.0030290 
9.2130916  0.1785672  0.0026980 
9.2732125  0.1783245  0.0024860 
9.3333234  0.1759877  0.0045310 
9.3934343  0.1815249  0.0037620 
9.4535552  0.1748350  0.0043170 
9.5136661  0.1821640  0.0037620 
9.5737770  0.1761396  0.0040360 
9.6338979  0.1832226  0.0026520 
9.6940088  0.1900314  0.0036200 
9.7541197  0.1847997  0.0037660 
9.8142406  0.1846461  0.0030600 
9.8743515  0.1861770  0.0034350 
9.9344723  0.1885683  0.0031190 
9.9945833  0.1910025  0.0025880 
10.0546942  0.1955456  0.0031220 
10.1148150  0.2004652  0.0048580 
10.1749260  0.2042122  0.0025320 
10.2350369  0.2049967  0.0035690 
10.2951577  0.2098304  0.0030400 
10.3552687  0.2160249  0.0022850 
10.4153796  0.2214102  0.0033490 
10.4755004  0.2373316  0.0035200 
10.5356113  0.2571256  0.0030060 
10.5957322  0.2583956  0.0057940 
10.6558431  0.2584121  0.0055620 
10.7159540  0.2611964  0.0027050 
10.7760749  0.2689102  0.0031990 
10.8361858  0.2762211  0.0091070 
10.8962967  0.2839399  0.0041180 
10.9564176  0.3008786  0.0050750 
11.0165285  0.3272287  0.0030660 
11.0766394  0.3387475  0.0032850 
11.1367603  0.3961725  0.0053500 
11.1968712  0.5344334  0.0062480 
11.2569921  0.6098987  0.0081450 
11.3171030  0.5700398  0.0044700 
11.3772139  0.5012149  0.0050960 
11.4373348  0.4553250  0.0070950 
11.4974457  0.4274654  0.0054160 
11.5575566  0.4066030  0.0046300 
11.6176775  0.3947424  0.0043700 
11.6777884  0.3868189  0.0044010 
11.7378993  0.3869113  0.0093540 
11.7980202  0.3803783  0.0044610 
11.8581311  0.4076830  0.0098080 
11.9182519  0.4177402  0.0050420 
11.9783629  0.4281607  0.0058710 
12.0384738  0.4302217  0.0082610 
12.0985946  0.4308608  0.0091670 
12.1587055  0.4268858  0.0051800 
12.2188165  0.4342710  0.0167240 
12.2789373  0.4506284  0.0041730 
12.3390482  0.4641238  0.0046500 
12.3991592  0.4621355  0.0055430 
12.4592800  0.4774244  0.0061810 
12.5193909  0.4912651  0.0062210 
12.5795118  0.5049042  0.0055480 
12.6396227  0.5218066  0.0049370 
12.6997336  0.5317333  0.0061200 
12.7598545  0.6109837  0.0125960 
12.8199654  0.7322463  0.0079380 
12.8800763  0.6301501  0.0075800 
12.9401972  0.4768613  0.0067790 
13.0003081  0.4678181  0.0057190 
13.0604190  0.4726551  0.0071100 
13.1205399  0.4749968  0.0148760 
13.1806508  0.4785226  0.0152530 
13.2407617  0.4714232  0.0058610 
13.3008826  0.4742587  0.0068160 
13.3609935  0.4759646  0.0061030 
13.4211144  0.4755336  0.0057790 
13.4812253  0.4818767  0.0133550 
13.5413362  0.4913427  0.0065290 
13.6014571  0.4910173  0.0061660 
13.6615680  0.4900925  0.0064170 
13.7216789  0.4919603  0.0062240 
13.7817997  0.4983200  0.0061970 
13.8419107  0.4955720  0.0090410 
13.9020216  0.5062980  0.0061600 
