5.1633278  0.0659902  0.0014540 
5.1930828  0.0681282  0.0023120 
5.2228377  0.0696404  0.0019600 
5.2525927  0.0696083  0.0043130 
5.2823576  0.0697886  0.0027750 
5.3121126  0.0785050  0.0039730 
5.3418676  0.0807773  0.0028990 
5.3716226  0.0731353  0.0024200 
5.4013775  0.0715491  0.0012740 
5.4311424  0.0760605  0.0011500 
5.4608974  0.0783468  0.0013680 
5.4906524  0.0861559  0.0014120 
5.5204074  0.0838316  0.0019420 
5.5501624  0.0815644  0.0015650 
5.5799272  0.0854980  0.0020350 
5.6096822  0.0909137  0.0014830 
5.6394372  0.0844465  0.0012790 
5.6691922  0.0844835  0.0031820 
5.6989472  0.0842222  0.0059500 
5.7287120  0.0853518  0.0028410 
5.7584670  0.0848400  0.0013130 
5.7882220  0.0833519  0.0012490 
5.8179770  0.0843463  0.0011480 
5.8477320  0.0835923  0.0022040 
5.8774968  0.0840669  0.0017810 
5.9072518  0.0848020  0.0016340 
5.9370068  0.0846618  0.0021390 
5.9667618  0.0874878  0.0018440 
5.9965168  0.0912402  0.0012600 
6.0262816  0.0918160  0.0018760 
6.0560366  0.0940762  0.0025580 
6.0857916  0.0995821  0.0019000 
6.1155466  0.1030140  0.0030820 
6.1453016  0.1096555  0.0020690 
6.1750664  0.1196968  0.0018630 
6.2048214  0.1265375  0.0024260 
6.2345764  0.1271614  0.0027140 
6.2643314  0.1235653  0.0030100 
6.2940864  0.1187294  0.0030240 
6.3238512  0.1139105  0.0026800 
6.3536062  0.1121841  0.0021440 
6.3833612  0.1114600  0.0028410 
6.4131162  0.1072380  0.0019300 
6.4428712  0.1061925  0.0018780 
6.4726360  0.1077367  0.0027270 
6.5023910  0.1083035  0.0020960 
6.5321460  0.1103314  0.0022860 
6.5619010  0.1110925  0.0024300 
6.5916560  0.1099258  0.0020160 
6.6214208  0.1126748  0.0023280 
6.6511758  0.1125456  0.0021260 
6.6809308  0.1130904  0.0022120 
6.7106858  0.1144293  0.0026670 
6.7404408  0.1158202  0.0017630 
6.7702056  0.1175697  0.0091320 
6.7999606  0.1187344  0.0035980 
6.8297156  0.1174416  0.0023190 
6.8594706  0.1246599  0.0035680 
6.8892256  0.1400007  0.0048650 
6.9189905  0.1415800  0.0031040 
6.9487454  0.1458972  0.0044000 
6.9785004  0.1594715  0.0045840 
7.0082554  0.1470378  0.0019710 
7.0380104  0.1356295  0.0048530 
7.0677753  0.1352770  0.0039480 
7.0975303  0.1361813  0.0023090 
7.1272853  0.1401880  0.0020770 
7.1570402  0.1426746  0.0037460 
7.1867952  0.1434306  0.0032080 
7.2165601  0.1437150  0.0033930 
7.2463151  0.1480582  0.0026650 
7.2760701  0.1550022  0.0033800 
7.3058251  0.1589538  0.0024500 
7.3355800  0.1629505  0.0031610 
7.3653449  0.1650245  0.0027260 
7.3355800  0.1556771  0.0023150 
7.3950999  0.1657855  0.0047570 
7.4546099  0.1784286  0.0034080 
7.5141198  0.1881194  0.0023600 
7.5736397  0.2118753  0.0041570 
7.6331497  0.2424960  0.0035650 
7.6926596  0.2305900  0.0023500 
7.7521795  0.2091164  0.0025480 
7.8116895  0.2051367  0.0025280 
7.8712093  0.2022125  0.0019070 
7.9307193  0.1970221  0.0018040 
7.9902293  0.1907752  0.0028730 
8.0497491  0.1817032  0.0013250 
8.1092591  0.1710641  0.0016990 
8.1687691  0.1651146  0.0023730 
8.2282889  0.1634792  0.0029650 
8.2877989  0.1580195  0.0020110 
8.3473089  0.1540057  0.0018850 
8.4068287  0.1516434  0.0021450 
8.4663387  0.1506179  0.0038190 
8.5258585  0.1499009  0.0022820 
8.5853685  0.1477498  0.0011410 
8.6448785  0.1414658  0.0024140 
8.7043983  0.1303530  0.0021360 
8.7639083  0.1188456  0.0014980 
8.8234183  0.1095243  0.0012920 
8.8829381  0.1030490  0.0021520 
8.9424481  0.1053233  0.0029080 
9.0019581  0.1029970  0.0013240 
9.0614779  0.0850343  0.0017450 
9.1209879  0.0766133  0.0020730 
9.1805077  0.0720188  0.0013850 
9.2400177  0.0681132  0.0015960 
9.2995277  0.0668514  0.0016340 
9.3590475  0.0630019  0.0019950 
9.4185575  0.0605274  0.0010980 
9.4780675  0.0610862  0.0010610 
9.5375873  0.0611222  0.0016300 
9.5970973  0.0679830  0.0014290 
9.6566073  0.0809775  0.0032920 
9.7161271  0.0671668  0.0021820 
9.7756371  0.0583573  0.0008230 
9.8351569  0.0609129  0.0044060 
9.8946669  0.0573348  0.0013600 
9.9541769  0.0592175  0.0013230 
10.0136967  0.0615979  0.0010660 
10.0732067  0.0650318  0.0008640 
10.1327167  0.0690455  0.0015040 
10.1922365  0.0708261  0.0018980 
10.2517465  0.0739415  0.0016510 
10.3112565  0.0783007  0.0009900 
10.3707763  0.0820451  0.0018850 
10.4302863  0.1001619  0.0024240 
10.4898062  0.1358949  0.0015740 
10.5493161  0.1266958  0.0013980 
10.6088261  0.0987489  0.0012670 
10.6683460  0.0978015  0.0016080 
10.7278559  0.0998284  0.0013850 
10.7873659  0.1024011  0.0022290 
10.8468858  0.1020005  0.0015430 
10.9063957  0.1078559  0.0017240 
10.9659057  0.1150602  0.0013140 
11.0254256  0.1234281  0.0018750 
11.0849356  0.1330689  0.0017390 
11.1444554  0.1648302  0.0019350 
11.2039654  0.2081650  0.0018280 
11.2634754  0.2221470  0.0026570 
11.3229952  0.2156327  0.0023650 
11.3825052  0.2064686  0.0017780 
11.4420152  0.2025280  0.0018010 
11.5015350  0.1986134  0.0026840 
11.5610450  0.1981367  0.0029080 
11.6205550  0.1980366  0.0016270 
11.6800748  0.2001476  0.0021540 
11.7395848  0.2090372  0.0026260 
11.7991046  0.2138241  0.0016170 
11.8586146  0.2195032  0.0044660 
11.9181246  0.2294954  0.0017590 
11.9776444  0.2369801  0.0018780 
12.0371544  0.2456445  0.0030510 
12.0966644  0.2486588  0.0017190 
12.1561842  0.2548817  0.0029550 
12.2156942  0.2773197  0.0082050 
12.2752042  0.2927537  0.0025010 
12.3347240  0.2892757  0.0020700 
12.3942340  0.2925314  0.0062380 
12.4537538  0.2952993  0.0079150 
12.5132638  0.3012178  0.0034870 
12.5727738  0.3126060  0.0029180 
12.6322936  0.3213986  0.0026340 
12.6918036  0.3400942  0.0020830 
12.7513136  0.3953541  0.0032170 
12.8108334  0.4436270  0.0054420 
12.8703434  0.3807873  0.0041410 
12.9298534  0.3189571  0.0031000 
12.9893732  0.3092402  0.0023130 
13.0488832  0.3150375  0.0041580 
13.1083932  0.3182711  0.0025680 
13.1679130  0.3152097  0.0027600 
13.2274230  0.3151396  0.0031640 
13.2869428  0.3193046  0.0044170 
13.3464528  0.3199235  0.0027150 
13.4059628  0.3272309  0.0119400 
13.4654826  0.3318495  0.0046300 
13.5249926  0.3348858  0.0080710 
13.5845026  0.3370649  0.0056320 
13.6440224  0.3385961  0.0032340 
13.7035324  0.3468719  0.0068660 
13.7630424  0.3469380  0.0186190 
