5.2042944  0.1415566  0.0056020 
5.2342854  0.1436106  0.0036120 
5.2642765  0.1427437  0.0044720 
5.2942676  0.1458286  0.0055700 
5.3242686  0.1612752  0.0054090 
5.3542596  0.1601398  0.0056350 
5.3842507  0.1453368  0.0044250 
5.4142418  0.1446327  0.0034630 
5.4442329  0.1461928  0.0034560 
5.4742339  0.1470762  0.0030550 
5.5042249  0.1522559  0.0035160 
5.5342160  0.1472060  0.0032600 
5.5642071  0.1463666  0.0033150 
5.5941982  0.1499301  0.0031160 
5.6241991  0.1502778  0.0033250 
5.6541902  0.1473898  0.0038870 
5.6841813  0.1494020  0.0035440 
5.7141724  0.1491083  0.0035810 
5.7441634  0.1504219  0.0048770 
5.7741644  0.1493437  0.0029570 
5.8041555  0.1516816  0.0052510 
5.8341466  0.1551274  0.0030550 
5.8641377  0.1540646  0.0030870 
5.8941287  0.1540800  0.0034070 
5.9241297  0.1549997  0.0034500 
5.9541208  0.1554508  0.0035920 
5.9841119  0.1577315  0.0046750 
6.0141029  0.1579835  0.0078500 
6.0440940  0.1592036  0.0042520 
6.0740950  0.1600804  0.0044820 
6.1040861  0.1657486  0.0043480 
6.1340772  0.1661677  0.0042690 
6.1640682  0.1662536  0.0047380 
6.1940593  0.1686872  0.0047730 
6.2240603  0.1656452  0.0041240 
6.2540514  0.1660610  0.0052170 
6.2840424  0.1666705  0.0044420 
6.3140335  0.1654119  0.0040450 
6.3440246  0.1648915  0.0035460 
6.3740256  0.1632721  0.0037320 
6.4040167  0.1646319  0.0050240 
6.4340077  0.1633337  0.0037340 
6.4639988  0.1625646  0.0056270 
6.4939899  0.1630190  0.0046750 
6.5239909  0.1648816  0.0053640 
6.5539819  0.1619320  0.0038950 
6.5839730  0.1665748  0.0105260 
6.6139641  0.1685012  0.0062940 
6.6439552  0.1704629  0.0041130 
6.6739562  0.1680535  0.0039790 
6.7039472  0.1700063  0.0050310 
6.7339383  0.1713925  0.0044860 
6.7639294  0.1713716  0.0041250 
6.7939205  0.1696047  0.0046440 
6.8239215  0.1717325  0.0075170 
6.8539125  0.1716654  0.0048900 
6.8839036  0.1873353  0.0051560 
6.9138947  0.1909747  0.0070780 
6.9438857  0.1868765  0.0060910 
6.9738867  0.2290687  0.0078720 
7.0038778  0.2034421  0.0061130 
7.0338689  0.1749813  0.0052520 
7.0638600  0.1748691  0.0044380 
7.0938510  0.1751794  0.0045000 
7.1238520  0.1760496  0.0042790 
7.1538431  0.1770519  0.0049800 
7.1838342  0.1764116  0.0058120 
7.2138253  0.1805285  0.0120550 
7.2438163  0.1801236  0.0118340 
7.2738173  0.1801148  0.0065280 
7.3038084  0.1862945  0.0059420 
7.3337995  0.1876390  0.0065070 
7.3637905  0.1869558  0.0063560 
7.3937816  0.1861933  0.0051190 
7.4237826  0.1867148  0.0070390 
7.3937816  0.1788309  0.0046580 
7.4537737  0.1800356  0.0041960 
7.5137558  0.1869228  0.0067250 
7.5737380  0.1968266  0.0063420 
7.6337300  0.1988950  0.0051260 
7.6937122  0.1976595  0.0060350 
7.7536943  0.1939639  0.0090390 
7.8136864  0.1930849  0.0090210 
7.8736686  0.1937857  0.0104550 
7.9336606  0.1932961  0.0042360 
7.9936428  0.1971732  0.0029720 
8.0536249  0.1959355  0.0034860 
8.1136170  0.1910441  0.0033330 
8.1735991  0.1896083  0.0030070 
8.2335813  0.1912641  0.0043320 
8.2935733  0.1946934  0.0041890 
8.3535555  0.1963007  0.0029930 
8.4135376  0.1975506  0.0061020 
8.4735297  0.1978344  0.0063890 
8.5335119  0.1985638  0.0031460 
8.5935039  0.1992338  0.0049320 
8.6534861  0.2011768  0.0040300 
8.7134682  0.2012318  0.0050410 
8.7734603  0.2031384  0.0034630 
8.8334424  0.2036027  0.0068090 
8.8934246  0.2075832  0.0030980 
8.9534166  0.2158412  0.0033500 
9.0133988  0.2213113  0.0039120 
9.0733809  0.2164265  0.0046930 
9.1333730  0.2174177  0.0036260 
9.1933552  0.2222453  0.0029650 
9.2533472  0.2257274  0.0029510 
9.3133294  0.2285879  0.0036830 
9.3733115  0.2356852  0.0128680 
9.4333036  0.2427176  0.0032500 
9.4932857  0.2491031  0.0041010 
9.5532679  0.2568572  0.0075160 
9.6132599  0.2730486  0.0034970 
9.6732421  0.2843002  0.0031680 
9.7332242  0.2760665  0.0028650 
9.7932163  0.2774362  0.0031130 
9.8531985  0.2845159  0.0048140 
9.9131905  0.2888704  0.0147960 
9.9731727  0.2920379  0.0050340 
10.0331548  0.3013234  0.0055630 
10.0931469  0.3047131  0.0042030 
10.1531290  0.3078882  0.0040500 
10.2131112  0.3126917  0.0035460 
10.2731032  0.3208165  0.0118650 
10.3330854  0.3239884  0.0047800 
10.3930675  0.3265826  0.0058640 
10.4530596  0.3427906  0.0134140 
10.5130418  0.3572657  0.0054260 
10.5730338  0.3464608  0.0054950 
10.6330160  0.3467556  0.0108050 
10.6929981  0.3506261  0.0083550 
10.7529902  0.3503103  0.0042370 
10.8129723  0.3511938  0.0049960 
10.8729545  0.3551665  0.0091880 
10.9329465  0.3592768  0.0094900 
10.9929287  0.3604177  0.0090650 
11.0529108  0.3628073  0.0098890 
11.1129029  0.3726595  0.0039460 
11.1728851  0.3936753  0.0041830 
11.2328771  0.4143071  0.0060160 
11.2928593  0.4078347  0.0052090 
11.3528414  0.3950076  0.0044340 
11.4128335  0.3895243  0.0044860 
11.4728156  0.3828175  0.0042800 
11.5327978  0.3798019  0.0072820 
11.5927898  0.3798866  0.0077200 
11.6527720  0.3741470  0.0042380 
11.7127541  0.3767786  0.0077530 
11.7727462  0.3714196  0.0051470 
11.8327284  0.3739676  0.0056570 
11.8927204  0.3785125  0.0046060 
11.9527026  0.3816458  0.0062520 
12.0126847  0.3804840  0.0056800 
12.0726768  0.3770460  0.0136570 
12.1326589  0.3765817  0.0132560 
12.1926411  0.3772055  0.0047410 
12.2526331  0.3898631  0.0063500 
12.3126153  0.3845767  0.0065830 
12.3725974  0.3765949  0.0043460 
12.4325895  0.3748753  0.0048850 
12.4925717  0.3757631  0.0048560 
12.5525637  0.3772836  0.0049440 
12.6125459  0.3777699  0.0045320 
12.6725280  0.3828681  0.0063380 
12.7325201  0.4650411  0.0075870 
12.7925022  0.6287158  0.0082600 
12.8524844  0.5632844  0.0076980 
12.9124764  0.3806282  0.0074650 
12.9724586  0.3681080  0.0055110 
13.0324407  0.3691235  0.0086390 
13.0924328  0.3691851  0.0085890 
13.1524150  0.3713338  0.0049640 
13.2123971  0.3705868  0.0065560 
13.2723892  0.3690806  0.0066000 
13.3323713  0.3668010  0.0058950 
13.3923634  0.3680299  0.0087360 
13.4523455  0.3733812  0.0071760 
13.5123277  0.3777215  0.0092630 
13.5723197  0.3805710  0.0054730 
13.6323019  0.3829077  0.0051970 
13.6922840  0.3821882  0.0073180 
13.7522761  0.3826514  0.0056940 
13.8122583  0.3845085  0.0057790 
13.8722404  0.3897190  0.0072950 
