4.9526404  0.1669393  0.0062290 
4.9811812  0.1722798  0.0069500 
5.0097221  0.1723150  0.0066050 
5.0382629  0.1694008  0.0041940 
5.0668132  0.1703990  0.0035780 
5.0953541  0.1716429  0.0033000 
5.1238949  0.1742718  0.0040200 
5.1524358  0.1773238  0.0032110 
5.1809766  0.1725420  0.0056480 
5.2095269  0.1735457  0.0042420 
5.2380678  0.1712496  0.0057050 
5.2666086  0.1726808  0.0036010 
5.2951495  0.1767972  0.0040520 
5.3236903  0.1810644  0.0038210 
5.3522406  0.1794183  0.0063330 
5.3807815  0.1783220  0.0053580 
5.4093223  0.1816473  0.0055110 
5.4378632  0.1800210  0.0034170 
5.4664040  0.1851543  0.0042920 
5.4949543  0.1888817  0.0074560 
5.5234952  0.1875177  0.0084120 
5.5520360  0.1890304  0.0043970 
5.5805769  0.1932812  0.0051030 
5.6091177  0.1958506  0.0050840 
5.6376680  0.1966681  0.0042200 
5.6662089  0.1973931  0.0039790 
5.6947497  0.1946331  0.0045790 
5.7232906  0.1975121  0.0034300 
5.7518314  0.1973556  0.0031090 
5.7803817  0.1981545  0.0099870 
5.8089226  0.1988277  0.0049500 
5.8374634  0.1990723  0.0033160 
5.8660043  0.2021760  0.0032240 
5.8945452  0.2021033  0.0050450 
5.9230954  0.1998656  0.0049900 
5.9516363  0.2002556  0.0040130 
5.9801772  0.2005156  0.0071790 
6.0087180  0.2068278  0.0060240 
6.0372589  0.2089025  0.0070110 
6.0658091  0.2111711  0.0054490 
6.0943500  0.2096495  0.0064310 
6.1228909  0.2112009  0.0066640 
6.1514317  0.2096903  0.0116740 
6.1799726  0.2140777  0.0097370 
6.2085229  0.2200307  0.0067440 
6.2370637  0.2216614  0.0066400 
6.2656046  0.2210047  0.0075590 
6.2941454  0.2234518  0.0056700 
6.3226863  0.2210862  0.0054600 
6.3512366  0.2154682  0.0049630 
6.3797774  0.2144611  0.0049600 
6.4083183  0.2177368  0.0076990 
6.4368591  0.2183901  0.0043190 
6.4654000  0.2230034  0.0048530 
6.4939503  0.2223368  0.0052750 
6.5224911  0.2243498  0.0054870 
6.5510320  0.2216074  0.0063800 
6.5795728  0.2243035  0.0080290 
6.6081137  0.2257160  0.0066050 
6.6366640  0.2312779  0.0096960 
6.6652048  0.2279549  0.0088660 
6.6937457  0.2283581  0.0087290 
6.7222865  0.2277995  0.0069150 
6.7508274  0.2270988  0.0088920 
6.7793777  0.2286754  0.0093870 
6.8079185  0.2325593  0.0065280 
6.8364594  0.2350681  0.0059350 
6.8650002  0.2372750  0.0063650 
6.8935411  0.2401793  0.0075400 
6.9220914  0.2390258  0.0061400 
6.9506322  0.2393001  0.0066990 
6.9791731  0.2455231  0.0069360 
7.0077139  0.2412668  0.0054180 
7.0362548  0.2367285  0.0069140 
7.0648051  0.2398014  0.0069820 
7.0362548  0.2472551  0.0051770 
7.0933459  0.2455286  0.0054050 
7.1504277  0.2436412  0.0070770 
7.2075094  0.2514948  0.0069390 
7.2646005  0.2559825  0.0044900 
7.3216822  0.2602211  0.0041700 
7.3787639  0.2607048  0.0058800 
7.4358551  0.2664319  0.0037160 
7.4929368  0.2761377  0.0056070 
7.5500279  0.2856220  0.0069430 
7.6071096  0.2934150  0.0039160 
7.6641913  0.2903796  0.0060450 
7.7212825  0.2893163  0.0080970 
7.7783642  0.2913448  0.0093940 
7.8354459  0.2919948  0.0058660 
7.8925370  0.2942403  0.0056610 
7.9496187  0.2921469  0.0037630 
8.0067005  0.2929049  0.0040590 
8.0637916  0.2963723  0.0035610 
8.1208733  0.2992458  0.0046220 
8.1779645  0.3067072  0.0042950 
8.2350462  0.3122856  0.0048740 
8.2921279  0.3175147  0.0056520 
8.3492190  0.3223274  0.0158290 
8.4063007  0.3269241  0.0134350 
8.4633824  0.3336715  0.0062490 
8.5204736  0.3458685  0.0053860 
8.5775553  0.3534610  0.0120090 
8.6346370  0.3642509  0.0054130 
8.6917281  0.3665438  0.0059420 
8.7488098  0.3726059  0.0041360 
8.8059010  0.3779915  0.0043170 
8.8629827  0.3897499  0.0052000 
8.9200644  0.3985390  0.0049210 
8.9771555  0.4096374  0.0044120 
9.0342373  0.4144633  0.0045430 
9.0913190  0.4188231  0.0067550 
9.1484101  0.4252532  0.0036020 
9.2054918  0.4306124  0.0038580 
9.2625735  0.4381773  0.0048710 
9.3196647  0.4435233  0.0049020 
9.3767464  0.4502222  0.0045860 
9.4338375  0.4587424  0.0046730 
9.4909192  0.4648652  0.0037360 
9.5480009  0.4656540  0.0038840 
9.6050921  0.4682124  0.0113370 
9.6621738  0.4749599  0.0117340 
9.7192555  0.4774003  0.0051360 
9.7763466  0.4788712  0.0051890 
9.8334283  0.4829733  0.0120500 
9.8905101  0.4861938  0.0065220 
9.9476012  0.4884944  0.0045220 
10.0046829  0.4921733  0.0056270 
10.0617741  0.4950931  0.0043340 
10.1188558  0.4956318  0.0042630 
10.1759375  0.4989747  0.0055980 
10.2330286  0.5026459  0.0061820 
10.2901103  0.5040727  0.0051560 
10.3471920  0.5049134  0.0055900 
10.4042832  0.5068250  0.0052770 
10.4613649  0.5156978  0.0049700 
10.5184466  0.5187278  0.0103050 
10.5755377  0.5094121  0.0082670 
10.6326194  0.5087785  0.0052330 
10.6897106  0.5120189  0.0059870 
10.7467923  0.5099277  0.0052090 
10.8038740  0.5101877  0.0071040 
10.8609651  0.5108554  0.0058550 
10.9180469  0.5138512  0.0068920 
10.9751286  0.5175378  0.0063940 
11.0322197  0.5197337  0.0052340 
11.0893014  0.5228155  0.0047710 
11.1463831  0.5246621  0.0064430 
11.2034743  0.5252273  0.0071780 
11.2605560  0.5439722  0.0083240 
11.3176471  0.5434632  0.0081330 
11.3747288  0.5387497  0.0072450 
11.4318105  0.5284897  0.0066540 
11.4889017  0.5254256  0.0067810 
11.5459834  0.5257352  0.0070430 
11.6030651  0.5248637  0.0074710 
11.6601562  0.5233190  0.0067890 
11.7172379  0.5250620  0.0087680 
11.7743197  0.5251623  0.0082570 
11.8314108  0.5251447  0.0085610 
11.8884925  0.5254356  0.0111650 
11.9455837  0.5269781  0.0066550 
12.0026654  0.5272524  0.0068870 
12.0597471  0.5259787  0.0064540 
12.1168382  0.5264371  0.0123030 
12.1739199  0.5270365  0.0123670 
12.2310016  0.5253761  0.0065950 
12.2880928  0.5312387  0.0057820 
12.3451745  0.5244142  0.0074750 
12.4022562  0.5287189  0.0082770 
12.4593473  0.5297017  0.0054640 
12.5164290  0.5328694  0.0075430 
12.5735107  0.5302669  0.0057010 
12.6306019  0.5334787  0.0193420 
12.6876836  0.5343546  0.0241210 
12.7447747  0.5388819  0.0077930 
12.8018565  0.5537628  0.0062420 
12.8589382  0.5535072  0.0076600 
12.9160293  0.5354774  0.0081840 
12.9731110  0.5362409  0.0085520 
13.0301927  0.5420342  0.0088750 
13.0872839  0.5444262  0.0120960 
13.1443656  0.5470936  0.0087190 
13.2014473  0.5484720  0.0112030 
