5.1888559  0.1634492  0.0100840 
5.2187580  0.1671175  0.0201160 
5.2486601  0.1652496  0.0081960 
5.2785622  0.1668415  0.0048210 
5.3084742  0.1711325  0.0076350 
5.3383763  0.1787964  0.0080840 
5.3682785  0.1770931  0.0069020 
5.3981806  0.1737049  0.0059800 
5.4280827  0.1756730  0.0056850 
5.4579947  0.1870676  0.0047360 
5.4878968  0.1915406  0.0038340 
5.5177989  0.1950117  0.0049330 
5.5477010  0.1893159  0.0044980 
5.5776031  0.1919496  0.0036000 
5.6075151  0.2015734  0.0046100 
5.6374172  0.2010469  0.0081780 
5.6673193  0.2006277  0.0038800 
5.6972214  0.2034710  0.0045510 
5.7271235  0.2062346  0.0044920 
5.7570355  0.2098774  0.0063230 
5.7869376  0.2124733  0.0044720 
5.8168397  0.2170679  0.0119210 
5.8467418  0.2188377  0.0091860 
5.8766439  0.2223578  0.0128160 
5.9065559  0.2249690  0.0090100 
5.9364580  0.2274453  0.0121900 
5.9663601  0.2293102  0.0068420 
5.9962622  0.2329806  0.0060410 
6.0261643  0.2341727  0.0048420 
6.0560763  0.2374413  0.0052270 
6.0859784  0.2421720  0.0058000 
6.1158805  0.2463372  0.0066350 
6.1457827  0.2485241  0.0068720 
6.1756848  0.2498768  0.0053920 
6.2055968  0.2522733  0.0062360 
6.2354989  0.2572421  0.0064740 
6.2654010  0.2605946  0.0063700 
6.2953031  0.2615567  0.0152510 
6.3252052  0.2651647  0.0204120 
6.3551172  0.2664417  0.0134470 
6.3850193  0.2701868  0.0066470 
6.4149214  0.2715598  0.0165200 
6.4448235  0.2771207  0.0193620 
6.4747256  0.2840382  0.0064030 
6.5046376  0.2831447  0.0065100 
6.5345397  0.2889938  0.0069420 
6.5644418  0.2915723  0.0217350 
6.5943439  0.2933492  0.0110370 
6.6242460  0.2970800  0.0096100 
6.6541580  0.3003629  0.0065840 
6.6840601  0.3022503  0.0072550 
6.7139622  0.3070760  0.0089480 
6.7438643  0.3084133  0.0055430 
6.7737664  0.3108977  0.0066980 
6.8036784  0.3114304  0.0067970 
6.8335805  0.3126706  0.0079190 
6.8634826  0.3200002  0.0127670 
6.8933848  0.3403398  0.0147300 
6.9232869  0.3438415  0.0075270 
6.9531989  0.3439867  0.0133780 
6.9831010  0.3526045  0.0176170 
7.0130031  0.3529838  0.0086760 
7.0429052  0.3517794  0.0149980 
7.0728073  0.3548579  0.0079430 
7.1027193  0.3635411  0.0067090 
7.1326214  0.3660542  0.0061790 
7.1625235  0.3779478  0.0189180 
7.1924256  0.3850985  0.0102880 
7.2223277  0.3868539  0.0081490 
7.2522397  0.3946027  0.0083610 
7.2821418  0.3990624  0.0248540 
7.3120439  0.4049085  0.0157960 
7.3419460  0.4142522  0.0093390 
7.3718481  0.4075218  0.0103370 
7.4017601  0.4098784  0.0086920 
7.3718481  0.3923943  0.0192260 
7.4316622  0.4066548  0.0165490 
7.4914664  0.4059800  0.0079350 
7.5512706  0.4128086  0.0073040 
7.6110847  0.4566195  0.0062910 
7.6708890  0.4921285  0.0083710 
7.7306932  0.4571276  0.0084840 
7.7905073  0.4495915  0.0088190 
7.8503115  0.4605639  0.0077430 
7.9101256  0.4602500  0.0134700 
7.9699298  0.4660695  0.0150100 
8.0297340  0.4690600  0.0071930 
8.0895481  0.4716048  0.0082000 
8.1493523  0.4745115  0.0217480 
8.2091565  0.4745493  0.0156190 
8.2689706  0.4841323  0.0062740 
8.3287748  0.4861352  0.0172750 
8.3885791  0.4860544  0.0086450 
8.4483932  0.4897033  0.0075390 
8.5081974  0.4910243  0.0163210 
8.5680115  0.4942786  0.0124990 
8.6278157  0.4970738  0.0118070 
8.6876199  0.4963796  0.0071140 
8.7474340  0.4978744  0.0058840 
8.8072382  0.4992209  0.0081890 
8.8670424  0.5000981  0.0055630 
8.9268565  0.5038227  0.0055850 
8.9866607  0.5211463  0.0070560 
9.0464649  0.5084726  0.0115470 
9.1062790  0.4933012  0.0065850 
9.1660833  0.4941242  0.0075130 
9.2258974  0.4940751  0.0056410 
9.2857016  0.4957815  0.0057310 
9.3455058  0.4984643  0.0087600 
9.4053199  0.5046457  0.0155100 
9.4651241  0.5087139  0.0157670 
9.5249283  0.5154249  0.0080580 
9.5847424  0.5189931  0.0073100 
9.6445466  0.5397601  0.0055940 
9.7043508  0.5389841  0.0090470 
9.7641649  0.5361459  0.0119020 
9.8239691  0.5389013  0.0136510 
9.8837832  0.5434601  0.0072740 
9.9435875  0.5593033  0.0081770 
10.0033917  0.5802737  0.0458140 
10.0632058  0.5890776  0.0351280 
10.1230100  0.5993221  0.0096480 
10.1828142  0.6161119  0.0223590 
10.2426283  0.6334927  0.0108500 
10.3024325  0.6449784  0.0083690 
10.3622367  0.6564671  0.0097900 
10.4220508  0.6941671  0.0086940 
10.4818550  0.8023075  0.0277470 
10.5416691  0.8132165  0.0082460 
10.6014734  0.7283654  0.0203010 
10.6612776  0.7286363  0.0090480 
10.7210917  0.7430757  0.0097300 
10.7808959  0.7509911  0.0106500 
10.8407001  0.7633980  0.0097500 
10.9005142  0.7763630  0.0156270 
10.9603184  0.7819126  0.0188930 
11.0201226  0.7914751  0.0095260 
11.0799367  0.8063664  0.0099930 
11.1397409  0.8311678  0.0105040 
11.1995550  0.8698779  0.0289850 
11.2593592  0.8891185  0.0275980 
11.3191635  0.9035149  0.0102710 
11.3789776  0.9208712  0.0185550 
11.4387818  0.9373155  0.0157720 
11.4985860  0.9493910  0.0227650 
11.5584001  0.9681685  0.0236680 
11.6182043  0.9761595  0.0107440 
11.6780085  0.9862465  0.0122030 
11.7378226  0.9944789  0.0156370 
11.7976268  1.0203702  0.0276520 
11.8574409  1.0368912  0.0071310 
11.9172451  1.0556236  0.0096330 
11.9770493  1.0687706  0.0268440 
12.0368634  1.0819064  0.0155100 
12.0966677  1.0939749  0.0120670 
12.1564719  1.1126643  0.0137040 
12.2162860  1.1359996  0.0291440 
12.2760902  1.1550469  0.0234310 
12.3358944  1.1593298  0.0151980 
12.3957085  1.1603184  0.0230730 
12.4555127  1.1757465  0.0358050 
12.5153268  1.1865808  0.0263460 
12.5751310  1.1996717  0.0307150 
12.6349352  1.2153982  0.0336400 
12.6947493  1.2306657  0.0161350 
12.7545535  1.2811672  0.0273280 
12.8143578  1.3428517  0.0305840 
12.8741719  1.3013545  0.0247630 
12.9339761  1.2574935  0.0176650 
12.9937803  1.2663997  0.0303920 
13.0535944  1.2819422  0.0162120 
13.1133986  1.2988803  0.0270010 
13.1732028  1.2963540  0.0275970 
13.2330169  1.2933256  0.0133860 
13.2928211  1.2994989  0.0172510 
13.3526352  1.3114160  0.0161700 
13.4124394  1.3283817  0.0350090 
13.4722436  1.3377254  0.0159410 
13.5320577  1.3599360  0.0162710 
13.5918620  1.3690098  0.0158600 
13.6516662  1.3807388  0.0132670 
13.7114803  1.3860400  0.0144010 
13.7712845  1.4048695  0.0164120 
13.8310887  1.4159135  0.0171490 
13.9121428  1.4612897  0.0138230 
13.9958766  1.4943286  0.0097330 
14.0796104  1.4990950  0.0134220 
14.1633343  1.4882228  0.0237660 
14.2470681  1.5981411  0.0124250 
14.3308019  1.6763864  0.0257170 
14.4145259  1.6075288  0.0110680 
14.4982597  1.5746300  0.0250590 
14.5819935  1.6143482  0.0116510 
14.6657273  1.6179675  0.0168240 
14.7494512  1.6455416  0.0112200 
14.8331850  1.6605944  0.0241370 
14.9169188  1.6843121  0.0230160 
15.0006427  1.7024996  0.0209110 
15.0843765  1.7111174  0.0196080 
15.1681104  1.7156527  0.0097750 
15.2518343  1.7412097  0.0087990 
15.3355681  1.7712938  0.0092380 
15.4193019  1.8071842  0.0403310 
15.5030258  2.0014853  0.0132500 
15.5867596  2.2011489  0.0139400 
15.6704934  1.9039953  0.0166220 
15.7542173  1.8279082  0.0137390 
15.8379512  1.8374012  0.0133030 
15.9216859  1.8407496  0.0087760 
16.0054178  1.8863834  0.0294180 
16.0891427  1.8806304  0.0129140 
16.1728775  1.8626668  0.0100710 
16.2566103  1.8928685  0.0308770 
16.3403352  1.9265035  0.0316680 
16.4240670  1.9489329  0.0434320 
16.5078018  1.9606118  0.0138260 
16.5915267  1.9523099  0.0151900 
16.6752586  1.9756922  0.0137910 
16.7589934  1.9991706  0.0173450 
16.8427163  2.0191278  0.0627630 
16.9264511  2.0536165  0.0156370 
17.0101849  2.1104446  0.0226120 
17.0939078  2.1289378  0.0115770 
17.1776426  2.1126080  0.0163460 
17.2613764  2.1198364  0.0142600 
17.3451093  2.1268735  0.0150680 
17.4288342  2.1310204  0.0156570 
17.5125690  2.1428312  0.0744920 
17.5963008  2.1418752  0.0249300 
17.6800257  2.1553045  0.0193780 
17.7637605  2.1847527  0.0433680 
17.8474933  2.2128176  0.0230050 
17.9312182  2.2333811  0.0429030 
18.0149501  2.2522730  0.0129910 
18.0986849  2.2325070  0.0232260 
18.1824098  2.2738201  0.0275310 
18.2661416  2.3023001  0.0229230 
18.3498764  2.3070359  0.1183820 
18.4335993  2.3055186  0.0234270 
18.5173341  2.3029790  0.0197350 
18.6010679  2.3663055  0.0283060 
18.6848027  2.5230293  0.0771790 
18.7685257  2.5507149  0.0270220 
18.8522595  2.3958242  0.0297120 
18.9359923  2.3793084  0.0418140 
19.0197172  2.3886214  0.0450870 
19.1034520  2.3852332  0.0269380 
19.1871838  2.3753445  0.0169290 
19.2709087  2.3716158  0.0428400 
19.3546435  2.4487069  0.0310430 
19.4383763  2.4585925  0.0329360 
19.5221013  2.4490412  0.0420100 
19.6058331  2.4372498  0.0215410 
19.6895679  2.4820238  0.0422930 
19.7732928  2.5397271  0.0275730 
19.8570246  2.5370014  0.0216450 
19.9407594  2.5481967  0.0197370 
20.0244942  2.5445886  0.0191740 
20.1082171  2.5672236  0.0272560 
20.1919510  2.5688880  0.0324570 
20.2756858  2.5947629  0.0252020 
20.3594087  2.5635266  0.0534050 
20.5268753  2.6158990  0.0379150 
20.6943350  2.6504940  0.0418430 
