5.1673954  0.2213852  0.0053590 
5.1971738  0.2355289  0.0069890 
5.2269522  0.2554056  0.0041190 
5.2567307  0.2499017  0.0045250 
5.2865190  0.2400278  0.0046510 
5.3162974  0.2462085  0.0050780 
5.3460758  0.2528435  0.0046200 
5.3758543  0.2367900  0.0037030 
5.4056327  0.2277795  0.0053200 
5.4354210  0.2282364  0.0050230 
5.4651994  0.2286379  0.0042540 
5.4949778  0.2397987  0.0042140 
5.5247563  0.2398939  0.0049380 
5.5545347  0.2355804  0.0058470 
5.5843230  0.2474387  0.0038760 
5.6141014  0.2601553  0.0044360 
5.6438799  0.2631357  0.0139880 
5.6736583  0.2690577  0.0049410 
5.7034367  0.2762023  0.0047600 
5.7332250  0.2782947  0.0098800 
5.7630034  0.2795262  0.0065710 
5.7927819  0.2782651  0.0067080 
5.8225603  0.2839993  0.0170590 
5.8523387  0.2956157  0.0063460 
5.8821270  0.3031604  0.0044570 
5.9119055  0.3075782  0.0075950 
5.9416839  0.3070454  0.0067920 
5.9714623  0.3226690  0.0044710 
6.0012408  0.3404610  0.0158950 
6.0310290  0.3496014  0.0058570 
6.0608075  0.3502024  0.0059100 
6.0905859  0.3504855  0.0047970 
6.1203644  0.3924843  0.0074530 
6.1501428  0.4573967  0.0060600 
6.1799311  0.5409903  0.0087940 
6.2097095  0.5944780  0.0068270 
6.2394879  0.5960493  0.0065820 
6.2692664  0.5408809  0.0110870 
6.2990448  0.4817052  0.0084370 
6.3288331  0.4332001  0.0139320 
6.3586115  0.4168945  0.0138290 
6.3883900  0.3962007  0.0076840 
6.4181684  0.3886778  0.0088040 
6.4479468  0.3913506  0.0068360 
6.4777351  0.3888876  0.0074530 
6.5075135  0.3827673  0.0079500 
6.5372920  0.3872327  0.0108680 
6.5670704  0.3961287  0.0102310 
6.5968488  0.4039475  0.0071970 
6.6266371  0.4098400  0.0055040 
6.6564156  0.4114215  0.0056960 
6.6861940  0.4077978  0.0097870 
6.7159724  0.4055214  0.0075050 
6.7457509  0.4059782  0.0149610 
6.7755391  0.3990228  0.0073140 
6.8053176  0.4008578  0.0053440 
6.8350960  0.3933658  0.0064780 
6.8648744  0.3881978  0.0101870 
6.8946529  0.4139798  0.0075390 
6.9244412  0.4222375  0.0097230 
6.9542196  0.4598829  0.0090730 
6.9839980  0.5674491  0.0118910 
7.0137765  0.5172801  0.0087050 
7.0435549  0.4578497  0.0274500 
7.0733432  0.4769362  0.0105020 
7.1031216  0.4775680  0.0140310 
7.1329000  0.4969762  0.0106980 
7.1626785  0.5135187  0.0099890 
7.1924569  0.5214752  0.0109260 
7.2222452  0.5483575  0.0078960 
7.2520236  0.5707756  0.0190200 
7.2818021  0.5858652  0.0154070 
7.3115805  0.6114387  0.0114870 
7.3413589  0.6466056  0.0138450 
7.3711472  0.6579376  0.0151360 
7.3413589  0.6102805  0.0234430 
7.4009257  0.7008114  0.0234620 
7.4604825  0.6872108  0.0171670 
7.5200394  0.8047410  0.0073650 
7.5796061  0.8874003  0.0170290 
7.6391630  0.9309614  0.0279090 
7.6987198  0.9015634  0.0249360 
7.7582866  0.8900010  0.0663350 
7.8178434  0.8845487  0.0667170 
7.8774101  0.8674658  0.0667200 
7.9369670  0.8055993  0.0655570 
7.9965239  0.7725055  0.0352970 
8.0560906  0.7085814  0.0386310 
8.1156475  0.6866059  0.0211130 
8.1752043  0.6731751  0.0137840 
8.2347710  0.6648364  0.0150910 
8.2943279  0.6788051  0.0171300 
8.3538848  0.6871168  0.0124720 
8.4134515  0.6865892  0.0164920 
8.4730084  0.7091270  0.0182490 
8.5325751  0.7472859  0.0212160 
8.5921320  0.7462101  0.0059700 
8.6516888  0.7465138  0.0171280 
8.7112555  0.6970075  0.0108730 
8.7708124  0.6326112  0.0180650 
8.8303693  0.5929184  0.0531640 
8.8899360  0.5840610  0.0179820 
8.9494929  0.5639708  0.0112280 
9.0090497  0.5696689  0.0041370 
9.0686164  0.5451699  0.0054320 
9.1281733  0.5428163  0.0048260 
9.1877400  0.5492415  0.0048370 
9.2472969  0.5591953  0.0054370 
9.3068538  0.5702840  0.0063580 
9.3664205  0.5770567  0.0063400 
9.4259774  0.5855460  0.0049430 
9.4855342  0.6026251  0.0045670 
9.5451009  0.6109703  0.0063770 
9.6046578  0.6314350  0.0050580 
9.6642147  0.6554990  0.0054600 
9.7237814  0.6439405  0.0069120 
9.7833383  0.6393993  0.0058970 
9.8429050  0.6501470  0.0054260 
9.9024618  0.6564538  0.0044530 
9.9620187  0.6589799  0.0052280 
10.0215854  0.6706735  0.0115170 
10.0811423  0.6785812  0.0087570 
10.1406992  0.6871194  0.0053000 
10.2002659  0.6958983  0.0046960 
10.2598227  0.7054196  0.0044520 
10.3193796  0.7216339  0.0046180 
10.3789463  0.7327368  0.0050520 
10.4385032  0.7610088  0.0048260 
10.4980699  0.8280407  0.0075280 
10.5576268  0.8309142  0.0055820 
10.6171837  0.8171256  0.0088310 
10.6767504  0.8263600  0.0068170 
10.7363072  0.8377860  0.0082680 
10.7958641  0.8485659  0.0080530 
10.8554308  0.8554479  0.0061600 
10.9149877  0.8839052  0.0103060 
10.9745446  0.9363687  0.0097580 
11.0341113  0.9779750  0.0075000 
11.0936681  1.0250877  0.0077830 
11.1532349  1.2225878  0.0283700 
11.2127917  1.5343058  0.0288360 
11.2723486  1.6119399  0.0115190 
11.3319153  1.4781298  0.0100620 
11.3914722  1.3417189  0.0123970 
11.4510290  1.2469169  0.0071550 
11.5105958  1.1825154  0.0120330 
11.5701526  1.1276687  0.0069290 
11.6297095  1.1047255  0.0130440 
11.6892762  1.0812534  0.0188020 
11.7488331  1.1021158  0.0095930 
11.8083998  1.1069363  0.0088100 
11.8679567  1.1302977  0.0088880 
11.9275135  1.1689366  0.0191490 
11.9870803  1.1894644  0.0147130 
12.0466371  1.1944380  0.0107970 
12.1061940  1.1896407  0.0292340 
12.1657607  1.1924704  0.0182830 
12.2253176  1.2034511  0.0155500 
12.2848744  1.2380982  0.0268690 
12.3444412  1.2556314  0.0105210 
12.4039980  1.2848853  0.0135510 
12.4635647  1.3068827  0.0099780 
12.5231216  1.3519841  0.0130820 
12.5826785  1.4093555  0.0132300 
12.6422452  1.4535935  0.0144780 
12.7018021  1.4723827  0.0107220 
12.7613589  1.7926518  0.0133530 
12.8209257  2.2388992  0.0206080 
12.8804825  1.7818191  0.0153670 
12.9400394  1.3135640  0.0131100 
12.9996061  1.2923246  0.0130470 
13.0591630  1.2891937  0.0123140 
13.1187198  1.2728662  0.0107030 
13.1782866  1.2708227  0.0108110 
13.2378434  1.3122141  0.0139860 
13.2974101  1.2856355  0.0116110 
13.3569670  1.3149139  0.0136090 
13.4165239  1.3085350  0.0137110 
13.4760906  1.3255677  0.0158540 
13.5356475  1.3457750  0.0173780 
13.5952043  1.3749671  0.0131070 
13.6547710  1.3593101  0.0214680 
13.7143279  1.3592972  0.0198000 
13.7738848  1.3702560  0.0242070 
