5.0266357  0.6289347  0.0155560 
5.0556029  0.6288771  0.0133960 
5.0845702  0.6314004  0.0071240 
5.1135375  0.6379828  0.0071010 
5.1425143  0.6356259  0.0104270 
5.1714816  0.6483240  0.0140300 
5.2004489  0.6610950  0.0093660 
5.2294161  0.6722749  0.0074830 
5.2583834  0.6681060  0.0104140 
5.2873603  0.6689576  0.0063380 
5.3163275  0.6716473  0.0062530 
5.3452948  0.6711992  0.0081780 
5.3742621  0.6693415  0.0072920 
5.4032293  0.6832567  0.0078140 
5.4322062  0.6850350  0.0092700 
5.4611735  0.6919763  0.0092430 
5.4901407  0.7085030  0.0083550 
5.5191080  0.7094209  0.0075640 
5.5480753  0.7149788  0.0257450 
5.5770521  0.7276660  0.0224200 
5.6060194  0.7411952  0.0215410 
5.6349867  0.7479494  0.0075830 
5.6639539  0.7617493  0.0069970 
5.6929212  0.7689092  0.0079130 
5.7218981  0.7644673  0.0084660 
5.7508653  0.7633177  0.0076350 
5.7798326  0.7637582  0.0094800 
5.8087999  0.7660052  0.0122960 
5.8377671  0.7671831  0.0118340 
5.8667440  0.7786827  0.0089790 
5.8957113  0.7872011  0.0102220 
5.9246785  0.7858013  0.0073830 
5.9536458  0.8008934  0.0239610 
5.9826131  0.8081849  0.0070810 
6.0115899  0.8144029  0.0087140 
6.0405572  0.8087233  0.0081150 
6.0695245  0.8269890  0.0065640 
6.0984917  0.8440008  0.0070420 
6.1274590  0.8655077  0.0086050 
6.1564358  0.8943301  0.0072770 
6.1854031  0.9056806  0.0078560 
6.2143704  0.9012681  0.0108690 
6.2433377  0.9100704  0.0115100 
6.2723049  0.8904537  0.0112740 
6.3012818  0.8879641  0.0084910 
6.3302491  0.8811414  0.0148110 
6.3592163  0.8828794  0.0109890 
6.3881836  0.8838561  0.0090020 
6.4171509  0.8861434  0.0160720 
6.4461277  0.8915370  0.0128630 
6.4750950  0.8943496  0.0146140 
6.5040623  0.9064159  0.0130090 
6.5330295  0.9241172  0.0136780 
6.5619968  0.9353775  0.0162550 
6.5909736  0.9539957  0.0115630 
6.6199409  0.9661902  0.0165390 
6.6489082  0.9783913  0.0104680 
6.6778755  0.9762389  0.0086050 
6.7068427  0.9817554  0.0085400 
6.7358196  0.9867629  0.0138770 
6.7647868  0.9692334  0.0127280 
6.7937541  0.9589977  0.0097450 
6.8227214  0.9611229  0.0093480 
6.8516887  0.9710161  0.0153830 
6.8806655  1.0059684  0.0537230 
6.9096328  1.0244571  0.0125570 
6.9386000  1.0480153  0.0176440 
6.9675673  1.0849537  0.0396000 
6.9965346  1.1004394  0.0116630 
7.0255114  1.0930370  0.0172340 
7.0544787  1.1011475  0.0176010 
7.0834460  1.1192077  0.0123550 
7.1124133  1.1290106  0.0182080 
7.1413805  1.1305507  0.0158730 
7.1703574  1.1327618  0.0198480 
7.1413805  1.1261958  0.0186600 
7.1993246  1.1481530  0.0148730 
7.2572592  1.1303146  0.0208150 
7.3151937  1.2086267  0.0139890 
7.3731378  1.2713181  0.0177640 
7.4310724  1.3438536  0.0500760 
7.4890069  1.4033876  0.0174200 
7.5469510  1.4556192  0.0198490 
7.6048856  1.4937637  0.0230770 
7.6628297  1.5122818  0.0585050 
7.7207642  1.5249289  0.0224130 
7.7786988  1.5537502  0.0196970 
7.8366429  1.5520252  0.0223040 
7.8945775  1.5709761  0.0191030 
7.9525120  1.5642034  0.0219930 
8.0104561  1.5588588  0.0218470 
8.0683907  1.5513062  0.0198190 
8.1263252  1.5374758  0.0173510 
8.1842693  1.5253335  0.0129010 
8.2422039  1.5142581  0.0130230 
8.3001480  1.4995837  0.0303600 
8.3580825  1.4647662  0.0138790 
8.4160171  1.4277268  0.0095700 
8.4739612  1.3868729  0.0080840 
8.5318957  1.3531214  0.0082700 
8.5898303  1.3136848  0.0093240 
8.6477744  1.2627018  0.0091930 
8.7057089  1.2147337  0.0096650 
8.7636435  1.1682514  0.0090700 
8.8215876  1.1173446  0.0277900 
8.8795221  1.0837127  0.0335940 
8.9374662  1.0514599  0.0094690 
8.9954008  1.0328689  0.0086960 
9.0533353  1.0146455  0.0258890 
9.1112794  0.9992109  0.0106320 
9.1692140  0.9948038  0.0143650 
9.2271485  0.9814172  0.0133410 
9.2850926  0.9734578  0.0108160 
9.3430272  0.9716480  0.0118730 
9.4009617  0.9732218  0.0073490 
9.4589059  0.9680675  0.0100060 
9.5168404  0.9748913  0.0145470 
9.5747845  0.9856731  0.0153310 
9.6327191  0.9970802  0.0088800 
9.6906536  1.0063708  0.0081880 
9.7485977  1.0066558  0.0074580 
9.8065323  1.0130739  0.0096740 
9.8644668  1.0284738  0.0065950 
9.9224109  1.0387313  0.0093890 
9.9803455  1.0518928  0.0101980 
10.0382800  1.0695223  0.0278500 
10.0962241  1.0798385  0.0291730 
10.1541587  1.0969177  0.0328570 
10.2121028  1.1099606  0.0256640 
10.2700373  1.1275520  0.0292480 
10.3279719  1.1484053  0.0104120 
10.3859160  1.1607369  0.0101060 
10.4438505  1.1791245  0.0096140 
10.5017851  1.1986291  0.0153300 
10.5597292  1.2145934  0.0132410 
10.6176637  1.2391066  0.0113720 
10.6755983  1.2568655  0.0123100 
10.7335424  1.2751639  0.0139970 
10.7914769  1.2958606  0.0407930 
10.8494210  1.3197875  0.0122210 
10.9073556  1.3402318  0.0086660 
10.9652901  1.3704246  0.0154830 
11.0232343  1.4003368  0.0283160 
11.0811688  1.4412189  0.0142470 
11.1391033  1.5115031  0.0394370 
11.1970475  1.5991677  0.0290510 
11.2549820  1.6360832  0.0156630 
11.3129165  1.6220755  0.0139610 
11.3708607  1.6017726  0.0146080 
11.4287952  1.6374395  0.0136920 
11.4867393  1.6673103  0.0222360 
11.5446739  1.6990889  0.0135910 
11.6026084  1.7299136  0.0139440 
11.6605525  1.7739324  0.0091780 
11.7184871  1.8138368  0.0143820 
11.7764216  1.8631959  0.0372940 
11.8343657  1.9212039  0.0389580 
11.8923003  1.9862283  0.0167520 
11.9502348  2.0487021  0.0552490 
12.0081789  2.1067874  0.0613410 
12.0661135  2.1800909  0.0163030 
12.1240576  2.2520250  0.0224250 
12.1819921  2.3282759  0.0175370 
12.2399267  2.4168357  0.0136200 
12.2978708  2.4977254  0.0246760 
12.3558053  2.5748073  0.0557820 
12.4137399  2.6534609  0.0375040 
12.4716840  2.7299294  0.0271980 
12.5296185  2.8061901  0.0654450 
12.5875531  2.8724511  0.0213970 
12.6454972  2.9437685  0.0225900 
12.7034317  3.0285770  0.0377560 
12.7613663  3.1230187  0.0502010 
12.8193104  3.1377279  0.0249110 
12.8772449  3.0667770  0.0257430 
12.9351891  3.0595072  0.0366050 
12.9931236  3.0916959  0.0181410 
13.0510581  3.1294978  0.0314330 
13.1090023  3.1502260  0.0287280 
13.1669368  3.1769427  0.0736050 
13.2248713  3.2171308  0.0198220 
13.2828155  3.2179651  0.0744580 
13.3407500  3.2373011  0.0307070 
13.3986845  3.2523420  0.0764510 
