5.1963839  0.1890731  0.0116420 
5.2263294  0.1969188  0.0171310 
5.2562749  0.1986883  0.0153060 
5.2862204  0.1973025  0.0113210 
5.3161758  0.1994749  0.0075140 
5.3461213  0.2034282  0.0102870 
5.3760668  0.2030185  0.0062110 
5.4060122  0.2071919  0.0082300 
5.4359577  0.2122794  0.0061720 
5.4659131  0.2078194  0.0112380 
5.4958586  0.2099094  0.0111130 
5.5258041  0.2072111  0.0066080 
5.5557496  0.2053208  0.0065570 
5.5856951  0.2197402  0.0102540 
5.6156505  0.2152193  0.0161390 
5.6455960  0.2175102  0.0113830 
5.6755414  0.2200381  0.0064950 
5.7054869  0.2178973  0.0073850 
5.7354324  0.2240230  0.0076540 
5.7653878  0.2246618  0.0069230 
5.7953333  0.2306476  0.0108900 
5.8252788  0.2291478  0.0069520 
5.8552243  0.2306171  0.0168640 
5.8851698  0.2321937  0.0205430 
5.9151252  0.2367135  0.0072440 
5.9450706  0.2387460  0.0070010 
5.9750161  0.2386749  0.0121850 
6.0049616  0.2369720  0.0051600 
6.0349071  0.2452329  0.0074710 
6.0648625  0.2430571  0.0062940 
6.0948080  0.2451810  0.0066880 
6.1247535  0.2456550  0.0146200 
6.1546990  0.2532129  0.0069690 
6.1846445  0.2496546  0.0068760 
6.2145998  0.2492652  0.0070950 
6.2445453  0.2501398  0.0074340 
6.2744908  0.2529330  0.0080110 
6.3044363  0.2579990  0.0099550 
6.3343818  0.2596817  0.0203170 
6.3643372  0.2628834  0.0131600 
6.3942827  0.2605394  0.0100080 
6.4242282  0.2593036  0.0107940 
6.4541737  0.2624207  0.0196470 
6.4841191  0.2700745  0.0188580 
6.5140745  0.2698307  0.0165420 
6.5440200  0.2715890  0.0116380 
6.5739655  0.2742094  0.0099230 
6.6039110  0.2811184  0.0122090 
6.6338565  0.2760783  0.0148130 
6.6638119  0.2783986  0.0155060 
6.6937574  0.2780928  0.0106940 
6.7237029  0.2798860  0.0079820 
6.7536483  0.2863447  0.0092810 
6.7835938  0.2909830  0.0095810 
6.8135492  0.2892496  0.0157260 
6.8434947  0.2894663  0.0083600 
6.8734402  0.2977193  0.0081400 
6.9033857  0.3003567  0.0096260 
6.9333312  0.3009515  0.0089860 
6.9632866  0.3194483  0.0131520 
6.9932321  0.3206807  0.0112970 
7.0231775  0.3125258  0.0084830 
7.0531230  0.3181843  0.0101290 
7.0830685  0.3212833  0.0132760 
7.1130239  0.3260255  0.0097250 
7.1429694  0.3262151  0.0128530 
7.1729149  0.3268978  0.0087790 
7.2028604  0.3308963  0.0104640 
7.2328059  0.3416705  0.0194820 
7.2627613  0.3355955  0.0103550 
7.2927067  0.3349963  0.0215510 
7.3226522  0.3415599  0.0136660 
7.3525977  0.3361045  0.0090530 
7.3825432  0.3352683  0.0096090 
7.4124986  0.3456926  0.0099450 
7.3825432  0.3427629  0.0066450 
7.4424441  0.3485208  0.0082640 
7.5023351  0.3456452  0.0098470 
7.5622260  0.3631885  0.0088850 
7.6221269  0.4136051  0.0170400 
7.6820179  0.3940847  0.0077590 
7.7419089  0.3661250  0.0171210 
7.8018097  0.3683279  0.0082290 
7.8617007  0.3757086  0.0090580 
7.9216016  0.3734345  0.0074030 
7.9814926  0.3769635  0.0092810 
8.0413836  0.3790886  0.0106320 
8.1012844  0.3786236  0.0086460 
8.1611754  0.3821559  0.0196870 
8.2210664  0.3878980  0.0128440 
8.2809673  0.3902702  0.0075820 
8.3408582  0.3908232  0.0072610 
8.4007492  0.3793820  0.0108340 
8.4606501  0.3833059  0.0093600 
8.5205411  0.3848791  0.0114210 
8.5804420  0.3844221  0.0163840 
8.6403329  0.3865449  0.0164820 
8.7002239  0.3842652  0.0164460 
8.7601248  0.3840305  0.0315670 
8.8200158  0.3815815  0.0283520 
8.8799067  0.3816831  0.0279120 
8.9398076  0.3878935  0.0126410 
8.9996986  0.3877005  0.0106070 
9.0595896  0.3786687  0.0104410 
9.1194904  0.3768224  0.0105660 
9.1793814  0.3717711  0.0079930 
9.2392823  0.3714585  0.0098720 
9.2991733  0.3759219  0.0078040 
9.3590643  0.3799000  0.0086120 
9.4189651  0.3798029  0.0092870 
9.4788561  0.3861431  0.0098180 
9.5387471  0.3812012  0.0084360 
9.5986480  0.3863090  0.0242600 
9.6585389  0.3870538  0.0093360 
9.7184299  0.3902578  0.0103510 
9.7783308  0.3895852  0.0107500 
9.8382218  0.3939571  0.0160720 
9.8981227  0.3924833  0.0082160 
9.9580136  0.4079421  0.0153250 
10.0179046  0.4243985  0.0279940 
10.0778055  0.4248499  0.0250720 
10.1376965  0.4326640  0.0105230 
10.1975874  0.4426144  0.0103980 
10.2574883  0.4558082  0.0316570 
10.3173793  0.4689072  0.0287860 
10.3772703  0.4775462  0.0115290 
10.4371712  0.5013766  0.0185900 
10.4970621  0.5256347  0.0078060 
10.5569630  0.5170905  0.0246450 
10.6168540  0.5201127  0.0143590 
10.6767450  0.5280092  0.0189050 
10.7366458  0.5365545  0.0125590 
10.7965368  0.5448674  0.0313560 
10.8564278  0.5540560  0.0209300 
10.9163287  0.5579641  0.0129190 
10.9762196  0.5714051  0.0267680 
11.0361106  0.5774078  0.0276790 
11.0960115  0.5877961  0.0307090 
11.1559025  0.6096504  0.0298460 
11.2158034  0.6316457  0.0134160 
11.2756943  0.6329221  0.0170170 
11.3355853  0.6433093  0.0136830 
11.3954862  0.6609134  0.0265040 
11.4553772  0.6701382  0.0328990 
11.5152681  0.6810377  0.0363250 
11.5751690  0.6874489  0.0248720 
11.6350600  0.7000164  0.0153080 
11.6949510  0.7085730  0.0202700 
11.7548519  0.7048556  0.0178560 
11.8147428  0.7218910  0.0192620 
11.8746437  0.7392367  0.0189070 
11.9345347  0.7524373  0.0195560 
11.9944257  0.7598203  0.0309020 
12.0543265  0.7694784  0.0158990 
12.1142175  0.7819183  0.0501730 
12.1741085  0.7900856  0.0465940 
12.2340094  0.7994977  0.0200430 
12.2939004  0.8104728  0.0184370 
12.3537913  0.8179359  0.0317040 
12.4136922  0.8182473  0.0164420 
12.4735832  0.8280375  0.0154910 
12.5334841  0.8411331  0.0218600 
12.5933750  0.8477295  0.0281220 
12.6532660  0.8503420  0.0192180 
12.7131669  0.8764588  0.0159220 
12.7730579  0.9358429  0.0261830 
12.8329488  0.9262006  0.0268120 
12.8928497  0.8794890  0.0169400 
12.9527407  0.8803783  0.0163070 
13.0126317  0.8924492  0.0393910 
13.0725326  0.9069431  0.0366800 
13.1324235  0.9087330  0.0200330 
13.1923145  0.9101301  0.0168990 
13.2522154  0.9156656  0.0215460 
13.3121064  0.9191765  0.0185650 
13.3720072  0.9260087  0.0273840 
13.4318982  0.9325633  0.0174990 
13.4917892  0.9472423  0.0194590 
13.5516901  0.9562436  0.0205740 
13.6115811  0.9668034  0.0210130 
13.6714720  0.9734551  0.0282880 
13.7313729  0.9857449  0.0207890 
13.7912639  0.9840465  0.0284640 
13.8511549  1.0048320  0.0163640 
