5.1587593  0.0493403  0.0047290 
5.1884880  0.0528677  0.0028070 
5.2182167  0.0546448  0.0031570 
5.2479453  0.0549531  0.0027890 
5.2776838  0.0550711  0.0025230 
5.3074125  0.0581659  0.0042830 
5.3371412  0.0601990  0.0031880 
5.3668698  0.0583542  0.0025890 
5.3965985  0.0562760  0.0022410 
5.4263370  0.0590238  0.0030380 
5.4560657  0.0605270  0.0022920 
5.4857943  0.0638480  0.0039470 
5.5155230  0.0656090  0.0039020 
5.5452517  0.0635542  0.0030360 
5.5749902  0.0642058  0.0023240 
5.6047188  0.0688885  0.0044450 
5.6344475  0.0660497  0.0020420 
5.6641762  0.0637047  0.0028180 
5.6939048  0.0656910  0.0042690 
5.7236433  0.0663858  0.0034510 
5.7533720  0.0680485  0.0041900 
5.7831007  0.0669175  0.0027930 
5.8128293  0.0669148  0.0032770 
5.8425580  0.0680188  0.0027590 
5.8722965  0.0703917  0.0028580 
5.9020252  0.0713461  0.0038590 
5.9317538  0.0718877  0.0027940 
5.9614825  0.0725285  0.0029070 
5.9912112  0.0750149  0.0044370 
6.0209497  0.0723861  0.0028840 
6.0506783  0.0741200  0.0033010 
6.0804070  0.0752537  0.0048610 
6.1101357  0.0770390  0.0037130 
6.1398643  0.0772715  0.0042030 
6.1696028  0.0778375  0.0040550 
6.1993315  0.0790604  0.0049370 
6.2290602  0.0806114  0.0030240 
6.2587888  0.0799166  0.0030610 
6.2885175  0.0819389  0.0040280 
6.3182560  0.0819515  0.0067370 
6.3479847  0.0823615  0.0053710 
6.3777133  0.0818848  0.0039920 
6.4074420  0.0799346  0.0044750 
6.4371707  0.0821489  0.0034380 
6.4669092  0.0841378  0.0030110 
6.4966378  0.0855690  0.0051850 
6.5263665  0.0870388  0.0037470 
6.5560952  0.0882347  0.0048850 
6.5858238  0.0866414  0.0028320 
6.6155623  0.0869514  0.0032600 
6.6452910  0.0862917  0.0046600 
6.6750197  0.0888394  0.0058010 
6.7047483  0.0905301  0.0043230 
6.7344770  0.0914827  0.0037270 
6.7642155  0.0919937  0.0045520 
6.7939442  0.0909357  0.0036070 
6.8236728  0.0923361  0.0037810 
6.8534015  0.0944828  0.0077700 
6.8831302  0.0947883  0.0049720 
6.9128687  0.0977939  0.0093590 
6.9425973  0.1002082  0.0054500 
6.9723260  0.1066861  0.0070310 
7.0020547  0.1060246  0.0054430 
7.0317833  0.0998171  0.0049430 
7.0615218  0.0989150  0.0048960 
7.0912505  0.0997648  0.0096820 
7.1209792  0.0983733  0.0070070 
7.1507078  0.1035634  0.0087280 
7.1804365  0.1052180  0.0065020 
7.2101750  0.1056110  0.0093680 
7.2399037  0.1059426  0.0065560 
7.2696323  0.1064797  0.0051770 
7.2993610  0.1077162  0.0048260 
7.3290897  0.1091969  0.0054290 
7.3588282  0.1074494  0.0060300 
7.3290897  0.1043213  0.0056100 
7.3885568  0.1066942  0.0047700 
7.4480142  0.1127116  0.0047770 
7.5074715  0.1155855  0.0046800 
7.5669387  0.1201637  0.0089840 
7.6263960  0.1490592  0.0061100 
7.6858533  0.1325797  0.0081520 
7.7453205  0.1177746  0.0045040 
7.8047778  0.1206657  0.0048850 
7.8642450  0.1226267  0.0029120 
7.9237023  0.1226267  0.0034590 
7.9831597  0.1210847  0.0028230 
8.0426268  0.1206404  0.0046670 
8.1020842  0.1221175  0.0031730 
8.1615415  0.1226636  0.0031090 
8.2210087  0.1257953  0.0045010 
8.2804660  0.1270111  0.0036550 
8.3399233  0.1243498  0.0027980 
8.3993905  0.1250726  0.0029540 
8.4588478  0.1280754  0.0025870 
8.5183150  0.1285368  0.0046710 
8.5777723  0.1292551  0.0039480 
8.6372297  0.1294876  0.0034590 
8.6966968  0.1298904  0.0032740 
8.7561541  0.1291569  0.0034470 
8.8156115  0.1302996  0.0024860 
8.8750786  0.1315802  0.0028360 
8.9345360  0.1384736  0.0029910 
8.9939933  0.1454255  0.0035220 
9.0534605  0.1359529  0.0035420 
9.1129178  0.1336476  0.0026110 
9.1723850  0.1340153  0.0026750 
9.2318423  0.1370677  0.0032280 
9.2912996  0.1373705  0.0032400 
9.3507668  0.1393117  0.0032040 
9.4102241  0.1414521  0.0028950 
9.4696815  0.1463204  0.0030640 
9.5291486  0.1484364  0.0035430 
9.5886060  0.1461987  0.0032660 
9.6480633  0.1502443  0.0029540 
9.7075305  0.1519268  0.0034230 
9.7669878  0.1501307  0.0036640 
9.8264550  0.1537446  0.0082020 
9.8859123  0.1557425  0.0040740 
9.9453696  0.1569150  0.0063830 
10.0048368  0.1571403  0.0040260 
10.0642941  0.1579172  0.0032290 
10.1237515  0.1609020  0.0041760 
10.1832186  0.1662173  0.0036990 
10.2426760  0.1662867  0.0037780 
10.3021333  0.1689984  0.0034660 
10.3616005  0.1710955  0.0072790 
10.4210578  0.1862521  0.0063150 
10.4805250  0.2516637  0.0069040 
10.5399823  0.2419414  0.0046750 
10.5994396  0.1867424  0.0061990 
10.6589068  0.1851607  0.0039910 
10.7183641  0.1858475  0.0032800 
10.7778215  0.1874029  0.0032750 
10.8372886  0.1906734  0.0032980 
10.8967460  0.1930643  0.0035550 
10.9562033  0.1957689  0.0043500 
11.0156705  0.1951038  0.0046250 
11.0751278  0.1989339  0.0047030 
11.1345950  0.2033426  0.0038630 
11.1940523  0.2053884  0.0102810 
11.2535096  0.2109984  0.0069870 
11.3129768  0.2128062  0.0055510 
11.3724341  0.2136840  0.0042790 
11.4318915  0.2154432  0.0044880 
11.4913586  0.2172483  0.0060400 
11.5508160  0.2180170  0.0045110 
11.6102733  0.2191318  0.0056990 
11.6697405  0.2177962  0.0037340 
11.7291978  0.2239154  0.0038220 
11.7886650  0.2276978  0.0041750 
11.8481223  0.2294975  0.0035040 
11.9075796  0.2306087  0.0083190 
11.9670468  0.2323967  0.0115560 
12.0265041  0.2343614  0.0046450 
12.0859615  0.2366658  0.0054550 
12.1454286  0.2371695  0.0049140 
12.2048860  0.2394811  0.0037620 
12.2643433  0.2443233  0.0052530 
12.3238105  0.2456121  0.0038900 
12.3832678  0.2470243  0.0049600 
12.4427350  0.2487681  0.0058840 
12.5021923  0.2505119  0.0052020 
12.5616496  0.2539942  0.0056480 
12.6211168  0.2564473  0.0058210 
12.6805741  0.2549729  0.0058140 
12.7400315  0.2673186  0.0074930 
12.7994986  0.2889503  0.0075880 
12.8589560  0.2816370  0.0064820 
12.9184133  0.2637877  0.0060210 
12.9778805  0.2669293  0.0059120 
13.0373378  0.2688786  0.0063520 
13.0967951  0.2723492  0.0095000 
13.1562623  0.2734901  0.0053320 
13.2157196  0.2703458  0.0071390 
13.2751868  0.2719094  0.0050680 
13.3346441  0.2757647  0.0062130 
13.3941015  0.2770228  0.0056180 
13.4535686  0.2800905  0.0063060 
13.5130260  0.2836638  0.0053090 
13.5724833  0.2845101  0.0056090 
13.6319505  0.2889206  0.0058110 
13.6914078  0.2899660  0.0058440 
13.7508651  0.2927417  0.0060280 
