5.1694316  0.0550894  0.0056820 
5.1992218  0.0661892  0.0050080 
5.2290119  0.0725539  0.0026910 
5.2588021  0.0612851  0.0031580 
5.2886021  0.0631098  0.0019800 
5.3183923  0.0685210  0.0046660 
5.3481824  0.0630275  0.0055560 
5.3779726  0.0619309  0.0038490 
5.4077628  0.0533926  0.0061790 
5.4375628  0.0513989  0.0073520 
5.4673530  0.0664948  0.0109760 
5.4971431  0.0647590  0.0153250 
5.5269333  0.0688526  0.0105580 
5.5567235  0.0731997  0.0068900 
5.5865235  0.0839073  0.0054690 
5.6163137  0.0883390  0.0056380 
5.6461038  0.0976574  0.0035910 
5.6758940  0.0974797  0.0027570 
5.7056842  0.1012396  0.0036490 
5.7354842  0.0961990  0.0056880 
5.7652744  0.0884755  0.0056660 
5.7950645  0.0850840  0.0060280 
5.8248547  0.0947167  0.0072420 
5.8546449  0.0919428  0.0059420 
5.8844449  0.0938629  0.0061670 
5.9142351  0.0897238  0.0049890 
5.9440252  0.0951198  0.0041930 
5.9738154  0.1105711  0.0025770 
6.0036056  0.1200759  0.0053880 
6.0334056  0.1232377  0.0094200 
6.0631957  0.1278449  0.0113880 
6.0929859  0.1458620  0.0154910 
6.1227761  0.2123698  0.0187250 
6.1525662  0.2606589  0.0150770 
6.1823663  0.3151221  0.0158440 
6.2121564  0.3358849  0.0165310 
6.2419466  0.3024425  0.0160270 
6.2717368  0.2804986  0.0240950 
6.3015269  0.2422301  0.0161760 
6.3313270  0.2170052  0.0122060 
6.3611171  0.1960430  0.0063470 
6.3909073  0.1790639  0.0034980 
6.4206975  0.1600976  0.0050540 
6.4504876  0.1565501  0.0037590 
6.4802877  0.1548359  0.0094870 
6.5100778  0.1590314  0.0168050 
6.5398680  0.1579977  0.0118450 
6.5696582  0.1580952  0.0134890 
6.5994483  0.1562055  0.0077570 
6.6292483  0.1543115  0.0059710 
6.6590385  0.1516720  0.0034910 
6.6888287  0.1534533  0.0055830 
6.7186189  0.1587930  0.0083010 
6.7484090  0.1557353  0.0121710 
6.7782090  0.1489935  0.0152030 
6.8079992  0.1612202  0.0158220 
6.8377894  0.1656345  0.0167630 
6.8675795  0.1774256  0.0312170 
6.8973697  0.1855847  0.0197440 
6.9271697  0.1833331  0.0505510 
6.9569599  0.2987693  0.0204240 
6.9867501  0.2526841  0.0213000 
7.0165402  0.2073292  0.0136130 
7.0463304  0.2211097  0.0086470 
7.0761304  0.2257992  0.0065810 
7.1059206  0.2316200  0.0043520 
7.1357108  0.2497910  0.0114790 
7.1655009  0.2478038  0.0079780 
7.1952911  0.2661850  0.0362120 
7.2250911  0.2689415  0.0299910 
7.2548813  0.2661438  0.0188420 
7.2846715  0.2885081  0.0125260 
7.3144616  0.3034718  0.0100050 
7.3442518  0.3243170  0.0062150 
7.3740518  0.3580477  0.0065200 
7.3442518  0.3611899  0.0057640 
7.4038420  0.3984031  0.0054460 
7.4634223  0.5147538  0.0372270 
7.5230027  0.6478084  0.0404710 
7.5825928  0.7485366  0.0333910 
7.6421732  0.7278886  0.0208520 
7.7017535  0.6919627  0.0074390 
7.7613437  0.7107730  0.0091640 
7.8209240  0.6851667  0.0212120 
7.8805142  0.6054051  0.0225450 
7.9400946  0.5284498  0.0204090 
7.9996749  0.4670975  0.0516730 
8.0592651  0.4414804  0.0110950 
8.1188454  0.4131328  0.0040990 
8.1784258  0.3914164  0.0041020 
8.2380160  0.3629539  0.0084630 
8.2975963  0.3632790  0.0045770 
8.3571766  0.3638771  0.0038230 
8.4167668  0.3743420  0.0057740 
8.4763472  0.4075048  0.0089120 
8.5359373  0.4439248  0.0097700 
8.5955177  0.4479556  0.0110250 
8.6550980  0.4136139  0.0096450 
8.7146882  0.3546258  0.0097390 
8.7742685  0.2817013  0.0337440 
8.8338489  0.2506622  0.0315120 
8.8934391  0.2303371  0.0186320 
8.9530194  0.2280899  0.0091850 
9.0125997  0.2089653  0.0074490 
9.0721899  0.1962619  0.0053570 
9.1317703  0.1877474  0.0044120 
9.1913605  0.1810858  0.0047440 
9.2509408  0.1801301  0.0042830 
9.3105211  0.1787302  0.0026180 
9.3701113  0.1768232  0.0021860 
9.4296917  0.1772089  0.0036930 
9.4892720  0.1734945  0.0030900 
9.5488622  0.1724370  0.0023580 
9.6084425  0.1894941  0.0023610 
9.6680229  0.1878536  0.0017890 
9.7276130  0.1636581  0.0035380 
9.7871934  0.1605635  0.0022890 
9.8467836  0.1635173  0.0039200 
9.9063639  0.1657689  0.0033570 
9.9659442  0.1646398  0.0032450 
10.0255344  0.1692319  0.0045730 
10.0851148  0.1721444  0.0059460 
10.1446951  0.1705538  0.0062160 
10.2042853  0.1705104  0.0040640 
10.2638656  0.1780129  0.0034420 
10.3234460  0.1878753  0.0057540 
10.3830362  0.2050234  0.0057750 
10.4426165  0.2470388  0.0042160 
10.5022067  0.2597184  0.0033280 
10.5617870  0.2492514  0.0059740 
10.6213674  0.2444925  0.0065330 
10.6809575  0.2513015  0.0059700 
10.7405379  0.2562251  0.0085990 
10.8001182  0.2572350  0.0054320 
10.8597084  0.2689979  0.0124310 
10.9192887  0.3034740  0.0054770 
10.9788691  0.3552391  0.0251000 
11.0384593  0.3815540  0.0250630 
11.0980396  0.5015563  0.0078310 
11.1576298  0.8026963  0.0272550 
11.2172101  1.0046338  0.0116760 
11.2767905  0.8934603  0.0060540 
11.3363807  0.7187197  0.0277620 
11.3959610  0.6407805  0.0051260 
11.4555413  0.5522920  0.0049920 
11.5151315  0.5161039  0.0112060 
11.5747119  0.4802603  0.0108140 
11.6342922  0.4452966  0.0098210 
11.6938824  0.4321858  0.0092930 
11.7534627  0.4370444  0.0045880 
11.8130529  0.4603990  0.0126640 
11.8726332  0.4964029  0.0124250 
11.9322136  0.5178787  0.0106810 
11.9918038  0.5245794  0.0098440 
12.0513841  0.5218662  0.0095170 
12.1109644  0.5122161  0.0094870 
12.1705546  0.5140343  0.0116230 
12.2301350  0.5494921  0.0115970 
12.2897153  0.5730852  0.0123990 
12.3493055  0.5897197  0.0123300 
12.4088858  0.6105996  0.0252310 
12.4684760  0.6541428  0.0094140 
12.5280563  0.7003558  0.0058900 
12.5876367  0.7372331  0.0161750 
12.6472269  0.6980479  0.0268460 
12.7068072  0.8817884  0.0277240 
12.7663875  1.3391578  0.0135980 
12.8259777  1.1491219  0.0293520 
12.8855581  0.6167692  0.0154490 
12.9451384  0.5363249  0.0215030 
13.0047286  0.5262545  0.0126940 
13.0643089  0.5251103  0.0107360 
13.1238893  0.5230949  0.0126070 
13.1834795  0.5238317  0.0132030 
13.2430598  0.5204597  0.0126720 
13.3026500  0.5239119  0.0152400 
13.3622303  0.5380023  0.0186890 
13.4218107  0.5370683  0.0126590 
13.4814008  0.5465341  0.0151000 
13.5409812  0.5361819  0.0138890 
13.6005615  0.5391552  0.0138970 
13.6601517  0.5301466  0.0140500 
13.7197320  0.5247766  0.0128710 
13.7793124  0.5244710  0.0145480 
