6.0134057  0.2614401  0.0046280 
6.0393865  0.2644555  0.0055000 
6.0653588  0.2645224  0.0099930 
6.0913311  0.2644959  0.0043760 
6.1173033  0.2690332  0.0043570 
6.1432756  0.2679661  0.0050130 
6.1692565  0.2689939  0.0091900 
6.1952287  0.2698856  0.0048650 
6.2212010  0.2713269  0.0057500 
6.2471733  0.2708209  0.0063250 
6.2731456  0.2721644  0.0057740 
6.2991264  0.2750362  0.0063480 
6.3250987  0.2734664  0.0068000 
6.3510710  0.2743996  0.0050950 
6.3770432  0.2700567  0.0053170 
6.4030155  0.2732602  0.0063140 
6.4289964  0.2748651  0.0082800 
6.4030155  0.2654524  0.0038450 
6.4549687  0.2662698  0.0035790 
6.5069132  0.2785979  0.0060560 
6.5588577  0.2798510  0.0042610 
6.6108109  0.2831384  0.0039590 
6.6627554  0.2836922  0.0040110 
6.7147000  0.2832713  0.0051360 
6.7666531  0.2836018  0.0053560 
6.8185976  0.2835912  0.0052630 
6.8705508  0.2850346  0.0065770 
6.9224953  0.2870030  0.0041710 
6.9744399  0.2869062  0.0038610 
7.0263930  0.2879851  0.0031340 
7.0783376  0.2886004  0.0036810 
7.1302821  0.2897090  0.0032560 
7.1822352  0.2912618  0.0051030 
7.2341798  0.2935672  0.0038600 
7.2861243  0.2933546  0.0026950 
7.3380775  0.2932813  0.0037780 
7.3900220  0.2970183  0.0055600 
7.4419751  0.2983777  0.0032350 
7.4939197  0.2991748  0.0034100 
7.5458642  0.2995394  0.0031480 
7.5978174  0.3039694  0.0024760 
7.6497619  0.3008106  0.0049610 
7.7017065  0.2985297  0.0044890 
7.7536596  0.3030522  0.0039730 
7.8056041  0.3039046  0.0040720 
7.8575487  0.3045465  0.0039680 
7.9095018  0.3027046  0.0036810 
7.9614464  0.3047517  0.0052790 
8.0133995  0.3029023  0.0040050 
8.0653440  0.3043829  0.0032320 
8.1172886  0.3075512  0.0036300 
8.1692417  0.3085716  0.0030890 
8.2211863  0.3116677  0.0032870 
8.2731308  0.3095983  0.0038100 
8.3250839  0.3098204  0.0031040 
8.3770285  0.3090743  0.0031520 
8.4289730  0.3120673  0.0026280 
8.4809262  0.3132599  0.0029960 
8.5328707  0.3136499  0.0030160 
8.5848238  0.3160031  0.0031750 
8.6367684  0.3182861  0.0054710 
8.6887129  0.3221432  0.0058820 
8.7406661  0.3225227  0.0073300 
8.7926106  0.3210836  0.0046940 
8.8445552  0.3238640  0.0033880 
8.8965083  0.3284641  0.0045580 
8.9484528  0.3317324  0.0029710 
9.0003974  0.3296311  0.0035680 
9.0523505  0.3316580  0.0029540 
9.1042951  0.3359838  0.0043270 
9.1562482  0.3381148  0.0028100 
9.2081928  0.3411865  0.0031440 
9.2601373  0.3445590  0.0034830 
9.3120904  0.3491112  0.0029060 
9.3640350  0.3491271  0.0036660 
9.4159795  0.3519182  0.0033980 
9.4679327  0.3557020  0.0032310 
9.5198772  0.3590787  0.0040970 
9.5718217  0.3573983  0.0040540 
9.6237749  0.3626658  0.0032220 
9.6757194  0.3637616  0.0062890 
9.7276726  0.3678186  0.0037070 
9.7796171  0.3666813  0.0037310 
9.8315617  0.3695436  0.0034890 
9.8835148  0.3731733  0.0068920 
9.9354593  0.3751491  0.0032650 
9.9874039  0.3768465  0.0034960 
10.0393570  0.3783611  0.0038270 
10.0913016  0.3790126  0.0058810 
10.1432461  0.3803433  0.0038170 
10.1951992  0.3811702  0.0036120 
10.2471438  0.3853558  0.0035020 
10.2990969  0.3877036  0.0041560 
10.3510415  0.3924174  0.0086150 
10.4029860  0.3998574  0.0037220 
10.4549391  0.4091001  0.0038870 
10.5068837  0.4030736  0.0049600 
10.5588282  0.3967401  0.0038830 
10.6107814  0.4005355  0.0048540 
10.6627259  0.4021617  0.0081950 
10.7146705  0.4011318  0.0037950 
10.7666236  0.3997735  0.0037500 
10.8185681  0.4030322  0.0040390 
10.8705213  0.4046722  0.0038250 
10.9224658  0.4069435  0.0106360 
10.9744104  0.4079096  0.0072900 
11.0263635  0.4082530  0.0051230 
11.0783080  0.4102798  0.0043130 
11.1302526  0.4122004  0.0044420 
11.1822057  0.4165231  0.0051560 
11.2341503  0.4143474  0.0039560 
11.2860948  0.4125671  0.0044580 
11.3380479  0.4123216  0.0106600 
11.3899925  0.4156951  0.0049400 
11.4419370  0.4149936  0.0051380 
11.4938902  0.4131145  0.0043560 
11.5458347  0.4123248  0.0041400 
11.5977879  0.4119496  0.0058060 
11.6497324  0.4124608  0.0065570 
11.7016769  0.4156228  0.0054100 
11.7536301  0.4158195  0.0097880 
11.8055746  0.4158035  0.0083050 
11.8575192  0.4182194  0.0045860 
11.9094723  0.4194194  0.0053520 
11.9614168  0.4189177  0.0063740 
12.0133614  0.4200220  0.0065700 
12.0837631  0.4200220  0.0197920 
12.1564923  0.4221200  0.0083940 
12.2292216  0.4200890  0.0097570 
12.3019422  0.4184680  0.0194590 
12.3746714  0.4222440  0.0098570 
12.4474007  0.4197860  0.0163710 
12.5201213  0.4167040  0.0079650 
12.5928506  0.4148280  0.0065010 
12.6655798  0.4190830  0.0086960 
12.7383090  0.4308300  0.0076570 
12.8110297  0.4239430  0.0057980 
12.8837589  0.4242260  0.0041560 
12.9564881  0.4228860  0.0055900 