5.1791255  0.2058289  0.0112790 
5.2089716  0.2144964  0.0075010 
5.2388176  0.2153673  0.0088490 
5.2686636  0.2108328  0.0078570 
5.2985195  0.2148202  0.0195370 
5.3283656  0.2273769  0.0058320 
5.3582116  0.2240823  0.0080520 
5.3880576  0.2229169  0.0141150 
5.4179037  0.2194011  0.0047940 
5.4477596  0.2274049  0.0084990 
5.4776056  0.2286729  0.0041910 
5.5074516  0.2322599  0.0061050 
5.5372977  0.2272031  0.0045660 
5.5671437  0.2315563  0.0108580 
5.5969996  0.2371613  0.0058360 
5.6268456  0.2352739  0.0042500 
5.6566917  0.2344581  0.0058940 
5.6865377  0.2352599  0.0046810 
5.7163837  0.2417907  0.0078170 
5.7462396  0.2430652  0.0065970 
5.7760857  0.2427533  0.0170430 
5.8059317  0.2427522  0.0155700 
5.8357777  0.2461105  0.0201030 
5.8656238  0.2501561  0.0127050 
5.8954797  0.2530611  0.0098840 
5.9253257  0.2565639  0.0053570 
5.9551717  0.2560719  0.0069930 
5.9850178  0.2586488  0.0158240 
6.0148638  0.2586726  0.0054370 
6.0447197  0.2624538  0.0080990 
6.0745657  0.2652703  0.0045860 
6.1044118  0.2713447  0.0060590 
6.1342578  0.2743490  0.0063030 
6.1641038  0.2785932  0.0054980 
6.1939597  0.2830241  0.0059480 
6.2238058  0.2808960  0.0089750 
6.2536518  0.2801773  0.0088110 
6.2834978  0.2816385  0.0097550 
6.3133439  0.2808755  0.0096900 
6.3431998  0.2824931  0.0069890 
6.3730458  0.2798137  0.0136090 
6.4028918  0.2782036  0.0082850 
6.4327379  0.2753850  0.0071750 
6.4625839  0.2778227  0.0062720 
6.4924398  0.2815338  0.0134670 
6.5222858  0.2848273  0.0078940 
6.5521319  0.2861503  0.0065890 
6.5819779  0.2892776  0.0062550 
6.6118239  0.2877765  0.0059740 
6.6416798  0.2856712  0.0064140 
6.6715259  0.2863068  0.0066450 
6.7013719  0.2883938  0.0058040 
6.7312179  0.2918956  0.0070080 
6.7610640  0.2980185  0.0052410 
6.7909199  0.2994505  0.0067760 
6.8207659  0.2951265  0.0062430 
6.8506119  0.2961505  0.0113050 
6.8804580  0.3101727  0.0080950 
6.9103040  0.3185920  0.0079000 
6.9401599  0.3182122  0.0081390 
6.9700059  0.3313958  0.0121320 
6.9998520  0.3251930  0.0070320 
7.0296980  0.3109130  0.0050490 
7.0595440  0.3168665  0.0080280 
7.0893999  0.3215542  0.0071220 
7.1192460  0.3260919  0.0073340 
7.1490920  0.3279674  0.0185340 
7.1789380  0.3297804  0.0115850 
7.2087841  0.3354501  0.0073910 
7.2386400  0.3378047  0.0274950 
7.2684860  0.3357965  0.0121710 
7.2983320  0.3468284  0.0077660 
7.3281780  0.3454773  0.0081550 
7.3580241  0.3488086  0.0105640 
7.3878800  0.3511103  0.0105830 
7.3580241  0.3391137  0.0102300 
7.4177260  0.3521269  0.0101520 
7.4774181  0.3497075  0.0051400 
7.5371101  0.3546110  0.0062060 
7.5968121  0.3900397  0.0107180 
7.6565041  0.4082780  0.0075950 
7.7161962  0.3762841  0.0090400 
7.7758981  0.3751942  0.0071670 
7.8355902  0.3799089  0.0061230 
7.8952921  0.3802154  0.0062040 
7.9549842  0.3778305  0.0065130 
8.0146763  0.3775090  0.0054590 
8.0743782  0.3711097  0.0067710 
8.1340703  0.3721511  0.0068810 
8.1937623  0.3758784  0.0070590 
8.2534643  0.3833654  0.0072100 
8.3131563  0.3802909  0.0093910 
8.3728484  0.3773082  0.0059100 
8.4325503  0.3815233  0.0069280 
8.4922424  0.3868499  0.0158000 
8.5519443  0.3891732  0.0070730 
8.6116364  0.3919336  0.0073020 
8.6713285  0.3881265  0.0138300 
8.7310304  0.3889833  0.0123280 
8.7907225  0.3887653  0.0131670 
8.8504145  0.3886121  0.0061240 
8.9101165  0.3938178  0.0067910 
8.9698085  0.4100553  0.0071840 
9.0295006  0.4021680  0.0112260 
9.0892025  0.3992684  0.0053910 
9.1488946  0.4051216  0.0052270 
9.2085965  0.4062137  0.0052130 
9.2682886  0.4163769  0.0059480 
9.3279807  0.4243969  0.0052570 
9.3876826  0.4313961  0.0054330 
9.4473747  0.4393244  0.0064090 
9.5070667  0.4534113  0.0114000 
9.5667687  0.4570566  0.0046050 
9.6264607  0.4731204  0.0108830 
9.6861528  0.4782053  0.0108360 
9.7458547  0.4767841  0.0129460 
9.8055468  0.4818775  0.0062380 
9.8652487  0.4855185  0.0074440 
9.9249408  0.4969691  0.0055080 
9.9846328  0.5026000  0.0069640 
10.0443348  0.5091006  0.0199810 
10.1040268  0.5174012  0.0063010 
10.1637189  0.5212688  0.0057760 
10.2234208  0.5337737  0.0295940 
10.2831129  0.5373424  0.0233670 
10.3428050  0.5419481  0.0157190 
10.4025069  0.5582623  0.0041560 
10.4621990  0.5936500  0.0096600 
10.5219009  0.6015999  0.0060860 
10.5815930  0.5769840  0.0067120 
10.6412850  0.5795189  0.0066000 
10.7009870  0.5881281  0.0061520 
10.7606790  0.5898569  0.0058250 
10.8203711  0.5937590  0.0067030 
10.8800730  0.5964125  0.0072080 
10.9397651  0.6048481  0.0073230 
10.9994572  0.6114901  0.0066070 
11.0591591  0.6161616  0.0165490 
11.1188512  0.6422505  0.0076700 
11.1785531  0.6871831  0.0077080 
11.2382452  0.7007272  0.0070060 
11.2979372  0.6866996  0.0057980 
11.3576392  0.6734879  0.0076700 
11.4173312  0.6667035  0.0068570 
11.4770233  0.6568003  0.0069080 
11.5367252  0.6631305  0.0070470 
11.5964173  0.6536148  0.0063090 
11.6561094  0.6485645  0.0067980 
11.7158113  0.6454890  0.0058680 
11.7755034  0.6584287  0.0059970 
11.8352053  0.6693171  0.0071790 
11.8948974  0.6709541  0.0062120 
11.9545894  0.6724153  0.0060550 
12.0142914  0.6746717  0.0069390 
12.0739834  0.6748832  0.0122950 
12.1336755  0.6770264  0.0144660 
12.1933774  0.6810580  0.0079260 
12.2530695  0.6929693  0.0076640 
12.3127615  0.6934528  0.0067170 
12.3724635  0.6864644  0.0067970 
12.4321555  0.6912363  0.0070710 
12.4918575  0.6974930  0.0064130 
12.5515495  0.7016844  0.0087520 
12.6112416  0.7103076  0.0095700 
12.6709435  0.7186482  0.0064500 
12.7306356  0.7782622  0.0074330 
12.7903277  0.8580872  0.0112600 
12.8500296  0.7978850  0.0097170 
12.9097217  0.7100497  0.0086760 
12.9694137  0.7067530  0.0079990 
13.0291157  0.7123806  0.0084860 
13.0888077  0.7164673  0.0063640 
13.1484998  0.7136777  0.0074770 
13.2082017  0.7153385  0.0081480 
13.2678938  0.7162871  0.0088350 
13.3275957  0.7211388  0.0074040 
13.3872878  0.7302844  0.0077260 
13.4469799  0.7377692  0.0133160 
13.5066818  0.7412558  0.0084140 
13.5663739  0.7509442  0.0193050 
13.6260659  0.7590776  0.0186260 
13.6857679  0.7636185  0.0103920 
13.7454599  0.7701569  0.0101930 
13.8051520  0.7708260  0.0191470 
13.8860541  0.7708260  0.0070800 
13.9696309  0.7823370  0.0196100 
14.0532077  0.7959690  0.0065020 
14.1367746  0.8034540  0.0137330 
14.2203514  0.8549840  0.0085690 
14.3039281  0.9019190  0.0121480 
14.3874951  0.8840260  0.0103700 
14.4710719  0.8544330  0.0093280 
14.5546486  0.8564610  0.0207350 
14.6382254  0.8642910  0.0293910 
14.7217923  0.8884650  0.0317420 
14.8053691  0.8944890  0.0196730 
14.8889459  0.8927160  0.0185920 
14.9725128  0.9077930  0.0158320 
15.0560896  0.9229200  0.0147270 
15.1396664  0.9228650  0.0077080 
15.2232333  0.9348820  0.0081900 
15.3068101  0.9368150  0.0104490 
15.3903869  0.9499520  0.0374020 
15.4739538  1.0357750  0.0195560 
15.5575306  1.1777420  0.0147460 
15.6411074  1.0323820  0.0123750 
15.7246743  1.0059090  0.0083070 
15.8082511  1.0246670  0.0146640 
15.8918289  1.0161070  0.0142400 
15.9754037  1.0373650  0.0242550 
16.0589716  1.0458290  0.0096370 
16.1425493  1.0483790  0.0073270 
16.2261251  1.0517980  0.0633970 
16.3096931  1.0761620  0.0622320 
16.3932679  1.1052010  0.0582510 
16.4768456  1.1202890  0.0096510 
16.5604135  1.1237890  0.0071220 
16.6439884  1.1294060  0.0104920 
16.7275661  1.1351300  0.0082710 
16.8111321  1.1352050  0.0153210 
16.8947098  1.1459390  0.0392330 
16.9782866  1.2118710  0.0262680 
17.0618525  1.2211990  0.0247170 
17.1454303  1.1982720  0.0433970 
17.2290071  1.1818110  0.0122960 
17.3125829  1.1937340  0.0085580 
17.3961508  1.2028140  0.0101400 
17.4797286  1.2060800  0.0110140 
17.5633034  1.2035440  0.0108240 
17.6468713  1.2109720  0.0132000 
17.7304491  1.2182380  0.0258780 
17.8140249  1.2175900  0.0260360 
17.8975928  1.2265890  0.0447950 
17.9811676  1.2135220  0.0259690 
18.0647454  1.2102460  0.0258320 
18.1483133  1.2284020  0.0314490 
18.2318881  1.2220730  0.0207590 
18.3154659  1.2274270  0.0145410 
18.3990318  1.2478990  0.0099860 
18.4826096  1.2351240  0.0206760 
18.5661863  1.2462210  0.0166310 
18.6497641  1.3373280  0.0345550 
18.7333300  1.3529740  0.0526330 
18.8169068  1.2665390  0.0947070 
18.9004826  1.2658090  0.0568510 
18.9840505  1.2657710  0.0217540 
19.0676283  1.2685780  0.0172120 
19.1512031  1.2631850  0.0232630 
19.2347710  1.2483710  0.0172290 
19.3183488  1.2710270  0.0138270 
19.4019246  1.2925690  0.0152730 
19.4854925  1.2851280  0.0196610 
19.5690673  1.2725630  0.0185360 
19.6526451  1.3284300  0.0664570 
19.8197878  1.3519880  0.0940530 
19.9869433  1.2715950  0.0213510 
20.1540861  1.2761390  0.0170670 
20.3212298  1.3019140  0.0250760 
20.4883824  1.2864850  0.0196460 
20.6555280  1.2964410  0.0141930 
20.8226707  1.3205410  0.0224680 
20.9898243  1.3300270  0.0192770 
21.1569670  1.3301230  0.0125560 
21.3241216  1.3365690  0.0349450 
21.4912653  1.3431630  0.0276270 
21.6584090  1.3567200  0.0169430 
21.8255636  1.3708100  0.0136920 
21.9927063  1.3736750  0.0251860 
22.1598500  1.3795810  0.0119070 
22.3270026  1.3987270  0.0294410 
22.4941482  1.4055420  0.0130000 
22.6613008  1.4249610  0.0105280 
22.8284445  1.4251500  0.0136910 
22.9955872  1.4119640  0.0127700 
23.1627428  1.4080830  0.0124800 
23.3298855  1.4365990  0.0147160 
23.4970292  1.4376060  0.0078750 
23.6641818  1.4379810  0.0143850 
23.8313275  1.4515840  0.0149390 
23.9984801  1.4603810  0.0117090 
24.1656238  1.4574670  0.0347830 
24.3327665  1.4971540  0.0112160 
24.4999210  1.4439150  0.0222750 
24.6670647  1.4711310  0.0166180 
24.8342084  1.4838490  0.0167780 
25.0013630  1.4690150  0.0228200 
25.1685067  1.4650940  0.0087990 
25.3356593  1.4703300  0.0150980 
25.5028020  1.4737840  0.0122720 
25.6699457  1.5782840  0.0250570 
25.8371003  1.7625230  0.0414330 
26.0042440  1.6196480  0.0120310 
26.1713877  1.5281400  0.0081350 
26.3385422  1.5399960  0.0105740 
26.5056850  1.5441010  0.0183200 
26.6728385  1.5357670  0.0222960 
26.8399812  1.5328350  0.0192190 
27.0071269  1.5675620  0.0302310 
27.1742795  1.6094870  0.0351510 
27.3414232  1.6035950  0.0189340 
27.5085659  1.6101050  0.0138820 
27.6757205  1.6310380  0.0307790 
27.8428642  1.6445930  0.0157150 
28.0100168  1.6372060  0.0233990 
28.1771625  1.6620050  0.0108950 
28.3443062  1.6655790  0.0222600 
28.5114587  1.6740560  0.0142530 
28.6786015  1.6675260  0.0100290 
28.8457452  1.6794390  0.0361260 
29.0128997  1.6852080  0.0686800 
29.1800434  1.6918980  0.0116650 
29.3471960  1.7103720  0.0173850 
29.5143417  1.7304040  0.0139910 
29.6814844  1.7261740  0.0188720 
29.8486380  1.7347820  0.0225910 
30.0157807  1.7393720  0.0115730 
30.1829264  1.7468410  0.0593230 
30.3500790  1.7843330  0.0144340 
30.5172227  1.7993470  0.0632220 
30.6843772  1.8050060  0.0195810 
30.8515199  1.8175640  0.0898320 
31.0186636  1.8468610  0.0151280 
31.1858162  1.8772900  0.0193440 
31.3529619  1.8790830  0.0714740 
31.5201056  1.8776860  0.0291600 
31.6872582  1.8969900  0.0191340 
31.8544009  1.9180450  0.0245870 
32.0215565  1.9498060  0.0181610 
32.1886992  1.9839770  0.0295270 
32.3558429  2.0015480  0.0354720 
32.5229974  2.0337910  0.0262250 
32.6901411  2.0647760  0.0289120 
32.8572839  2.1392960  0.0505130 
33.0244384  2.1385130  0.1631160 
33.1915821  2.1773520  0.0445350 
33.3587327  2.3001710  0.0322580 
33.5258764  2.2904220  0.0603550 
33.6930241  2.2045410  0.0392920 
33.8601747  2.2435420  0.0287440 
34.0273184  2.2463750  0.1108100 
34.1944611  2.2368760  0.0516860 
34.3616157  2.1960920  0.0288890 
34.5287594  2.3154740  0.0603030 
34.6959139  2.5489860  0.0837100 
34.8630576  2.4014070  0.0433090 
35.0302004  2.2869780  0.0378330 
35.1973559  2.3052200  0.0452680 
35.3644986  2.1809820  0.0761260 
35.5316423  2.2090730  0.0627660 
35.6987969  2.2445390  0.2677340 
35.8659406  2.2576200  0.0562110 
36.0330951  2.1122490  0.0534670 
36.2002388  2.2149910  0.0584280 
36.3673816  2.2546300  0.0826310 
36.5345322  2.2626580  0.0464460 
36.7016759  2.4090250  0.1021190 
36.8688235  2.2324530  0.1316540 
