5.2058433  0.2192108  0.0051030 
5.2358433  0.2208516  0.0074900 
5.2658433  0.2240232  0.0065630 
5.2958433  0.2226494  0.0047410 
5.3258532  0.2238740  0.0039220 
5.3558532  0.2223654  0.0054330 
5.3858532  0.2218695  0.0036770 
5.4158532  0.2248161  0.0042420 
5.4458532  0.2283383  0.0049700 
5.4758631  0.2257163  0.0042520 
5.5058631  0.2261886  0.0052490 
5.5358631  0.2267002  0.0052150 
5.5658631  0.2246159  0.0039430 
5.5958631  0.2360816  0.0037910 
5.6258730  0.2364217  0.0046330 
5.6558730  0.2349668  0.0043990 
5.6858730  0.2378440  0.0036380 
5.7158730  0.2365774  0.0045880 
5.7458730  0.2384459  0.0032320 
5.7758829  0.2354025  0.0040700 
5.8058829  0.2320974  0.0040640 
5.8358829  0.2334830  0.0038150 
5.8658829  0.2332658  0.0057040 
5.8958829  0.2357204  0.0062980 
5.9258929  0.2365251  0.0063710 
5.9558929  0.2374436  0.0073060 
5.9858929  0.2379722  0.0042340 
6.0158929  0.2375954  0.0035250 
6.0458929  0.2388044  0.0056720 
6.0759028  0.2432321  0.0043020 
6.1059028  0.2502962  0.0053920 
6.1359028  0.2584267  0.0070060 
6.1659028  0.2767524  0.0081700 
6.1959028  0.2785449  0.0060110 
6.2259127  0.2843137  0.0059300 
6.2559127  0.2892700  0.0088440 
6.2859127  0.2817780  0.0082880 
6.3159127  0.2762251  0.0077420 
6.3459127  0.2684086  0.0061460 
6.3759226  0.2641262  0.0050810 
6.4059226  0.2591045  0.0044090 
6.4359226  0.2565086  0.0044030 
6.4659226  0.2561082  0.0057140 
6.4959226  0.2556581  0.0040700 
6.5259325  0.2557889  0.0057520 
6.5559325  0.2538629  0.0083540 
6.5859325  0.2593478  0.0095570 
6.6159325  0.2590835  0.0067120 
6.6459325  0.2583089  0.0076980 
6.6759425  0.2604325  0.0068060 
6.7059425  0.2609493  0.0068650 
6.7359425  0.2623794  0.0058510 
6.7659425  0.2642086  0.0053860 
6.7959425  0.2630520  0.0046210 
6.8259524  0.2616219  0.0050220 
6.8559524  0.2617239  0.0079100 
6.8859524  0.2678028  0.0094820 
6.9159524  0.2685774  0.0086740 
6.9459524  0.2750305  0.0082680 
6.9759623  0.2958670  0.0100270 
7.0059623  0.2899386  0.0096120 
7.0359623  0.2824898  0.0083690 
7.0659623  0.2865276  0.0056430 
7.0959623  0.2945521  0.0061820 
7.1259722  0.2955556  0.0067370 
7.1559722  0.2974293  0.0052620 
7.1859722  0.3007959  0.0060250 
7.2159722  0.3012708  0.0056610 
7.2459722  0.3023136  0.0067380 
7.2759821  0.3037686  0.0117020 
7.3059821  0.3096617  0.0174580 
7.3359821  0.3173552  0.0079830 
7.3659821  0.3204548  0.0158400 
7.3959821  0.3300677  0.0179830 
7.4259921  0.3368349  0.0070220 
7.3959821  0.3228047  0.0094300 
7.4559921  0.3464046  0.0120780 
7.5159921  0.3708681  0.0165310 
7.5759921  0.3988813  0.0165440 
7.6360020  0.4151397  0.0152470 
7.6960020  0.3998103  0.0104300 
7.7560020  0.3964948  0.0106900 
7.8160119  0.3913056  0.0074560 
7.8760119  0.3812268  0.0119760 
7.9360218  0.3623555  0.0089630 
7.9960218  0.3400183  0.0071130 
8.0560218  0.3202795  0.0037860 
8.1160317  0.3002345  0.0065320 
8.1760317  0.2857163  0.0068930 
8.2360317  0.2743815  0.0066720 
8.2960417  0.2639247  0.0058600 
8.3560417  0.2521568  0.0116000 
8.4160417  0.2258681  0.0625500 
8.4760516  0.2307799  0.0176460 
8.5360516  0.2234828  0.0159720 
8.5960615  0.2115553  0.0186340 
8.6560615  0.1981061  0.0051570 
8.7160615  0.1771544  0.0112350 
8.7760714  0.1583001  0.0049630 
8.8360714  0.1384331  0.0045660 
8.8960714  0.1225829  0.0037770 
8.9560813  0.1117872  0.0030670 
9.0160813  0.1018144  0.0023400 
9.0760813  0.0859263  0.0017540 
9.1360913  0.0773013  0.0024100 
9.1960913  0.0692938  0.0020010 
9.2561012  0.0621773  0.0017900 
9.3161012  0.0559034  0.0024480 
9.3761012  0.0526638  0.0015560 
9.4361111  0.0497120  0.0057350 
9.4961111  0.0467746  0.0022460 
9.5561111  0.0434604  0.0021000 
9.6161210  0.0441355  0.0019770 
9.6761210  0.0448093  0.0016650 
9.7361210  0.0434604  0.0042530 
9.7961310  0.0442009  0.0043960 
9.8561310  0.0428703  0.0014720 
9.9161409  0.0419361  0.0015760 
9.9761409  0.0449179  0.0038660 
10.0361409  0.0468400  0.0052080 
10.0961508  0.0477153  0.0035350 
10.1561508  0.0515660  0.0020590 
10.2161508  0.0544550  0.0015520 
10.2761607  0.0585804  0.0042170 
10.3361607  0.0618096  0.0027530 
10.3961607  0.0637068  0.0024020 
10.4561706  0.0749317  0.0036840 
10.5161706  0.0931318  0.0025490 
10.5761806  0.0876600  0.0047720 
10.6361806  0.0817224  0.0022170 
10.6961806  0.0855142  0.0031820 
10.7561905  0.0887538  0.0066950 
10.8161905  0.0910658  0.0042680 
10.8761905  0.0936172  0.0039320 
10.9362004  0.0974587  0.0049570 
10.9962004  0.1074786  0.0028170 
11.0562004  0.1161442  0.0036090 
11.1162103  0.1358032  0.0027660 
11.1762103  0.1786604  0.0026460 
11.2362202  0.2201215  0.0042020 
11.2962202  0.2264084  0.0050870 
11.3562202  0.2173333  0.0088420 
11.4162302  0.2122658  0.0073830 
11.4762302  0.2086951  0.0052840 
11.5362302  0.2103149  0.0105110 
11.5962401  0.2112164  0.0054120 
11.6562401  0.2106250  0.0038820 
11.7162401  0.2165325  0.0056040 
11.7762500  0.2231714  0.0041610 
11.8362500  0.2374253  0.0050750 
11.8962599  0.2507960  0.0071710 
11.9562599  0.2633071  0.0129780 
12.0162599  0.2745647  0.0149840 
12.0762698  0.2800993  0.0088650 
12.1362698  0.2855973  0.0163960 
12.1962698  0.2948360  0.0070590 
12.2562798  0.3139938  0.0065410 
12.3162798  0.3254974  0.0102950 
12.3762798  0.3319192  0.0072300 
12.4362897  0.3402996  0.0079120 
12.4962897  0.3531639  0.0081360 
12.5562996  0.3678077  0.0081960 
12.6162996  0.3774377  0.0063160 
12.6762996  0.3861792  0.0111690 
12.7363095  0.4087729  0.0085420 
12.7963095  0.4512049  0.0150510 
12.8563095  0.4396516  0.0087820 
12.9163194  0.3702322  0.0144380 
12.9763194  0.3531770  0.0190610 
13.0363194  0.3532594  0.0198380 
13.0963294  0.3531600  0.0224870 
13.1563294  0.3526837  0.0088300 
13.2163294  0.3480284  0.0073310 
13.2763393  0.3504974  0.0094230 
13.3363393  0.3500420  0.0096230 
13.3963492  0.3484222  0.0081380 
13.4563492  0.3508310  0.0089330 
13.5163492  0.3552155  0.0154920 
13.5763591  0.3541622  0.0123120 
13.6363591  0.3517705  0.0087220 
13.6963591  0.3528944  0.0069970 
13.7563690  0.3526837  0.0089430 
13.8163690  0.3555753  0.0073160 
13.8763690  0.3540000  0.0068380 
13.9576885  0.3540000  0.0066060 
14.0416964  0.3557120  0.0099280 
14.1257044  0.3656000  0.0100450 
14.2097024  0.3666240  0.0111630 
14.2937103  0.4160910  0.0091420 
14.3777183  0.4006820  0.0089220 
14.4617163  0.3593060  0.0088920 
14.5457242  0.3574530  0.0083280 
14.6297321  0.3566950  0.0095130 
14.7137401  0.3529080  0.0148040 
14.7977381  0.3493970  0.0211630 
14.8817460  0.3479970  0.0103300 
14.9657540  0.3324700  0.0122500 
15.0497520  0.3432970  0.0241040 
15.1337599  0.3409480  0.0237200 
15.2177679  0.3313720  0.0142860 
15.3017659  0.3289830  0.0106130 
15.3857738  0.3362690  0.0634300 
15.4697817  0.3543370  0.0248740 
15.5537798  0.4184030  0.0056100 
15.6377877  0.4027940  0.0255870 
15.7217956  0.3251390  0.0134080 
15.8057937  0.3265310  0.0363580 
15.8898016  0.3241380  0.0368330 
15.9738105  0.3094700  0.0147060 
16.0578165  0.3109810  0.0136530 
16.1418155  0.3142960  0.0175270 
16.2258244  0.3023830  0.0132690 
16.3098313  0.3188070  0.0116720 
16.3938304  0.3462690  0.0102310 
16.4778363  0.3594460  0.0090330 
16.5618452  0.3488780  0.0092150 
16.6458442  0.3393910  0.0086590 
16.7298502  0.3449800  0.0120360 
16.8138591  0.3390370  0.0085380 
16.8978562  0.3449890  0.0062070 
16.9818651  0.3762780  0.0067170 
17.0658730  0.4028960  0.0152580 
17.1498700  0.3671360  0.0143910 
17.2338790  0.3535270  0.0153110 
17.3178869  0.3558970  0.0119290 
17.4018938  0.3544310  0.0102470 
17.4858929  0.3383300  0.0108080 
17.5699018  0.3181080  0.0096980 
17.6539077  0.3049830  0.0173670 
17.7379067  0.3006040  0.0115590 
17.8219157  0.2961910  0.0064190 
17.9059226  0.2890830  0.0070290 
17.9899216  0.2835190  0.0105870 
18.0739276  0.2662770  0.0125990 
18.1579365  0.2617130  0.0128650 
18.2419355  0.2573860  0.0072500 
18.3259415  0.2529220  0.0053040 
18.4099504  0.2550480  0.0080530 
18.4939474  0.2549410  0.0070230 
18.5779563  0.2462920  0.0073810 
18.6619643  0.2835130  0.0183430 
18.7459732  0.3160230  0.0075040 
18.8299702  0.2731560  0.0147960 
18.9139782  0.2683530  0.0074040 
18.9979851  0.2664440  0.0086460 
19.0819841  0.2612020  0.0068810 
19.1659931  0.2659110  0.0078710 
19.2499990  0.2755370  0.0076050 
19.3339980  0.2758340  0.0105580 
19.4180069  0.2803220  0.0059790 
19.5020139  0.2939240  0.0108070 
19.5860129  0.2987610  0.0111960 
19.6700188  0.3010780  0.0073610 
19.7540278  0.3090990  0.0104900 
19.8380268  0.3188680  0.0146920 
19.9220327  0.3220840  0.0096060 
20.0060417  0.3291350  0.0096910 
20.0900506  0.3297430  0.0121720 
20.1740476  0.3203630  0.0578650 
20.2580556  0.3195020  0.0257570 
20.3420645  0.3368870  0.0082130 
20.4260615  0.3366460  0.0066460 
20.5940764  0.3421150  0.0083820 
20.7620843  0.3399740  0.0089630 
20.9300893  0.3578980  0.0161710 
21.0981052  0.3583340  0.0157490 
21.2661101  0.3651580  0.0072020 
21.4341270  0.3739700  0.0161690 
21.6021329  0.3899380  0.0110390 
21.7701389  0.3993300  0.0134870 
21.9381558  0.4013700  0.0178270 
22.1061607  0.4056340  0.0150640 
22.2741667  0.4144500  0.0098540 
22.4421815  0.4316240  0.0179940 
22.6101895  0.4235720  0.0062800 
22.7782044  0.4314700  0.0072620 
22.9462103  0.4361380  0.0140620 
23.1142153  0.4355590  0.0164050 
23.2822331  0.4374020  0.0159000 
23.4502381  0.4528210  0.0098150 
23.6182440  0.4556920  0.0303330 
23.7862589  0.4665480  0.0110410 
23.9542669  0.4874520  0.0388690 
24.1222817  0.5030290  0.0086100 
24.2902877  0.5425230  0.0101630 
24.4582927  0.5574110  0.0088690 
24.6263095  0.5275100  0.0052400 
24.7943155  0.5468020  0.0079400 
24.9623214  0.5474340  0.0083530 
25.1303383  0.5625340  0.0071590 
25.2983442  0.5843510  0.0084010 
25.4663591  0.5838680  0.0076470 
25.6343641  0.6009250  0.0290910 
25.8023700  0.8370390  0.0466130 
25.9703869  0.8935890  0.0380400 
26.1383929  0.6785550  0.0151280 
26.3063988  0.6158580  0.0285070 
26.4744157  0.6343920  0.0155370 
26.6424206  0.6572330  0.0275450 
26.8104365  0.6640110  0.0200770 
26.9784415  0.6533780  0.0146050 
27.1464494  0.6583350  0.0160460 
27.3144643  0.6825280  0.0185540 
27.4824702  0.6992400  0.0153760 
27.6504752  0.7229560  0.0070560 
27.8184921  0.7184400  0.0266960 
27.9864980  0.7319430  0.0210530 
28.1545129  0.7534620  0.0090990 
28.3225208  0.7557060  0.0120220 
28.4905268  0.7653340  0.0265600 
28.6585417  0.7840690  0.0170590 
28.8265466  0.7922600  0.0307220 
28.9945526  0.7973260  0.0187850 
29.1625694  0.8170010  0.0129420 
29.3305754  0.8215860  0.0113230 
29.4985903  0.8263120  0.0113420 
29.6665982  0.8484680  0.0125100 
29.8346032  0.8561110  0.0106000 
30.0026190  0.8672730  0.0335640 
30.1706240  0.8737340  0.0115860 
30.3386319  0.8803990  0.0099220 
30.5066468  0.9274850  0.0120510 
30.6746528  0.9413160  0.0416630 
30.8426696  0.9560110  0.0134570 
31.0106746  0.9488920  0.0115190 
31.1786806  0.9604020  0.0122600 
31.3466954  1.0029690  0.0249120 
31.5147034  1.0082700  0.0310930 
31.6827093  1.0142900  0.0113770 
31.8507242  1.0096950  0.0198970 
32.0187292  1.0213910  0.0154810 
32.1867470  1.0371220  0.0212200 
32.3547520  1.0706280  0.0214740 
32.5227579  1.1104950  0.0282350 
32.6907748  1.1421190  0.0215750 
32.8587808  1.1570020  0.0163570 
33.0267857  1.1796420  0.0187130 
33.1948026  1.2038550  0.0339600 
33.3628085  1.2802350  0.0216890 
33.5308214  1.4633360  0.0571180 
33.6988274  1.2612750  0.0408580 
33.8668373  1.1988330  0.0229950 
34.0348502  1.2512640  0.0522290 
34.2028562  1.2479340  0.0305660 
34.3708611  1.2141720  0.0371010 
34.5388780  1.2850250  0.0217770 
34.7068839  1.7182550  0.0705680 
34.8749008  1.8896890  0.0653840 
35.0429067  1.3679470  0.0509440 
35.2109117  1.3292450  0.0504100 
35.3789296  1.3416710  0.0708700 
35.5469345  1.3116710  0.0383610 
35.7149405  1.3030370  0.0462120 
35.8829573  1.3324460  0.0514040 
36.0509633  1.3758910  0.0344520 
36.2189802  1.3116820  0.0449810 
36.3869861  1.3971800  0.0504980 
36.5549911  1.4104520  0.0338520 
36.7230040  1.4334290  0.0560420 
36.8910099  1.5494280  0.0992620 
37.0590198  1.3731880  0.1138350 
