4.5069194  0.2291558  0.0067510 
4.5328916  0.2283204  0.0043270 
4.5588639  0.2329427  0.0035130 
4.5848362  0.2312156  0.0049630 
4.6108170  0.2327557  0.0068230 
4.6367893  0.2361005  0.0069320 
4.6627616  0.2339004  0.0033540 
4.6887339  0.2342511  0.0055280 
4.7147061  0.2358805  0.0042560 
4.7406870  0.2328970  0.0036910 
4.7666593  0.2302675  0.0039110 
4.7926315  0.2325282  0.0033530 
4.8186038  0.2331511  0.0043970 
4.8445761  0.2339514  0.0038340 
4.8705569  0.2359230  0.0027100 
4.8965292  0.2353076  0.0026840 
4.9225015  0.2392699  0.0030750 
4.9484738  0.2405826  0.0036230 
4.9744460  0.2394549  0.0033590 
5.0004269  0.2402297  0.0055650 
5.0263992  0.2393592  0.0037310 
5.0523714  0.2417804  0.0041790 
5.0783437  0.2445322  0.0044720 
5.1043160  0.2461031  0.0042190 
5.1302969  0.2475560  0.0043280 
5.1562691  0.2450923  0.0038350 
5.1822414  0.2468247  0.0036030 
5.2082137  0.2475071  0.0039440 
5.2341859  0.2452570  0.0039510 
5.2601668  0.2451072  0.0048180 
5.2861391  0.2460010  0.0037110 
5.3121114  0.2490142  0.0042130 
5.3380836  0.2491237  0.0035100 
5.3640559  0.2498199  0.0052480 
5.3900368  0.2516650  0.0036400 
5.4160090  0.2505352  0.0031950 
5.4419813  0.2522411  0.0034700 
5.4679536  0.2530967  0.0034410 
5.4939259  0.2518956  0.0038000 
5.5199067  0.2529596  0.0040710 
5.5458790  0.2535739  0.0036590 
5.5718513  0.2554339  0.0039500 
5.5978235  0.2533326  0.0034480 
5.6237958  0.2543052  0.0078570 
5.6497767  0.2558272  0.0036810 
5.6757489  0.2552437  0.0082750 
5.7017212  0.2546144  0.0038530 
5.7276935  0.2547994  0.0034910 
5.7536658  0.2573343  0.0068720 
5.7796466  0.2594845  0.0038900 
5.8056189  0.2603177  0.0040610 
5.8315912  0.2597587  0.0046340 
5.8575634  0.2591901  0.0041890 
5.8835357  0.2619216  0.0041980 
5.9095166  0.2619907  0.0058360 
5.9354888  0.2614306  0.0046870 
5.9614611  0.2596258  0.0055600 
5.9874334  0.2611362  0.0045850 
6.0134057  0.2614401  0.0046280 
6.0393865  0.2644555  0.0055000 
6.0653588  0.2645224  0.0099930 
6.0913311  0.2644959  0.0043760 
6.1173033  0.2690332  0.0043570 
6.1432756  0.2679661  0.0050130 
6.1692565  0.2689939  0.0091900 
6.1952287  0.2698856  0.0048650 
6.2212010  0.2713269  0.0057500 
6.2471733  0.2708209  0.0063250 
6.2731456  0.2721644  0.0057740 
6.2991264  0.2750362  0.0063480 
6.3250987  0.2734664  0.0068000 
6.3510710  0.2743996  0.0050950 
6.3770432  0.2700567  0.0053170 
6.4030155  0.2732602  0.0063140 
6.4289964  0.2748651  0.0082800 
6.4030155  0.2654524  0.0038450 
6.4549687  0.2662698  0.0035790 
6.5069132  0.2785979  0.0060560 
6.5588577  0.2798510  0.0042610 
6.6108109  0.2831384  0.0039590 
6.6627554  0.2836922  0.0040110 
6.7147000  0.2832713  0.0051360 
6.7666531  0.2836018  0.0053560 
6.8185976  0.2835912  0.0052630 
6.8705508  0.2850346  0.0065770 
6.9224953  0.2870030  0.0041710 
6.9744399  0.2869062  0.0038610 
7.0263930  0.2879851  0.0031340 
7.0783376  0.2886004  0.0036810 
7.1302821  0.2897090  0.0032560 
7.1822352  0.2912618  0.0051030 
7.2341798  0.2935672  0.0038600 
7.2861243  0.2933546  0.0026950 
7.3380775  0.2932813  0.0037780 
7.3900220  0.2970183  0.0055600 
7.4419751  0.2983777  0.0032350 
7.4939197  0.2991748  0.0034100 
7.5458642  0.2995394  0.0031480 
7.5978174  0.3039694  0.0024760 
7.6497619  0.3008106  0.0049610 
7.7017065  0.2985297  0.0044890 
7.7536596  0.3030522  0.0039730 
7.8056041  0.3039046  0.0040720 
7.8575487  0.3045465  0.0039680 
7.9095018  0.3027046  0.0036810 
7.9614464  0.3047517  0.0052790 
8.0133995  0.3029023  0.0040050 
8.0653440  0.3043829  0.0032320 
8.1172886  0.3075512  0.0036300 
8.1692417  0.3085716  0.0030890 
8.2211863  0.3116677  0.0032870 
8.2731308  0.3095983  0.0038100 
8.3250839  0.3098204  0.0031040 
8.3770285  0.3090743  0.0031520 
8.4289730  0.3120673  0.0026280 
8.4809262  0.3132599  0.0029960 
8.5328707  0.3136499  0.0030160 
8.5848238  0.3160031  0.0031750 
8.6367684  0.3182861  0.0054710 
8.6887129  0.3221432  0.0058820 
8.7406661  0.3225227  0.0073300 
8.7926106  0.3210836  0.0046940 
8.8445552  0.3238640  0.0033880 
8.8965083  0.3284641  0.0045580 
8.9484528  0.3317324  0.0029710 
9.0003974  0.3296311  0.0035680 
9.0523505  0.3316580  0.0029540 
9.1042951  0.3359838  0.0043270 
9.1562482  0.3381148  0.0028100 
9.2081928  0.3411865  0.0031440 
9.2601373  0.3445590  0.0034830 
9.3120904  0.3491112  0.0029060 
9.3640350  0.3491271  0.0036660 
9.4159795  0.3519182  0.0033980 
9.4679327  0.3557020  0.0032310 
9.5198772  0.3590787  0.0040970 
9.5718217  0.3573983  0.0040540 
9.6237749  0.3626658  0.0032220 
9.6757194  0.3637616  0.0062890 
9.7276726  0.3678186  0.0037070 
9.7796171  0.3666813  0.0037310 
9.8315617  0.3695436  0.0034890 
9.8835148  0.3731733  0.0068920 
9.9354593  0.3751491  0.0032650 
9.9874039  0.3768465  0.0034960 
10.0393570  0.3783611  0.0038270 
10.0913016  0.3790126  0.0058810 
10.1432461  0.3803433  0.0038170 
10.1951992  0.3811702  0.0036120 
10.2471438  0.3853558  0.0035020 
10.2990969  0.3877036  0.0041560 
10.3510415  0.3924174  0.0086150 
10.4029860  0.3998574  0.0037220 
10.4549391  0.4091001  0.0038870 
10.5068837  0.4030736  0.0049600 
10.5588282  0.3967401  0.0038830 
10.6107814  0.4005355  0.0048540 
10.6627259  0.4021617  0.0081950 
10.7146705  0.4011318  0.0037950 
10.7666236  0.3997735  0.0037500 
10.8185681  0.4030322  0.0040390 
10.8705213  0.4046722  0.0038250 
10.9224658  0.4069435  0.0106360 
10.9744104  0.4079096  0.0072900 
11.0263635  0.4082530  0.0051230 
11.0783080  0.4102798  0.0043130 
11.1302526  0.4122004  0.0044420 
11.1822057  0.4165231  0.0051560 
11.2341503  0.4143474  0.0039560 
11.2860948  0.4125671  0.0044580 
11.3380479  0.4123216  0.0106600 
11.3899925  0.4156951  0.0049400 
11.4419370  0.4149936  0.0051380 
11.4938902  0.4131145  0.0043560 
11.5458347  0.4123248  0.0041400 
11.5977879  0.4119496  0.0058060 
11.6497324  0.4124608  0.0065570 
11.7016769  0.4156228  0.0054100 
11.7536301  0.4158195  0.0097880 
11.8055746  0.4158035  0.0083050 
11.8575192  0.4182194  0.0045860 
11.9094723  0.4194194  0.0053520 
11.9614168  0.4189177  0.0063740 
12.0133614  0.4200220  0.0065700 
12.0837631  0.4200220  0.0197920 
12.1564923  0.4221200  0.0083940 
12.2292216  0.4200890  0.0097570 
12.3019422  0.4184680  0.0194590 
12.3746714  0.4222440  0.0098570 
12.4474007  0.4197860  0.0163710 
12.5201213  0.4167040  0.0079650 
12.5928506  0.4148280  0.0065010 
12.6655798  0.4190830  0.0086960 
12.7383090  0.4308300  0.0076570 
12.8110297  0.4239430  0.0057980 
12.8837589  0.4242260  0.0041560 
12.9564881  0.4228860  0.0055900 
13.0292088  0.4289920  0.0092470 
13.1019380  0.4260580  0.0048930 
13.1746673  0.4305880  0.0128240 
13.2473879  0.4356510  0.0076790 
13.3201171  0.4316220  0.0042290 
13.3928464  0.4335070  0.0051460 
13.4655670  0.4365410  0.0042310 
13.5382962  0.4404330  0.0050220 
13.6110255  0.4436220  0.0059040 
13.6837461  0.4440430  0.0065190 
13.7564754  0.4468900  0.0154420 
13.8292055  0.4459750  0.0065660 
13.9019330  0.4517020  0.0061940 
13.9746545  0.4548460  0.0050090 
14.0473846  0.4553460  0.0091470 
14.1201129  0.4648210  0.0071800 
14.1928345  0.4717520  0.0059870 
14.2655620  0.4769500  0.0129110 
14.3382921  0.4722660  0.0088910 
14.4110136  0.4660230  0.0084490 
14.4837411  0.4729590  0.0070490 
14.5564712  0.4730590  0.0073130 
14.6291910  0.4775550  0.0151500 
14.7019211  0.4792770  0.0165130 
14.7746503  0.4854480  0.0076120 
14.8473701  0.4886320  0.0097380 
14.9201002  0.4935340  0.0071620 
14.9928294  0.4969860  0.0057290 
15.0655578  0.5040270  0.0055260 
15.1382793  0.5057740  0.0068960 
15.2110094  0.5119900  0.0098610 
15.2837369  0.5113940  0.0158170 
15.3564584  0.5208640  0.0174300 
15.4291885  0.5525880  0.0105290 
15.5019169  0.5577690  0.0104280 
15.5746384  0.5326790  0.0070910 
15.6473659  0.5320480  0.0084600 
15.7200960  0.5317530  0.0093600 
15.7928175  0.5458980  0.0143470 
15.8655450  0.5468270  0.0072130 
15.9382751  0.5538190  0.0094630 
16.0109949  0.5584640  0.0125780 
16.0837250  0.5578590  0.0073720 
16.1564542  0.5616970  0.0073770 
16.2291843  0.5711950  0.0086180 
16.3019041  0.5687480  0.0249810 
16.3746333  0.5691450  0.0160630 
16.4473617  0.5725290  0.0104240 
16.5200832  0.5738930  0.0076930 
16.5928133  0.5864830  0.0105760 
16.6655408  0.5830340  0.0336930 
16.7382623  0.5810430  0.0115960 
16.8109924  0.5878960  0.0219890 
16.8837208  0.5887400  0.0293130 
16.9564423  0.5930780  0.0097330 
17.0291698  0.5959510  0.0125320 
17.1018999  0.5997370  0.0304170 
17.1746214  0.6025530  0.0111800 
17.2473489  0.5907070  0.0209850 
17.3200790  0.6049640  0.0149320 
17.3928091  0.6013170  0.0159130 
17.4655289  0.6184460  0.0105270 
17.5382581  0.5999040  0.0103540 
17.6109882  0.6174770  0.0112390 
17.6837080  0.6128680  0.0072740 
17.8291656  0.6239440  0.0159620 
17.9746172  0.6343630  0.0104550 
18.1200663  0.6390380  0.0146490 
18.2655247  0.6411560  0.0156930 
18.4109738  0.6491990  0.0079060 
18.5564331  0.6527470  0.0098420 
18.7018830  0.6604990  0.0115940 
18.8473328  0.6605270  0.0111090 
18.9927922  0.6536680  0.0092030 
19.1382412  0.6598410  0.0098290 
19.2836911  0.6593360  0.0091770 
19.4291487  0.6620930  0.0091060 
19.5746003  0.6634530  0.0114760 
19.7200579  0.6668830  0.0074180 
19.8655078  0.6699310  0.0065000 
20.0109568  0.6587880  0.0086820 
20.1564170  0.6597260  0.0073720 
20.3018660  0.6705340  0.0069940 
20.4473159  0.6722880  0.0054430 
20.5927735  0.6747480  0.0160800 
20.7382251  0.6821140  0.0079070 
20.8836827  0.6886730  0.0256630 
21.0291326  0.6941930  0.0249410 
21.1745816  0.6934210  0.0055280 
21.3200409  0.6988860  0.0061630 
21.4654908  0.7016630  0.0062960 
21.6109407  0.7035390  0.0093250 
21.7564000  0.7071480  0.0104030 
21.9018499  0.7031290  0.0080660 
22.0473075  0.7075480  0.0111460 
22.1927565  0.7068110  0.0079660 
22.3382064  0.7268620  0.0090640 
22.4836657  0.7284140  0.0073790 
22.6291156  0.7213990  0.0062900 
22.7745655  0.7210740  0.0108450 
22.9200248  0.7310960  0.0097530 
23.0654739  0.7442660  0.0062450 
23.2109323  0.7323730  0.0105110 
23.3563813  0.7331550  0.0235000 
23.5018329  0.7325140  0.0087280 
23.6472906  0.7378560  0.0099600 
23.7927404  0.7353920  0.0121880 
23.9381895  0.7354830  0.0072390 
24.0836488  0.7387210  0.0067800 
24.2290987  0.7571900  0.0136990 
24.3745563  0.7382650  0.0096920 
24.5200079  0.7383730  0.0113030 
24.6654578  0.7353940  0.0086960 
24.8109154  0.7246910  0.0107160 
24.9563644  0.7281030  0.0143750 
25.1018143  0.7307540  0.0136270 
25.2472736  0.7362850  0.0090290 
25.3927235  0.7259410  0.0239030 
25.5381811  0.7440130  0.0183920 
25.6836327  0.8037470  0.0174430 
25.8290817  0.7933040  0.0184200 
25.9745402  0.7491400  0.0237930 
26.1199892  0.7482250  0.0111570 
26.2654408  0.7386600  0.0208830 
26.4108984  0.7558480  0.0086360 
26.5563483  0.7483580  0.0161080 
26.7018076  0.7458190  0.0107050 
26.8472566  0.7350870  0.0188110 
26.9927065  0.7389530  0.0143890 
27.1381641  0.7539890  0.0297500 
27.2836157  0.7518480  0.0269740 
27.4290656  0.7545460  0.0123390 
27.5745232  0.7533920  0.0116480 
27.7199722  0.7498530  0.0134850 
27.8654324  0.7554930  0.0143570 
28.0108815  0.7647630  0.0193040 
28.1563313  0.7620300  0.0120780 
28.3017907  0.7551290  0.0127120 
28.4472405  0.7550880  0.0137050 
28.5926896  0.7719070  0.0126670 
28.7381489  0.7593070  0.0363910 
28.8835988  0.7563220  0.0248810 
29.0290547  0.7625680  0.0359200 
29.1745045  0.7741380  0.0221280 
29.3199579  0.7611140  0.0203060 
29.4654138  0.7651850  0.0292240 
29.6108636  0.7715080  0.0171210 
29.7563127  0.7643660  0.0187630 
29.9017720  0.7526270  0.0216140 
30.0472219  0.7588490  0.0216260 
30.1926812  0.7621810  0.0222950 
30.3381311  0.7392830  0.0260310 
30.4835801  0.7793160  0.0271190 
30.6290403  0.7804490  0.0280880 
30.7744893  0.7603720  0.0330800 
30.9199392  0.7874100  0.0291540 
31.0653985  0.7661400  0.0333500 
31.2108484  0.7496040  0.0423460 
31.3563077  0.7586810  0.0455200 
31.5017576  0.7781050  0.0317750 
31.6472066  0.7442060  0.0356400 
31.7926625  0.7622190  0.0434970 
31.9381124  0.7899380  0.0648200 
32.0835657  0.7365900  0.0497260 
