5.0265123  0.1937440  0.0048340 
5.0554788  0.1937830  0.0153020 
5.0844454  0.1917540  0.0050720 
5.1134119  0.1949340  0.0043820 
5.1423881  0.1968710  0.0039130 
5.1713546  0.2021410  0.0078080 
5.2003212  0.2023400  0.0046220 
5.2292878  0.2056770  0.0054520 
5.2582543  0.2048600  0.0041290 
5.2872304  0.2027650  0.0050610 
5.3161970  0.2050770  0.0081440 
5.3451636  0.2038100  0.0043690 
5.3741301  0.2064410  0.0097490 
5.4030967  0.2077870  0.0121670 
5.4320728  0.2115460  0.0052320 
5.4610394  0.2152970  0.0080500 
5.4900059  0.2171200  0.0033180 
5.5189725  0.2182420  0.0039970 
5.5479391  0.2201530  0.0041150 
5.5769152  0.2314460  0.0046690 
5.6058818  0.2330060  0.0041160 
5.6348483  0.2297130  0.0035230 
5.6638149  0.2296990  0.0040000 
5.6927814  0.2319060  0.0048270 
5.7217576  0.2319570  0.0044910 
5.7507241  0.2293930  0.0036070 
5.7796907  0.2264570  0.0032870 
5.8086573  0.2254360  0.0032960 
5.8376238  0.2255530  0.0040690 
5.8666000  0.2278570  0.0032160 
5.8955665  0.2296580  0.0045570 
5.9245331  0.2300610  0.0045530 
5.9534996  0.2269930  0.0040360 
5.9824662  0.2302810  0.0031040 
6.0114423  0.2336360  0.0035160 
6.0404089  0.2366540  0.0096080 
6.0693754  0.2377400  0.0042890 
6.0983420  0.2413900  0.0035050 
6.1273086  0.2530140  0.0036070 
6.1562847  0.2691650  0.0048130 
6.1852513  0.2822930  0.0047840 
6.2142178  0.2903090  0.0048230 
6.2431844  0.2881730  0.0046600 
6.2721509  0.2754870  0.0050360 
6.3011271  0.2690360  0.0043920 
6.3300936  0.2656070  0.0059740 
6.3590602  0.2636860  0.0037340 
6.3880268  0.2619440  0.0047260 
6.4169933  0.2616020  0.0055420 
6.4459695  0.2586580  0.0045510 
6.4749360  0.2609920  0.0051110 
6.5039026  0.2655920  0.0049930 
6.5328691  0.2678270  0.0053980 
6.5618357  0.2705100  0.0087980 
6.5908118  0.2725110  0.0047210 
6.6197784  0.2753800  0.0048510 
6.6487449  0.2788630  0.0053710 
6.6777115  0.2792660  0.0047650 
6.7066781  0.2829710  0.0066880 
6.7356542  0.2822090  0.0062670 
6.7646208  0.2812310  0.0057880 
6.7935873  0.2823130  0.0135200 
6.8225539  0.2806850  0.0118080 
6.8515204  0.2848400  0.0057490 
6.8804966  0.2959340  0.0049840 
6.9094631  0.3018880  0.0054050 
6.9384297  0.3027550  0.0068210 
6.9673963  0.3233340  0.0123720 
6.9963628  0.3290210  0.0073360 
7.0253390  0.3142030  0.0085170 
7.0543055  0.3180730  0.0070200 
7.0832721  0.3219890  0.0062950 
7.1122386  0.3269740  0.0057000 
7.1412052  0.3288510  0.0051510 
7.1701813  0.3291780  0.0089270 
7.1412052  0.3137510  0.0044130 
7.1991479  0.3171730  0.0039940 
7.2570810  0.3286880  0.0066330 
7.3150141  0.3433680  0.0059460 
7.3729568  0.3628310  0.0069880 
7.4308899  0.3868440  0.0089530 
7.4888231  0.4086660  0.0093760 
7.5467658  0.4419760  0.0049990 
7.6046989  0.4908240  0.0052740 
7.6626416  0.4815710  0.0053270 
7.7205747  0.4599660  0.0247160 
7.7785078  0.4686150  0.0095770 
7.8364505  0.4719430  0.0093960 
7.8943836  0.4631570  0.0213790 
7.9523168  0.4563900  0.0199960 
8.0102594  0.4471590  0.0210520 
8.0681926  0.4408480  0.0174230 
8.1261257  0.4336780  0.0174100 
8.1840684  0.4317090  0.0173530 
8.2420015  0.4326770  0.0172890 
8.2999442  0.4318620  0.0486030 
8.3578773  0.4281850  0.0299080 
8.4158104  0.4257960  0.0177720 
8.4737531  0.4274490  0.0470590 
8.5316863  0.4305070  0.0329380 
8.5896194  0.4351320  0.0358710 
8.6475621  0.4225650  0.0157430 
8.7054952  0.4064860  0.0159660 
8.7634283  0.3946520  0.0152750 
8.8213710  0.3830210  0.0340750 
8.8793041  0.3765800  0.0226990 
8.9372468  0.3768490  0.0280330 
8.9951799  0.3753620  0.0304780 
9.0531131  0.3643490  0.0154310 
9.1110558  0.3623070  0.0154310 
9.1689889  0.3636120  0.0143180 
9.2269220  0.3617770  0.0153610 
9.2848647  0.3599580  0.0162850 
9.3427978  0.3542500  0.0116920 
9.4007309  0.3679560  0.0169440 
9.4586736  0.3723970  0.0473070 
9.5166067  0.3726360  0.0176160 
9.5745494  0.3692950  0.0173150 
9.6324826  0.3843820  0.0185870 
9.6904157  0.3848530  0.0324980 
9.7483584  0.3806070  0.0245930 
9.8062915  0.3881120  0.0172410 
9.8642246  0.3939790  0.0183670 
9.9221673  0.4018090  0.0538980 
9.9801004  0.4070620  0.0177030 
10.0380336  0.4133590  0.0175650 
10.0959762  0.4195340  0.0176860 
10.1539094  0.4248380  0.0455910 
10.2118521  0.4278150  0.0529480 
10.2697852  0.4352820  0.0182490 
10.3277183  0.4417620  0.0483040 
10.3856610  0.4520780  0.0189160 
10.4435941  0.4733650  0.0584450 
10.5015272  0.4878660  0.0213980 
10.5594699  0.4767180  0.0613510 
10.6174031  0.4765090  0.0223670 
10.6753362  0.4824330  0.0220380 
10.7332789  0.4912940  0.0539190 
10.7912120  0.4954170  0.0212210 
10.8491547  0.5029160  0.0211830 
10.9070878  0.5086940  0.0223510 
10.9650209  0.5235460  0.0217710 
11.0229636  0.5371520  0.0222220 
11.0808967  0.5530300  0.0244620 
11.1388299  0.5993100  0.0229380 
11.1967726  0.6658600  0.0504660 
11.2547057  0.6856110  0.0272330 
11.3126388  0.6614010  0.0269800 
11.3705815  0.6384290  0.0264110 
11.4285146  0.6365150  0.0732140 
11.4864573  0.6330390  0.0272610 
11.5443904  0.6370610  0.0730730 
11.6023235  0.6394960  0.0727030 
11.6602662  0.6424130  0.0501840 
11.7181994  0.6545730  0.0500980 
11.7761325  0.6638660  0.0733910 
11.8340752  0.6800120  0.0801090 
11.8920083  0.6994400  0.0288050 
11.9499414  0.7162630  0.0760140 
12.0078841  0.7297480  0.0748090 
12.0658172  0.7456260  0.0325460 
12.1237599  0.7603190  0.0321710 
12.1816931  0.7746290  0.0980520 
12.2396262  0.7988400  0.1001060 
12.2975689  0.8198000  0.0977960 
12.3555020  0.8380200  0.0930200 
12.4134351  0.8554640  0.0911170 
12.4713778  0.8771260  0.0901310 
12.5293109  0.9005310  0.0360510 
12.5872440  0.9191970  0.1150350 
12.6451867  0.9354880  0.0771300 
12.7031199  0.9628910  0.0733630 
12.7610530  1.0360640  0.0778080 
12.8189957  1.0636480  0.0393050 
12.8769288  0.9600710  0.0681320 
12.9348715  0.9404290  0.0377380 
12.9928046  0.9465730  0.0418510 
13.0507377  0.9520080  0.0392820 
13.1086804  0.9614580  0.0366080 
13.1666135  0.9713320  0.0371110 
13.2245467  0.9802360  0.1076130 
13.2824894  0.9839430  0.1063370 
13.3404225  0.9920260  0.0397040 
13.3983556  0.9994310  0.0358280 
13.4768737  1.0269590  0.0126310 
13.5579878  1.0508380  0.0330760 
13.6391018  1.0551360  0.0332650 
13.7202063  1.0451120  0.0095800 
13.8013203  1.0661130  0.0139040 
13.8824343  1.0747590  0.0079840 
13.9635388  1.0828950  0.0106080 
14.0446528  1.0895940  0.0138650 
14.1257668  1.1171820  0.0073260 
14.2068809  1.1903350  0.0111150 
14.2879853  1.2400370  0.0345110 
14.3690993  1.1741950  0.0157110 
14.4502134  1.1728450  0.0116170 
14.5313178  1.1717460  0.0160500 
14.6124318  1.1863470  0.0136670 
14.6935459  1.1840350  0.0118020 
14.7746503  1.1992900  0.0140040 
14.8557644  1.2070180  0.0094130 
14.9368784  1.2160090  0.0116080 
15.0179828  1.2189940  0.0130410 
15.0990969  1.2324710  0.0079880 
15.1802109  1.2404560  0.0434420 
15.2613153  1.2388840  0.0465370 
15.3424294  1.2414370  0.0498020 
15.4235444  1.2413180  0.0504710 
15.5046565  1.3475720  0.0536110 
15.5857619  1.2978970  0.0184310 
15.6668769  1.2428950  0.0158930 
15.7479899  1.2388730  0.0166090 
15.8290953  1.2569990  0.0162830 
15.9102075  1.2701320  0.0170910 
15.9913224  1.2678960  0.0094510 
16.0724279  1.2668450  0.0120300 
16.1535400  1.2756120  0.0127410 
16.2346550  1.2875370  0.0110310 
16.3157584  1.3039210  0.0115700 
16.3968734  1.3264110  0.0109120 
16.4779875  1.3341230  0.0104320 
16.5590910  1.3424840  0.0351970 
16.6402059  1.3567780  0.0168780 
16.7213200  1.3597690  0.0102010 
16.8024330  1.3668740  0.0124490 
16.8835385  1.3769700  0.0090760 
16.9646534  1.4238710  0.0136470 
17.0457656  1.4344070  0.0169180 
17.1268710  1.4241470  0.0184410 
17.2079860  1.4437910  0.0157480 
17.2890990  1.4529060  0.0135010 
17.3702044  1.4632150  0.0186290 
17.4513165  1.4692270  0.0298920 
17.5324315  1.4699620  0.0137830 
17.6135369  1.5090990  0.0136680 
17.6946491  1.5178930  0.0239060 
17.7757640  1.5206910  0.0155100 
17.8568675  1.5457080  0.0151870 
17.9379825  1.5485770  0.0151670 
18.0190965  1.5670120  0.0150330 
18.1002115  1.6028520  0.0258190 
18.1813150  1.6041230  0.0536640 
18.2624291  1.6034440  0.0793170 
18.3435421  1.6217850  0.0436030 
18.4246475  1.6248350  0.0574370 
18.5057625  1.6429280  0.0151920 
18.5868746  1.6563420  0.0232570 
18.6679800  1.7174340  0.0311760 
18.7490950  1.7184000  0.0159290 
18.8302081  1.7434130  0.0298220 
18.9113135  1.7433180  0.0229240 
18.9924256  1.7765410  0.0356540 
19.0735406  1.8096060  0.0922770 
19.1546460  1.8325360  0.0683410 
19.2357581  1.8528880  0.0209520 
19.3168731  1.8853630  0.0188420 
19.3979881  1.9038700  0.0624720 
19.4790916  1.9232370  0.0341850 
19.5602056  1.9610870  0.0412140 
19.6413206  1.9681220  0.0176930 
19.7224241  1.9755940  0.0261610 
19.8846512  2.0175710  0.0322180 
20.0468716  2.0660340  0.0220050 
20.2090891  2.0978050  0.0753650 
20.3713172  2.2045940  0.0397380 
20.5335347  2.2726190  0.0444430 
20.6957637  2.2748270  0.0225030 
20.8579822  2.3484860  0.0121490 
21.0202007  2.4041980  0.0216470 
21.1824297  2.4441660  0.0673450 
21.3446472  2.4880070  0.1747630 
21.5068657  2.5614330  0.1321620 
21.6690928  2.6237450  0.1459770 
21.8313132  2.6513920  0.0308170 
21.9935403  2.7164660  0.0143380 
22.1557588  2.7860160  0.0123970 
22.3179763  2.8343280  0.0230150 
22.4802063  2.8622820  0.0426780 
22.6424238  2.9074540  0.1592710 
22.8046423  2.9932960  0.0191290 
22.9668694  3.0695770  0.1123890 
23.1290898  3.1030380  0.0304360 
23.2913169  3.1490570  0.0126780 
23.4535354  3.2557330  0.0136200 
23.6157529  3.3115480  0.1458840 
23.7779819  3.3805970  0.0474220 
23.9402004  3.4614480  0.0229500 
24.1024189  3.5623400  0.0188400 
24.2646479  3.6640710  0.0196360 
24.4268664  3.6493630  0.0445270 
24.5890935  3.7330520  0.0529090 
24.7513110  3.7924590  0.0241230 
24.9135295  3.8976990  0.1642790 
25.0757585  3.9166950  0.0433460 
25.2379770  4.0269740  0.0536130 
25.4001954  4.1077380  0.0289350 
25.5624244  4.1786400  0.0254670 
25.7246420  4.3664090  0.0285940 
25.8868700  4.4253690  0.0336650 
26.0490876  4.3710730  0.0409320 
26.2113079  4.4684420  0.0390780 
26.3735350  4.5614580  0.1699980 
26.5357535  4.5776540  0.0404780 
26.6979710  4.6381440  0.0705780 
26.8602001  4.6598460  0.0215340 
27.0224185  4.8182860  0.0271320 
27.1846456  4.8573310  0.0915760 
27.3468660  4.9079900  0.0325310 
27.5090845  4.9714190  0.1657720 
27.6713116  5.0653600  0.0498930 
27.8335291  5.1346850  0.0251530 
27.9957476  5.1695700  0.0404640 
28.1579766  5.2671550  0.1446280 
28.3201951  5.3091820  0.0224330 
28.4824222  5.3858570  0.0419140 
28.6446426  5.4916720  0.0567780 
28.8068601  5.5399180  0.0261230 
28.9690882  5.5781350  0.0413430 
29.1313057  5.6497630  0.0460770 
29.2935261  5.7464180  0.0537180 
29.4557532  5.9038870  0.0594960 
29.6179717  5.9333770  0.0273700 
29.7802007  5.9865900  0.0724250 
29.9424182  6.0477500  0.0825210 
30.1046367  6.1350570  0.0290360 
30.2668638  6.2081550  0.0934130 
30.4290842  6.3008100  0.0577650 
30.5913027  6.3269210  0.0699100 
30.7535298  6.3771220  0.0748920 
30.9157473  6.4518620  0.0526690 
31.0779773  6.5943010  0.0599780 
31.2401948  6.7102470  0.1030150 
31.4024133  6.7571280  0.0595300 
31.5646423  6.8401080  0.0899080 
31.7268608  6.8790580  0.0788050 
31.8890783  7.1069120  0.0363970 
32.0513073  7.1801140  0.0855320 
32.2135258  7.1516070  0.4417970 
32.3757510  7.2275350  0.1923210 
32.5379695  7.3466530  0.3429650 
32.7001918  7.3256860  0.0732870 
32.8624170  7.4810840  0.1306360 
33.0246354  7.4937080  0.1448860 
33.1868530  7.5909830  0.1536420 
33.3490820  7.7708370  0.1703830 
33.5113005  7.8630460  0.1493560 
33.6735295  7.8234870  0.0561740 
33.8357480  7.7096110  0.0682410 
33.9979655  8.2494260  0.2166710 
34.1601955  8.2288770  0.1551200 
34.3224130  7.9274960  0.0836130 
34.4846315  7.9122740  0.1074820 
34.6468605  8.0683920  0.6394300 
34.8090790  8.1496820  0.1238240 
34.9713080  8.1785530  0.3659980 
35.1335265  8.3715140  0.2272350 
35.2957440  8.1987240  0.1064090 
35.4579692  8.3461590  0.1596980 
35.6201876  8.9990810  0.3512100 
35.7824099  8.3402440  0.4257730 
