5.2224224  0.0405948  0.0037510 
5.2525179  0.0402363  0.0026350 
5.2826135  0.0449180  0.0065640 
5.3127090  0.0463159  0.0019830 
5.3428145  0.0448028  0.0024060 
5.3729100  0.0413995  0.0029850 
5.4030056  0.0468198  0.0024300 
5.4331011  0.0499308  0.0018960 
5.4631967  0.0529857  0.0028290 
5.4933021  0.0600673  0.0030750 
5.5233977  0.0501309  0.0020710 
5.5534932  0.0491693  0.0024790 
5.5835888  0.0586233  0.0033130 
5.6136843  0.0557700  0.0030430 
5.6437898  0.0489663  0.0019190 
5.6738854  0.0486740  0.0033890 
5.7039809  0.0491174  0.0018760 
5.7340764  0.0479125  0.0017180 
5.7641720  0.0460611  0.0018630 
5.7942775  0.0457789  0.0018770 
5.8243730  0.0467910  0.0017390 
5.8544686  0.0489821  0.0015940 
5.8845641  0.0487302  0.0020910 
5.9146596  0.0472704  0.0021080 
5.9447651  0.0515374  0.0017930 
5.9748607  0.0595317  0.0018230 
6.0049562  0.0626543  0.0023350 
6.0350518  0.0666234  0.0024380 
6.0651473  0.0724366  0.0031740 
6.0952528  0.0825831  0.0091390 
6.1253483  0.0947394  0.0078700 
6.1554439  0.1135756  0.0041950 
6.1855394  0.1216678  0.0030440 
6.2156350  0.1158416  0.0043170 
6.2457404  0.1033369  0.0046880 
6.2758360  0.0966743  0.0039560 
6.3059315  0.0938109  0.0036090 
6.3360271  0.0871914  0.0032110 
6.3661226  0.0828538  0.0032770 
6.3962281  0.0782311  0.0026780 
6.4263236  0.0723833  0.0028830 
6.4564192  0.0673432  0.0032590 
6.4865147  0.0651708  0.0024720 
6.5166103  0.0656631  0.0026840 
6.5467158  0.0647403  0.0051960 
6.5768113  0.0682242  0.0026120 
6.6069068  0.0717456  0.0071510 
6.6370024  0.0717657  0.0054610 
6.6670979  0.0689801  0.0028060 
6.6972034  0.0710718  0.0037130 
6.7272990  0.0756988  0.0030220 
6.7573945  0.0785450  0.0027540 
6.7874900  0.0812227  0.0051160 
6.8175856  0.0845900  0.0118000 
6.8476911  0.0891709  0.0035790 
6.8777866  0.1129882  0.0049490 
6.9078822  0.1160690  0.0048880 
6.9379777  0.1203764  0.0058730 
6.9680732  0.1277459  0.0060960 
6.9981787  0.1124570  0.0058080 
7.0282743  0.1015028  0.0036250 
7.0583698  0.1014769  0.0037900 
7.0884654  0.0993103  0.0046300 
7.1185609  0.0981211  0.0037180 
7.1486664  0.0972876  0.0035580 
7.1787619  0.0970817  0.0039370 
7.2088575  0.0993347  0.0035090 
7.2389530  0.1014971  0.0043680 
7.2690486  0.1064768  0.0039080 
7.2991541  0.1097001  0.0035840 
7.3292496  0.1118552  0.0044620 
7.3593451  0.1156040  0.0042010 
7.3894407  0.1210142  0.0084770 
7.4195362  0.1309851  0.0141580 
7.4496417  0.1427699  0.0076600 
7.4195362  0.1312125  0.0046070 
7.4797373  0.1355530  0.0038600 
7.5399283  0.1943088  0.0092060 
7.6001194  0.2574612  0.0117190 
7.6603205  0.2460363  0.0045920 
7.7205115  0.2129218  0.0072770 
7.7807026  0.2102527  0.0053680 
7.8409037  0.2090507  0.0040650 
7.9010947  0.2019993  0.0038730 
7.9612958  0.1926676  0.0040320 
8.0214869  0.1804351  0.0058970 
8.0816779  0.1650684  0.0050640 
8.1418790  0.1581726  0.0060720 
8.2020701  0.1644321  0.0061830 
8.2622611  0.1603536  0.0055950 
8.3224622  0.1592120  0.0048810 
8.3826533  0.1561369  0.0060160 
8.4428443  0.1566106  0.0039240 
8.5030454  0.1640304  0.0030710 
8.5632365  0.1710170  0.0047130 
8.6234375  0.1664231  0.0026070 
8.6836286  0.1569633  0.0033000 
8.7438197  0.1464179  0.0033730 
8.8040207  0.1407141  0.0029970 
8.8642118  0.1389606  0.0036880 
8.9244029  0.1411806  0.0023370 
8.9846039  0.1463560  0.0041650 
9.0447950  0.1302264  0.0029990 
9.1049861  0.1289681  0.0018890 
9.1651871  0.1268648  0.0030450 
9.2253782  0.1270016  0.0036020 
9.2855792  0.1272176  0.0024380 
9.3457703  0.1259708  0.0023730 
9.4059614  0.1273644  0.0023610 
9.4661624  0.1371640  0.0023990 
9.5263535  0.1381861  0.0032490 
9.5865446  0.1481138  0.0042830 
9.6467456  0.1661640  0.0046780 
9.7069367  0.1490957  0.0023710 
9.7671278  0.1387994  0.0033110 
9.8273288  0.1389794  0.0041760 
9.8875199  0.1402160  0.0034540 
9.9477209  0.1463186  0.0025690 
10.0079120  0.1490482  0.0038830 
10.0681031  0.1535312  0.0044000 
10.1283041  0.1569014  0.0023340 
10.1884952  0.1574527  0.0027840 
10.2486863  0.1620250  0.0026490 
10.3088873  0.1706239  0.0036280 
10.3690784  0.1745585  0.0043430 
10.4292695  0.2256640  0.0047250 
10.4894705  0.2696175  0.0069220 
10.5496616  0.2232138  0.0042880 
10.6098627  0.2029250  0.0034270 
10.6700537  0.2050873  0.0038120 
10.7302448  0.2075203  0.0026780 
10.7904459  0.2097733  0.0026790 
10.8506369  0.2166274  0.0028740 
10.9108280  0.2249327  0.0060830 
10.9710291  0.2365534  0.0036600 
11.0312201  0.2484347  0.0030200 
11.0914112  0.2845652  0.0043640 
11.1516123  0.3814396  0.0058150 
11.2118033  0.4661289  0.0056810 
11.2720044  0.4496149  0.0056380 
11.3321955  0.4073573  0.0064500 
11.3923865  0.3819924  0.0053680 
11.4525876  0.3531306  0.0048760 
11.5127787  0.3440552  0.0039400 
11.5729697  0.3353339  0.0036900 
11.6331708  0.3361430  0.0035050 
11.6933619  0.3411126  0.0061430 
11.7535529  0.3376272  0.0036740 
11.8137540  0.3427883  0.0050470 
11.8739451  0.3548265  0.0052980 
11.9341461  0.3708612  0.0035690 
11.9943372  0.3734683  0.0042600 
12.0545283  0.3781831  0.0049540 
12.1147293  0.3784524  0.0052760 
12.1749204  0.3865114  0.0082160 
12.2351115  0.4189118  0.0046570 
12.2953125  0.4234524  0.0051730 
12.3555036  0.4189363  0.0066140 
12.4156947  0.4237994  0.0060530 
12.4758957  0.4316555  0.0063120 
12.5360868  0.4474857  0.0056420 
12.5962878  0.4600940  0.0059840 
12.6564789  0.4727786  0.0065050 
12.7166700  0.5442881  0.0064850 
12.7768710  0.6422696  0.0077290 
12.8370621  0.5609792  0.0059190 
12.8972532  0.4509350  0.0050310 
12.9574542  0.4370440  0.0052610 
13.0176453  0.4412737  0.0047510 
13.0778364  0.4508659  0.0052830 
13.1380374  0.4549487  0.0072300 
13.1982285  0.4515440  0.0053910 
13.2584196  0.4510243  0.0053090 
13.3186206  0.4537711  0.0054500 
13.3788117  0.4612774  0.0139110 
13.4390127  0.4694185  0.0060630 
13.4992038  0.4770356  0.0119760 
13.5593949  0.4843547  0.0055150 
13.6195959  0.4897591  0.0078190 
13.6797870  0.4877709  0.0050450 
13.7399781  0.4848974  0.0082020 
13.8001791  0.4906876  0.0071980 
13.8603702  0.5009018  0.0060200 
13.9205613  0.5098650  0.0088630 
14.0021397  0.5098650  0.0054190 
14.0864152  0.5475260  0.0083130 
14.1706907  0.5592220  0.0086070 
14.2549562  0.6232510  0.0116160 
14.3392317  0.6909120  0.0065390 
14.4235072  0.6444460  0.0137320 
14.5077727  0.5865810  0.0135750 
14.5920482  0.6061890  0.0108940 
14.6763236  0.6109680  0.0096210 
14.7605991  0.6155870  0.0109170 
14.8448646  0.6273040  0.0145530 
14.9291401  0.6291340  0.0094850 
15.0134156  0.6379020  0.0092820 
15.0976811  0.6572530  0.0054660 
15.1819566  0.6678120  0.0095340 
15.2662321  0.6725740  0.0341270 
15.3504976  0.6766000  0.0118150 
15.4347731  0.7279010  0.0159230 
15.5190486  0.9790080  0.0086560 
15.6033141  1.0242390  0.0146110 
15.6875896  0.7700480  0.0158810 
15.7718650  0.7752040  0.0059790 
15.8561306  0.8027560  0.0067430 
15.9404061  0.8034790  0.0095360 
16.0246825  0.7932650  0.0142740 
16.1089560  0.8218950  0.0068230 
16.1932225  0.8395690  0.0100420 
16.2774990  0.8571490  0.0100000 
16.3617735  0.8932910  0.0092100 
16.4460400  0.9262550  0.0079940 
16.5303135  0.9273350  0.0089840 
16.6145900  0.9234480  0.0115700 
16.6988565  0.9387670  0.0089240 
16.7831300  0.9520100  0.0086860 
16.8674064  0.9529500  0.0136550 
16.9516710  1.0047080  0.0203810 
17.0359475  1.1451050  0.0119110 
17.1202229  1.0420320  0.0102210 
17.2044875  1.0164660  0.0156670 
17.2887639  1.0152150  0.0144320 
17.3730394  1.0246290  0.0142660 
17.4573139  1.0261320  0.0143490 
17.5415804  1.0367750  0.0080830 
17.6258569  1.0588050  0.0244190 
17.7101304  1.0404360  0.0327700 
17.7943969  1.0402270  0.0355420 
17.8786734  1.0297190  0.0229260 
17.9629479  1.0400260  0.0177810 
18.0472144  1.0460330  0.0090690 
18.1314879  1.0653550  0.0169100 
18.2157643  1.0641920  0.0088030 
18.3000309  1.0775060  0.0157650 
18.3843043  1.0960870  0.0089780 
18.4685808  1.1182260  0.0109820 
18.5528453  1.1202080  0.0150170 
18.6371218  1.1953140  0.0247420 
18.7213973  1.3255720  0.0095180 
18.8056738  1.2392120  0.0125540 
18.8899383  1.1805750  0.0135270 
18.9742138  1.2161040  0.0239000 
19.0584883  1.2331940  0.0173020 
19.1427548  1.1923710  0.0205760 
19.2270312  1.1972560  0.0155550 
19.3113047  1.1964210  0.0213030 
19.3955713  1.2026550  0.0229750 
19.4798477  1.2377150  0.0192000 
19.5641222  1.2329850  0.0150650 
19.6483887  1.2523270  0.0246710 
19.7326622  1.2663690  0.0149020 
19.8169387  1.2669510  0.0237300 
19.9012052  1.2829160  0.0509200 
19.9854787  1.3097200  0.0152460 
20.0697552  1.3203660  0.0203970 
20.1540316  1.3219720  0.0115400 
20.2382962  1.3181080  0.0324680 
20.3225717  1.3449160  0.0188950 
20.4068481  1.3608580  0.0184380 
20.4911127  1.2871800  0.0476230 
20.6596626  1.4289800  0.0521260 
20.8282056  1.3642560  0.0320170 
20.9967456  1.4293870  0.0404060 
21.1652966  1.4905920  0.0140950 
21.3338366  1.4692000  0.0189770 
21.5023885  1.4961940  0.0425210 
21.6709295  1.5824500  0.0541920 
21.8394705  1.5905050  0.0282830 
22.0080225  1.5542500  0.0702160 
22.1765625  1.6302120  0.2017330 
22.3451035  1.7158050  0.1204740 
22.5136535  1.7228170  0.0492670 
22.6821965  1.6708190  0.0141600 
22.8507464  1.7627170  0.1033060 
23.0192874  1.8347980  0.0361010 
23.1878274  1.8542010  0.0206890 
23.3563804  1.8577240  0.0167450 
23.5249204  1.8742660  0.0181980 
23.6934614  1.8733340  0.0194240 
23.8620113  1.9207810  0.0221920 
24.0305543  1.9893610  0.0204890 
24.1991043  2.0966880  0.0214640 
24.3676453  2.1673220  0.0365020 
24.5361853  2.0923610  0.0500260 
24.7047373  2.1012580  0.0615410 
24.8732783  2.0872870  0.0207360 
25.0418193  2.0602740  0.0124140 
25.2103712  2.1188480  0.0517660 
25.3789122  2.2198720  0.0776620 
25.5474622  2.2380510  0.0508190 
25.7160022  2.2900830  0.0307020 
25.8845432  2.8422050  0.2070080 
26.0530951  2.6090790  0.0176660 
26.2216361  2.3920850  0.0912040 
26.3901771  2.3542620  0.0571220 
26.5587291  2.3586590  0.0163080 
26.7272691  2.4159080  0.1044430 
26.8958201  2.4138710  0.1920110 
27.0643601  2.4681710  0.0584360 
27.2329031  2.5561110  0.0957000 
27.4014530  2.6141720  0.1301110 
27.5699940  2.6284860  0.0657950 
27.7385340  2.6452880  0.0299990 
27.9070860  2.6302620  0.0491690 
28.0756270  2.7367010  0.0194170 
28.2441770  2.7323770  0.2491310 
28.4127199  2.7333700  0.0613510 
28.5812609  2.7747760  0.0570730 
28.7498109  2.8089960  0.0223540 
28.9183509  2.8086270  0.0236240 
29.0868919  2.8096320  0.0402260 
29.2554439  2.8284730  0.0461730 
29.4239849  2.8688330  0.0308030 
29.5925348  2.9076470  0.0351680 
29.7610778  2.9466650  0.1588910 
29.9296178  2.9672260  0.1558080 
30.0981688  2.9928130  0.0747290 
30.2667088  3.0381690  0.0373890 
30.4352518  3.0565460  0.0399450 
30.6038018  3.1524030  0.0351950 
30.7723428  3.1710510  0.1349510 
30.9408947  3.2343910  0.0236640 
31.1094347  3.2326080  0.0571070 
31.2779757  3.2445850  0.0739040 
31.4465257  3.3310690  0.0563350 
31.6150687  3.3696400  0.0428350 
31.7836097  3.3666920  0.0289810 
31.9521596  3.4112850  0.0712980 
32.1206996  3.4144200  0.0479720 
32.2892526  3.4966600  0.0381930 
32.4577926  3.6062320  0.0365500 
32.6263336  3.6887340  0.1792250 
32.7948855  3.8138950  0.0684090 
32.9634266  3.8033130  0.0553870 
33.1319666  3.8135480  0.1960110 
33.3005185  3.9219600  0.0727640 
33.4690595  3.9425230  0.2794920 
33.6376075  3.9641000  0.1085210 
33.8061485  4.0527990  0.0509270 
33.9746935  4.0583670  0.0685510 
34.1432414  4.1771180  0.1031390 
34.3117824  4.1172410  0.0858510 
34.4803225  4.0549630  0.0463250 
34.6488744  4.3438660  0.0802780 
34.8174154  4.5657020  0.0904380 
34.9859674  4.2720930  0.1743010 
35.1545084  4.0095820  0.0736390 
35.3230484  4.4115810  0.1061890 
35.4916013  4.4191890  0.1005690 
35.6601413  4.3384530  0.1871310 
35.8286823  4.3588930  0.0803330 
35.9972343  4.3978180  0.2177270 
36.1657753  4.4118900  0.3040430 
36.3343272  4.2820390  0.2196750 
36.5028682  4.3637450  0.0754100 
36.6714082  4.4354830  0.1169430 
36.8399562  4.4938710  0.1007170 
37.0084972  4.6060000  0.2887240 
37.1770422  4.2851290  0.1066470 
