5.1970783  0.2307356  0.0136880 
5.2270278  0.2365853  0.0121670 
5.2569773  0.2448771  0.0163850 
5.2869268  0.2406261  0.0433390 
5.3168862  0.2364259  0.0139870 
5.3468357  0.2463005  0.0401740 
5.3767852  0.2527201  0.0237470 
5.4067347  0.2536449  0.0346460 
5.4366842  0.2567054  0.0163310 
5.4666436  0.2467392  0.0169880 
5.4965930  0.2496675  0.0489380 
5.5265425  0.2471609  0.0155830 
5.5564920  0.2474481  0.0203280 
5.5864415  0.2668277  0.0176590 
5.6164009  0.2606342  0.0161420 
5.6463504  0.2553306  0.0356440 
5.6762999  0.2531553  0.0370790 
5.7062494  0.2533215  0.0155570 
5.7361989  0.2585438  0.0133650 
5.7661583  0.2614064  0.0122730 
5.7961078  0.2631193  0.0156480 
5.8260572  0.2619209  0.0193540 
5.8560067  0.2624183  0.0214170 
5.8859562  0.2681708  0.0277040 
5.9159156  0.2720341  0.0168370 
5.9458651  0.2752246  0.0196170 
5.9758146  0.2741912  0.0148140 
6.0057641  0.2748854  0.0320340 
6.0357136  0.2742828  0.0169760 
6.0656730  0.2728176  0.0182870 
6.0956225  0.2753410  0.0352470 
6.1255720  0.2736033  0.0506970 
6.1555214  0.2756508  0.0191700 
6.1854709  0.2743676  0.0477840 
6.2154303  0.2729114  0.0186530 
6.2453798  0.2764615  0.0482040 
6.2753293  0.2792981  0.0196880 
6.3052788  0.2823677  0.0188640 
6.3352283  0.2937630  0.0387260 
6.3651877  0.2853050  0.0180850 
6.3951372  0.2832451  0.0436210 
6.4250867  0.2745372  0.0150240 
6.4550361  0.2715389  0.0135490 
6.4849856  0.2835062  0.0138900 
6.5149450  0.2910530  0.0135510 
6.5448945  0.2940547  0.0139810 
6.5748440  0.2941316  0.0134770 
6.6047935  0.2931253  0.0239530 
6.6347430  0.2904515  0.0138300 
6.6647024  0.2867782  0.0144460 
6.6946519  0.2888189  0.0183570 
6.7246014  0.2912655  0.0178760 
6.7545509  0.2943407  0.0480540 
6.7845003  0.2946437  0.0190610 
6.8144597  0.2964459  0.0475790 
6.8444092  0.2945940  0.0230200 
6.8743587  0.3006167  0.0394010 
6.9043082  0.3004516  0.0654110 
6.9342577  0.2946494  0.0231870 
6.9642171  0.3189742  0.0432860 
6.9941666  0.3192365  0.0226850 
7.0241161  0.3074794  0.0224150 
7.0540656  0.3054138  0.0675960 
7.0840151  0.3082245  0.0587020 
7.1139744  0.3074274  0.0209480 
7.1439239  0.3074783  0.0199660 
7.1738734  0.3035438  0.0210010 
7.2038229  0.3084935  0.0242890 
7.2337724  0.3185796  0.0206670 
7.2637318  0.3157441  0.0421110 
7.2936813  0.3215757  0.0311760 
7.3236308  0.3208125  0.0394160 
7.3535803  0.3107434  0.0238870 
7.3835298  0.3135937  0.0311600 
7.4134892  0.3177203  0.0565680 
7.3835298  0.3101713  0.0077910 
7.4434386  0.3247210  0.0148470 
7.5033376  0.3589712  0.0088320 
7.5632366  0.3733125  0.0311940 
7.6231455  0.4256844  0.0084890 
7.6830445  0.3922272  0.0088730 
7.7429434  0.3630659  0.0054030 
7.8028523  0.3723751  0.0107560 
7.8627513  0.3774315  0.0119500 
7.9226602  0.3785923  0.0129230 
7.9825592  0.3744379  0.0043340 
8.0424582  0.3709324  0.0044940 
8.1023670  0.3739526  0.0042340 
8.1622660  0.3801632  0.0063180 
8.2221650  0.3790842  0.0122810 
8.2820739  0.3803246  0.0042260 
8.3419729  0.3835658  0.0057310 
8.4018718  0.3800814  0.0053930 
8.4617807  0.3854296  0.0092560 
8.5216797  0.3904397  0.0063200 
8.5815886  0.3960488  0.0143370 
8.6414876  0.3995974  0.0065630 
8.7013866  0.3981879  0.0072490 
8.7612954  0.3994438  0.0098890 
8.8211944  0.3990425  0.0064080 
8.8810934  0.4062413  0.0051940 
8.9410023  0.4247846  0.0060370 
9.0009013  0.4341336  0.0089270 
9.0608002  0.4254667  0.0049830 
9.1207091  0.4260647  0.0067360 
9.1806081  0.4330104  0.0062890 
9.2405170  0.4375683  0.0054310 
9.3004160  0.4482361  0.0044160 
9.3603149  0.4580904  0.0060850 
9.4202238  0.4686410  0.0048680 
9.4801228  0.4910369  0.0060240 
9.5400218  0.4967577  0.0053090 
9.5999307  0.4974895  0.0047110 
9.6598297  0.5047812  0.0046660 
9.7197286  0.5099084  0.0082830 
9.7796375  0.5151539  0.0083820 
9.8395365  0.5280051  0.0066310 
9.8994454  0.5376481  0.0050060 
9.9593444  0.5459635  0.0040530 
10.0192433  0.5540014  0.0172380 
10.0791522  0.5598173  0.0165000 
10.1390512  0.5638346  0.0047990 
10.1989502  0.5685650  0.0054150 
10.2588591  0.5789509  0.0060750 
10.3187580  0.5915312  0.0049290 
10.3786570  0.6001263  0.0060710 
10.4385659  0.6309934  0.0074460 
10.4984649  0.6669125  0.0066580 
10.5583738  0.6392480  0.0092010 
10.6182728  0.6272624  0.0053180 
10.6781717  0.6330628  0.0061130 
10.7380806  0.6394271  0.0064270 
10.7979796  0.6452596  0.0121790 
10.8578786  0.6532323  0.0104200 
10.9177875  0.6547401  0.0066840 
10.9776864  0.6663874  0.0078570 
11.0375854  0.6713455  0.0054950 
11.0974943  0.6733674  0.0071000 
11.1573933  0.6810858  0.0078080 
11.2173022  0.6955068  0.0092960 
11.2772011  0.6973805  0.0189420 
11.3371001  0.6984407  0.0099200 
11.3970090  0.7046214  0.0131580 
11.4569080  0.7071717  0.0058800 
11.5168070  0.7097276  0.0059440 
11.5767159  0.7140566  0.0089150 
11.6366148  0.7160200  0.0071800 
11.6965138  0.7152218  0.0065070 
11.7564227  0.7138112  0.0074180 
11.8163217  0.7222758  0.0068740 
11.8762306  0.7307095  0.0061220 
11.9361295  0.7350983  0.0054330 
11.9960285  0.7393820  0.0099340 
12.0559374  0.7438592  0.0138420 
12.1158364  0.7480124  0.0072140 
12.1757354  0.7546939  0.0063940 
12.2356443  0.7610836  0.0059560 
12.2955432  0.7708084  0.0081190 
12.3554422  0.7729210  0.0082690 
12.4153511  0.7713545  0.0090630 
12.4752501  0.7742553  0.0097180 
12.5351590  0.7799927  0.0197470 
12.5950579  0.7832694  0.0086590 
12.6549569  0.7908518  0.0092980 
12.7148658  0.8025024  0.0079270 
12.7747648  0.8614840  0.0108490 
12.8346638  0.8780915  0.0107110 
12.8945726  0.8197412  0.0108650 
12.9544716  0.8090325  0.0086510 
13.0143706  0.8122472  0.0202100 
13.0742795  0.8227879  0.0199680 
13.1341785  0.8279571  0.0096060 
13.1940774  0.8298265  0.0119310 
13.2539863  0.8336271  0.0120190 
13.3138853  0.8384602  0.0078640 
13.3737942  0.8422885  0.0077640 
13.4336932  0.8476888  0.0203330 
13.4935922  0.8601010  0.0074760 
13.5535010  0.8658230  0.0087990 
13.6134000  0.8749288  0.0160430 
13.6732990  0.8795099  0.0080150 
13.7332079  0.8894116  0.0084010 
13.7931069  0.8976972  0.0085590 
13.8530058  0.9089100  0.0111840 
13.9341884  0.9089100  0.0116010 
14.0180549  0.9328280  0.0102050 
14.1019214  0.9399970  0.0103700 
14.1857780  0.9450420  0.0114530 
14.2696444  1.0246330  0.0319490 
14.3535109  1.0496310  0.0097980 
14.4373675  1.0157390  0.0081850 
14.5212340  1.0063250  0.0295910 
14.6051005  1.0194740  0.0272670 
14.6889670  1.0356940  0.0174030 
14.7728236  1.0386000  0.0143680 
14.8566901  1.0381600  0.0075940 
14.9405566  1.0519550  0.0086240 
15.0244132  1.0737520  0.0143320 
15.1082797  1.0793770  0.0086210 
15.1921462  1.0813560  0.0080900 
15.2760028  1.0903730  0.0103460 
15.3598693  1.1084250  0.0082650 
15.4437358  1.1462930  0.0099510 
15.5275924  1.2390100  0.0095320 
15.6114588  1.2816160  0.0195850 
15.6953253  1.1802920  0.0087680 
15.7791819  1.1972610  0.0125830 
15.8630484  1.2048430  0.0090580 
15.9469159  1.2088120  0.0111090 
16.0307804  1.2301230  0.0102620 
16.1146380  1.2432650  0.0162130 
16.1985055  1.2503210  0.0162220 
16.2823710  1.2854030  0.0131720 
16.3662286  1.2953290  0.0404480 
16.4500931  1.3042260  0.0391590 
16.5339606  1.3143880  0.0098720 
16.6178182  1.3112580  0.0115190 
16.7016827  1.3292370  0.0127970 
16.7855502  1.3472890  0.0086250 
16.8694058  1.3526940  0.0120550 
16.9532732  1.3658470  0.0126350 
17.0371397  1.3801150  0.0120180 
17.1209953  1.4032650  0.0131030 
17.2048628  1.4089570  0.0119880 
17.2887293  1.4213230  0.0272110 
17.3725948  1.4367520  0.0097190 
17.4564524  1.4335670  0.0093730 
17.5403199  1.4486860  0.0122570 
17.6241844  1.4473280  0.0264770 
17.7080420  1.4535370  0.0307740 
17.7919095  1.4605520  0.0312290 
17.8757750  1.4865210  0.0222560 
17.9596326  1.5057830  0.0145040 
18.0434971  1.5178160  0.0159820 
18.1273646  1.4982620  0.0271370 
18.2112221  1.5325390  0.0188570 
18.2950867  1.5552530  0.0099470 
18.3789541  1.5617120  0.0250200 
18.4628097  1.5726590  0.0216470 
18.5466772  1.5831990  0.0579620 
18.6305437  1.6261870  0.0735450 
18.7144112  1.6890880  0.0241130 
18.7982668  1.6625630  0.0535060 
18.8821333  1.6331130  0.0525650 
18.9659988  1.6366520  0.0195650 
19.0498564  1.6378870  0.0245630 
19.1337239  1.6434670  0.0818530 
19.2175884  1.6285570  0.0319650 
19.3014460  1.6319720  0.0199930 
19.3853135  1.6556940  0.0258980 
19.4691790  1.6368630  0.0220250 
19.5530365  1.6603770  0.0265020 
19.6369011  1.6793470  0.0782560 
19.7207685  1.6963680  0.0444500 
19.8884906  1.6913900  0.0339420 
20.0562256  1.6797780  0.0321210 
20.2239477  1.6773430  0.0191570 
20.3078152  1.7340020  0.0244510 
20.3916708  1.7056660  0.0228660 
20.5594028  1.7362140  0.0149390 
20.7271279  1.7453790  0.0290300 
20.8948500  1.7854120  0.0253140 
21.0625829  1.8192940  0.0315800 
21.2303050  1.8241090  0.0191920 
21.3980390  1.8130830  0.0306350 
21.5657621  1.8419350  0.0316590 
21.7334852  1.8844620  0.0155690 
21.9012192  1.8932890  0.0997730 
22.0689413  1.9110440  0.1148240 
22.2366644  1.9166610  0.0311260 
22.4043964  1.9305570  0.0307120 
22.5721214  1.9403800  0.0164470 
22.7398534  1.9503740  0.0273440 
22.9075765  1.9739720  0.0117440 
23.0752986  1.9559220  0.0174040 
23.2430336  1.9552580  0.0188520 
23.4107557  1.9682630  0.0249460 
23.5784788  2.0052050  0.0103480 
23.7462108  2.0160830  0.0222030 
23.9139358  2.0167950  0.0127730 
24.0816678  2.0229750  0.0136860 
24.2493909  2.0665510  0.0259210 
24.4171130  2.0965510  0.0243830 
24.5848470  2.0394060  0.0741810 
24.7525701  2.0387040  0.0305120 
24.9202932  2.0458140  0.0465900 
25.0880271  2.0306830  0.0258660 
25.2557502  2.0329060  0.0199670 
25.4234822  2.0421510  0.0201570 
25.5912043  2.0491240  0.0305920 
25.7589274  2.1862310  0.0384700 
25.9266614  2.2959730  0.0574050 
26.0943845  2.1400020  0.0377390 
26.2621076  2.0600060  0.0207480 
26.4298415  2.0837290  0.0228150 
26.5975636  2.1094050  0.0276160 
26.7652966  2.0970550  0.0256740 
26.9330187  2.0746490  0.0254060 
27.1007438  2.0857730  0.0363890 
27.2684758  2.1150810  0.0297470 
27.4361989  2.1281310  0.0159010 
27.6039210  2.1219280  0.0296980 
27.7716549  2.1077020  0.0202630 
27.9393780  2.1535520  0.0279430 
28.1071100  2.1290230  0.0637960 
28.2748351  2.1304550  0.0287060 
28.4425582  2.1402300  0.0293460 
28.6102902  2.1400600  0.0122180 
28.7780123  2.1409230  0.0195990 
28.9457354  2.1313470  0.0153830 
29.1134693  2.1384170  0.0259140 
29.2811924  2.1292820  0.0379500 
29.4489244  2.1459880  0.0353640 
29.6166495  2.1794500  0.0229120 
29.7843716  2.1601150  0.0240140 
29.9521046  2.1711130  0.0160950 
30.1198267  2.1725470  0.0334910 
30.2875517  2.1290970  0.0212030 
30.4552837  2.1769900  0.0148040 
30.6230068  2.1857490  0.0173380 
30.7907408  2.1981590  0.0189460 
30.9584629  2.1897260  0.0709520 
31.1261860  2.1881190  0.0213380 
31.2939180  2.2041760  0.0339490 
31.4616431  2.2094010  0.0749050 
31.6293661  2.2155390  0.0290200 
31.7970981  2.2147980  0.0201800 
31.9648202  2.2192230  0.0233650 
32.1325552  2.2402990  0.0269720 
32.3002773  2.2576140  0.0239720 
32.4680004  2.2676390  0.0400650 
32.6357344  2.2855970  0.0250210 
32.8034575  2.2743380  0.0262800 
32.9711796  2.3157520  0.0302450 
33.1389135  2.3003590  0.1594680 
33.3066366  2.2998850  0.1675400 
33.4743666  2.3925280  0.0425880 
33.6420897  2.3783100  0.0325650 
33.8098168  2.3108990  0.0551590 
33.9775468  2.3720380  0.0445250 
34.1452699  2.3400530  0.0534290 
34.3129920  2.3194640  0.0278120 
34.4807260  2.3190660  0.0273770 
34.6484490  2.4473450  0.0491380 
34.8161830  2.4676480  0.0402260 
34.9839061  2.3248720  0.0580920 
35.1516282  2.4227710  0.0481540 
35.3193632  2.3596640  0.0581360 
35.4870853  2.3008110  0.0584010 
35.6548084  2.3108170  0.0742630 
35.8225423  2.2778000  0.0674590 
35.9902654  2.2502170  0.0483790 
36.1579994  2.2241930  0.0896490 
36.3257225  2.2651470  0.0780690 
36.4934446  2.2499510  0.0873960 
36.6611746  2.2882920  0.0567480 
36.8288977  2.3929580  0.1018170 
36.9966247  2.1651660  0.1398960 
