5.1934778  0.0396532  0.0072320 
5.2234066  0.0426024  0.0058670 
5.2533353  0.0441827  0.0042580 
5.2832641  0.0409623  0.0021340 
5.3132027  0.0452676  0.0027220 
5.3431314  0.0494535  0.0029010 
5.3730602  0.0467756  0.0023840 
5.4029889  0.0452025  0.0021780 
5.4329177  0.0469854  0.0020050 
5.4628563  0.0531729  0.0020960 
5.4927850  0.0629190  0.0035120 
5.5227138  0.0551674  0.0023860 
5.5526425  0.0520211  0.0023380 
5.5825713  0.0656204  0.0024820 
5.6125099  0.0627671  0.0018460 
5.6424386  0.0527589  0.0018540 
5.6723674  0.0519126  0.0020980 
5.7022961  0.0501696  0.0026880 
5.7322249  0.0471481  0.0019120 
5.7621635  0.0461681  0.0015370 
5.7920922  0.0472168  0.0020570 
5.8220210  0.0460505  0.0015780 
5.8519497  0.0432605  0.0017590 
5.8818785  0.0413312  0.0020830 
5.9118171  0.0406441  0.0018000 
5.9417458  0.0442713  0.0024850 
5.9716746  0.0469022  0.0021620 
6.0016033  0.0487592  0.0044160 
6.0315321  0.0512056  0.0028230 
6.0614707  0.0600133  0.0019410 
6.0913994  0.0650165  0.0018970 
6.1213282  0.0704934  0.0028780 
6.1512569  0.0844815  0.0026760 
6.1811857  0.0947085  0.0032180 
6.2111243  0.0968403  0.0031730 
6.2410530  0.0910632  0.0022560 
6.2709818  0.0831054  0.0030430 
6.3009105  0.0775236  0.0022330 
6.3308393  0.0739959  0.0020470 
6.3607779  0.0695007  0.0038260 
6.3907067  0.0621813  0.0025060 
6.4206354  0.0586119  0.0016350 
6.4505641  0.0544061  0.0028700 
6.4804929  0.0551981  0.0017350 
6.5104315  0.0542795  0.0030340 
6.5403603  0.0558635  0.0021370 
6.5702890  0.0567387  0.0041780 
6.6002177  0.0565940  0.0022080 
6.6301465  0.0564656  0.0019680 
6.6600851  0.0599825  0.0045220 
6.6900139  0.0631324  0.0031180 
6.7199426  0.0648357  0.0026080 
6.7498713  0.0671465  0.0026530 
6.7798001  0.0681301  0.0058230 
6.8097387  0.0760771  0.0042160 
6.8396675  0.0749813  0.0031210 
6.8695962  0.0868032  0.0044690 
6.8995249  0.0974985  0.0046720 
6.9294537  0.0882479  0.0036670 
6.9593923  0.1104432  0.0044740 
6.9893211  0.1078666  0.0044640 
7.0192498  0.0896420  0.0038450 
7.0491785  0.0882515  0.0036420 
7.0791073  0.0916310  0.0067320 
7.1090459  0.0896944  0.0033960 
7.1389747  0.0879857  0.0034240 
7.1689034  0.0851089  0.0034400 
7.1988321  0.0897215  0.0096080 
7.2287609  0.0925857  0.0042340 
7.2586995  0.0981675  0.0099710 
7.2886283  0.0992633  0.0059510 
7.3185570  0.1018544  0.0048690 
7.3484857  0.1094107  0.0041060 
7.3784145  0.1117813  0.0046570 
7.4083531  0.1178748  0.0071090 
7.3784145  0.1037023  0.0093390 
7.4382819  0.1114522  0.0030450 
7.4981394  0.1258036  0.0029260 
7.5579968  0.1674025  0.0133890 
7.6178642  0.2110662  0.0050540 
7.6777217  0.1731633  0.0094330 
7.7375792  0.1648312  0.0043830 
7.7974466  0.1631352  0.0072910 
7.8573040  0.1576202  0.0056380 
7.9171714  0.1495522  0.0044940 
7.9770289  0.1390919  0.0041440 
8.0368864  0.1276896  0.0025930 
8.0967538  0.1115390  0.0036220 
8.1566112  0.1037439  0.0033940 
8.2164687  0.1024312  0.0034930 
8.2763361  0.1002053  0.0036330 
8.3361936  0.0961604  0.0050770 
8.3960511  0.0811942  0.0064490 
8.4559184  0.0832067  0.0037830 
8.5157759  0.0902333  0.0033050 
8.5756433  0.0863168  0.0063440 
8.6355008  0.0792613  0.0086580 
8.6953583  0.0692440  0.0073600 
8.7552257  0.0631613  0.0014380 
8.8150831  0.0564512  0.0017310 
8.8749406  0.0500177  0.0012080 
8.9348080  0.0587204  0.0016020 
8.9946655  0.0614851  0.0016490 
9.0545230  0.0437379  0.0014890 
9.1143903  0.0393024  0.0015850 
9.1742478  0.0418267  0.0016490 
9.2341152  0.0390439  0.0016430 
9.2939727  0.0392807  0.0020380 
9.3538302  0.0407888  0.0017240 
9.4136975  0.0401288  0.0016000 
9.4735550  0.0432533  0.0016160 
9.5334125  0.0436186  0.0014660 
9.5932799  0.0522707  0.0018650 
9.6531374  0.0611976  0.0013510 
9.7129949  0.0456672  0.0016720 
9.7728622  0.0399353  0.0017020 
9.8327197  0.0399389  0.0011140 
9.8925871  0.0426114  0.0011720 
9.9524446  0.0447017  0.0016030 
10.0123021  0.0449530  0.0013910 
10.0721694  0.0448445  0.0018310 
10.1320269  0.0435028  0.0014340 
10.1918844  0.0452911  0.0011460 
10.2517518  0.0472078  0.0015550 
10.3116093  0.0493902  0.0015240 
10.3714667  0.0515673  0.0035000 
10.4313341  0.0974804  0.0019330 
10.4911916  0.1574846  0.0026980 
10.5510590  0.1114467  0.0023060 
10.6109165  0.0650978  0.0023480 
10.6707740  0.0678770  0.0036360 
10.7306413  0.0701951  0.0019290 
10.7904988  0.0714445  0.0019850 
10.8503563  0.0732003  0.0025180 
10.9102237  0.0773735  0.0022260 
10.9700812  0.0927792  0.0024870 
11.0299386  0.0994405  0.0023180 
11.0898060  0.1191604  0.0029650 
11.1496635  0.1905507  0.0028510 
11.2095309  0.2640728  0.0034230 
11.2693884  0.2687994  0.0086530 
11.3292458  0.2289563  0.0041580 
11.3891132  0.1879813  0.0064900 
11.4489707  0.1703317  0.0031350 
11.5088282  0.1561357  0.0035920 
11.5686956  0.1450950  0.0032400 
11.6285530  0.1420483  0.0041470 
11.6884105  0.1359005  0.0045030 
11.7482779  0.1358426  0.0051150 
11.8081354  0.1417843  0.0044310 
11.8680028  0.1508667  0.0028900 
11.9278603  0.1616922  0.0047270 
11.9877177  0.1683427  0.0045830 
12.0475851  0.1675652  0.0049100 
12.1074426  0.1686718  0.0032460 
12.1673001  0.1711689  0.0032590 
12.2271675  0.1872490  0.0100500 
12.2870249  0.2000852  0.0048050 
12.3468824  0.1992390  0.0047160 
12.4067498  0.2045170  0.0114870 
12.4666073  0.2121132  0.0046640 
12.5264747  0.2235046  0.0037810 
12.5863321  0.2360714  0.0041510 
12.6461896  0.2414327  0.0050790 
12.7060570  0.2624997  0.0051320 
12.7659145  0.3471837  0.0056770 
12.8257720  0.3416362  0.0062830 
12.8856394  0.2332941  0.0042460 
12.9454968  0.2122777  0.0047720 
13.0053543  0.2072654  0.0051600 
13.0652217  0.2131293  0.0036360 
13.1250792  0.2194579  0.0044830 
13.1849367  0.2110282  0.0053250 
13.2448040  0.2107480  0.0049840 
13.3046615  0.2135904  0.0046400 
13.3645289  0.2143282  0.0043080 
13.4243864  0.2209135  0.0051050 
13.4842439  0.2258553  0.0052270 
13.5441112  0.2293541  0.0059330 
13.6039687  0.2319452  0.0058360 
13.6638262  0.2275260  0.0053050 
13.7236936  0.2281715  0.0059150 
13.7835511  0.2264990  0.0075100 
13.8434086  0.2319470  0.0083770 
13.9245348  0.2319470  0.0080850 
14.0083432  0.2440650  0.0058900 
14.0921516  0.2489460  0.0067950 
14.1759501  0.2580860  0.0057500 
14.2597585  0.3415460  0.0065560 
14.3435669  0.3640460  0.0075390 
14.4273654  0.2865130  0.0059760 
14.5111738  0.2538560  0.0210090 
14.5949822  0.2545360  0.0242340 
14.6787906  0.2469640  0.0051390 
14.7625891  0.2548460  0.0042240 
14.8463975  0.2474910  0.0063830 
14.9302059  0.2529140  0.0079040 
15.0140044  0.2582290  0.0078440 
15.0978127  0.2625740  0.0058110 
15.1816211  0.2572380  0.0095770 
15.2654196  0.2535840  0.0044180 
15.3492280  0.2714210  0.0496830 
15.4330364  0.3255490  0.0144070 
15.5168349  0.4932770  0.0064680 
15.6006433  0.5529180  0.0088500 
15.6844517  0.2902570  0.0296910 
15.7682502  0.2875100  0.0078670 
15.8520586  0.2902710  0.0057970 
15.9358680  0.2864590  0.0071380 
16.0196744  0.2950530  0.0070110 
16.1034739  0.3083850  0.0084890 
16.1872833  0.2930700  0.0050130 
16.2710907  0.3224940  0.0059880 
16.3548901  0.3660330  0.0063590 
16.4386966  0.3853390  0.0074830 
16.5225059  0.3768860  0.0085870 
16.6063054  0.3658980  0.0069450 
16.6901118  0.3687210  0.0062540 
16.7739212  0.3694720  0.0073940 
16.8577187  0.3847660  0.0078720 
16.9415281  0.4127970  0.0091050 
17.0253365  0.4948880  0.0104570 
17.1091340  0.4257280  0.0100950 
17.1929434  0.4028050  0.0102440 
17.2767518  0.4092740  0.0100650 
17.3605592  0.4107190  0.0144000 
17.4443587  0.3938990  0.0138130 
17.5281681  0.3724330  0.0097580 
17.6119745  0.3524200  0.0064830 
17.6957740  0.3471660  0.0125240 
17.7795833  0.3431490  0.0223490 
17.8633907  0.3347050  0.0072210 
17.9471902  0.3339390  0.0090130 
18.0309966  0.3234310  0.0099240 
18.1148060  0.3222570  0.0129810 
18.1986055  0.3161210  0.0083950 
18.2824119  0.3156350  0.0097350 
18.3662213  0.3105230  0.0074160 
18.4500188  0.3146420  0.0070750 
18.5338282  0.3062150  0.0062440 
18.6176366  0.3980630  0.0077100 
18.7014460  0.5159290  0.0167950 
18.7852435  0.4356550  0.0097200 
18.8690519  0.3247390  0.0183550 
18.9528593  0.3364080  0.0087420 
19.0366587  0.3370440  0.0101930 
19.1204681  0.3460790  0.0104010 
19.2042745  0.3559730  0.0151520 
19.2880740  0.3468940  0.0176500 
19.3718834  0.3568010  0.0149350 
19.4556908  0.3642140  0.0108080 
19.5394903  0.3804080  0.0086860 
19.6232967  0.3821770  0.0094290 
19.7071061  0.3932030  0.0168450 
19.8747120  0.3976030  0.0191000 
20.0423308  0.3999860  0.0116460 
20.2099367  0.3997370  0.0102270 
20.3775435  0.3977820  0.0140320 
20.5451593  0.4079040  0.0181230 
20.7127682  0.4156920  0.0160640 
20.8803741  0.4269880  0.0099920 
21.0479909  0.4463010  0.0121450 
21.2155968  0.4537710  0.0196380 
21.3832146  0.4514260  0.0212140 
21.5508215  0.4741230  0.0819140 
21.7184283  0.4897550  0.0245760 
21.8860461  0.5033470  0.0776090 
22.0536520  0.5163040  0.0768570 
22.2212589  0.5304660  0.0196370 
22.3888747  0.5458070  0.0775000 
22.5564836  0.5499710  0.0258400 
22.7240994  0.5656070  0.0206160 
22.8917063  0.5824590  0.0168730 
23.0593122  0.5907740  0.0074960 
23.2269309  0.5997580  0.0128690 
23.3945368  0.6124990  0.0091000 
23.5621437  0.6269280  0.0147620 
23.7297595  0.6584470  0.0082360 
23.8973684  0.6752650  0.0158140 
24.0649842  0.7009950  0.0126260 
24.2325911  0.8162180  0.0083300 
24.4001970  0.8345610  0.0073500 
24.5678147  0.7469560  0.0152490 
24.7354216  0.7736240  0.0143430 
24.9030285  0.7870890  0.0152720 
25.0706463  0.7772770  0.0139560 
25.2382532  0.8035420  0.0095470 
25.4058690  0.8257050  0.0407960 
25.5734749  0.8607690  0.0101070 
25.7410817  1.3304260  0.0109410 
25.9086995  1.6943990  0.0126030 
26.0763064  1.0665190  0.0094890 
26.2439133  0.9142780  0.0210450 
26.4115311  0.9647300  0.0102480 
26.5791370  0.9816150  0.0104180 
26.7467538  0.9758410  0.0196400 
26.9143597  0.9873890  0.0196310 
27.0819685  1.0182740  0.0223640 
27.2495843  1.0583120  0.0187950 
27.4171912  1.0740860  0.0188030 
27.5847971  1.0951530  0.0180100 
27.7524149  1.1103520  0.0581230 
27.9200218  1.1472780  0.0413060 
28.0876376  1.1799430  0.0144720 
28.2552464  1.1997190  0.0194160 
28.4228533  1.2111500  0.0521860 
28.5904691  1.2269150  0.0214140 
28.7580750  1.2608580  0.0119090 
28.9256819  1.2681020  0.0201750 
29.0932997  1.2926820  0.0180450 
29.2609066  1.3093040  0.0412280 
29.4285224  1.3524610  0.0434320 
29.5961312  1.3973050  0.0479810 
29.7637371  1.4037190  0.0142240 
29.9313539  1.4248800  0.0186840 
30.0989598  1.4470180  0.0159660 
30.2665687  1.4585800  0.0174410 
30.4341845  1.5272450  0.0164920 
30.6017914  1.5563230  0.0180240 
30.7694091  1.5889760  0.0288140 
30.9370150  1.6007310  0.0197870 
31.1046219  1.6279480  0.0174580 
31.2722377  1.6691470  0.0613560 
31.4398466  1.6923700  0.0232060 
31.6074535  1.7157280  0.0235880 
31.7750693  1.7327490  0.0174890 
31.9426752  1.7531760  0.0340510 
32.1102939  1.7913090  0.0293490 
32.2778998  1.8302700  0.0185970 
32.4455067  1.8621150  0.0192810 
32.6131245  1.9245660  0.0490550 
32.7807314  1.9609270  0.0373690 
32.9483373  2.0019900  0.0513500 
33.1159551  2.0058310  0.1459800 
33.2835620  2.2310710  0.0668610 
33.4511758  2.4900260  0.0337080 
33.6187827  2.2642100  0.0750430 
33.7863935  2.0492730  0.0587080 
33.9540073  2.1289390  0.0542530 
34.1216142  2.2469190  0.1232260 
34.2892201  2.1875290  0.0663610 
34.4568379  2.2456460  0.0293640 
34.6244448  2.7283130  0.0540220 
34.7920625  2.8965640  0.0427100 
34.9596694  2.3986340  0.0418030 
35.1272753  2.4090040  0.0517690 
35.2948941  2.4076240  0.0652230 
35.4625000  2.2826940  0.0414720 
35.6301069  2.3421560  0.0666150 
35.7977247  2.4601540  0.1742290 
35.9653316  2.4841310  0.0825840 
36.1329493  2.3109460  0.1036460 
36.3005562  2.4429980  0.0722860 
36.4681621  2.4926040  0.0756090 
36.6357759  2.5395450  0.0776210 
36.8033828  2.5670030  0.0741230 
36.9709937  2.4519270  0.0999520 
