5.2177488  0.0524112  0.0015500 
5.2478174  0.0529272  0.0012560 
5.2778860  0.0556862  0.0013000 
5.3079547  0.0595455  0.0016290 
5.3380332  0.0655557  0.0020500 
5.3681018  0.0592321  0.0016610 
5.3981704  0.0578733  0.0014250 
5.4282390  0.0603655  0.0017100 
5.4583076  0.0618060  0.0049720 
5.4883862  0.0637212  0.0020090 
5.5184548  0.0657904  0.0026710 
5.5485234  0.0600966  0.0012290 
5.5785920  0.0629208  0.0011840 
5.6086606  0.0753155  0.0013950 
5.6387392  0.0692081  0.0029240 
5.6688078  0.0643582  0.0011420 
5.6988764  0.0642165  0.0014180 
5.7289450  0.0654533  0.0012300 
5.7590136  0.0655546  0.0012150 
5.7890922  0.0663333  0.0014480 
5.8191608  0.0676207  0.0011080 
5.8492294  0.0690850  0.0029850 
5.8792980  0.0710581  0.0039590 
5.9093666  0.0729412  0.0015400 
5.9394452  0.0729205  0.0011780 
5.9695138  0.0744737  0.0010720 
5.9995824  0.0766464  0.0017320 
6.0296510  0.0776712  0.0017220 
6.0597196  0.0796122  0.0019120 
6.0897982  0.0842790  0.0018160 
6.1198668  0.0884247  0.0022360 
6.1499354  0.0918745  0.0022740 
6.1800040  0.0979054  0.0013630 
6.2100726  0.0987192  0.0017740 
6.2401511  0.0959850  0.0019600 
6.2702197  0.0980718  0.0018590 
6.3002884  0.0947720  0.0022010 
6.3303570  0.0940626  0.0016210 
6.3604256  0.0934618  0.0019560 
6.3905041  0.0914185  0.0013500 
6.4205727  0.0932912  0.0033800 
6.4506413  0.0905260  0.0028630 
6.4807100  0.0886336  0.0021900 
6.5107786  0.0890742  0.0019050 
6.5408571  0.0896419  0.0020130 
6.5709257  0.0904071  0.0027070 
6.6009943  0.0943646  0.0018350 
6.6310629  0.0943625  0.0078720 
6.6611316  0.0943160  0.0018650 
6.6912101  0.0977109  0.0017240 
6.7212787  0.1006571  0.0020490 
6.7513473  0.0989901  0.0018370 
6.7814159  0.0997750  0.0024580 
6.8114845  0.1011049  0.0023920 
6.8415631  0.1012196  0.0029810 
6.8716317  0.1109784  0.0019820 
6.9017003  0.1213701  0.0049120 
6.9317689  0.1197424  0.0020250 
6.9618375  0.1421214  0.0046190 
6.9919161  0.1496299  0.0066830 
7.0219847  0.1274889  0.0039530 
7.0520533  0.1148925  0.0033740 
7.0821219  0.1190889  0.0073220 
7.1121905  0.1249946  0.0080410 
7.1422691  0.1259387  0.0042670 
7.1723377  0.1258953  0.0038670 
7.2024063  0.1291238  0.0070870 
7.2324749  0.1282944  0.0045380 
7.2625435  0.1335166  0.0062780 
7.2926221  0.1391990  0.0042650 
7.3226907  0.1433705  0.0030960 
7.3527593  0.1407253  0.0074050 
7.3828279  0.1428039  0.0046940 
7.4128965  0.1475555  0.0170830 
7.4429750  0.1568852  0.0029850 
7.4128965  0.1480074  0.0046320 
7.4730437  0.1606700  0.0035790 
7.5331809  0.1666698  0.0020920 
7.5933181  0.2094298  0.0042680 
7.6534652  0.2433999  0.0051300 
7.7136025  0.2088404  0.0018880 
7.7737397  0.1820520  0.0029660 
7.8338868  0.1837717  0.0015540 
7.8940241  0.1835070  0.0018900 
7.9541712  0.1778867  0.0019040 
8.0143084  0.1739964  0.0018220 
8.0744457  0.1701434  0.0013710 
8.1345928  0.1639036  0.0013920 
8.1947300  0.1652252  0.0015560 
8.2548673  0.1648632  0.0016510 
8.3150144  0.1653627  0.0015890 
8.3751516  0.1667929  0.0018870 
8.4352889  0.1679697  0.0022930 
8.4954360  0.1709138  0.0019670 
8.5555732  0.1754142  0.0022090 
8.6157204  0.1751339  0.0017890 
8.6758576  0.1706542  0.0017560 
8.7359948  0.1635779  0.0029920 
8.7961420  0.1607682  0.0020130 
8.8562792  0.1536650  0.0013600 
8.9164164  0.1604973  0.0028430 
8.9765636  0.1869537  0.0067640 
9.0367008  0.1665095  0.0022050 
9.0968380  0.1448421  0.0013060 
9.1569852  0.1408142  0.0022410 
9.2171224  0.1393220  0.0019540 
9.2772696  0.1384317  0.0017640 
9.3374068  0.1375062  0.0020560 
9.3975440  0.1398381  0.0046090 
9.4576912  0.1445422  0.0047050 
9.5178284  0.1523858  0.0022000 
9.5779656  0.1504097  0.0066030 
9.6381128  0.1657360  0.0016150 
9.6982500  0.1602408  0.0036400 
9.7583872  0.1489143  0.0016470 
9.8185344  0.1484562  0.0041130 
9.8786716  0.1536888  0.0022290 
9.9388187  0.1575077  0.0030390 
9.9989560  0.1602108  0.0014410 
10.0590932  0.1657060  0.0028000 
10.1192403  0.1710865  0.0019740 
10.1793775  0.1763934  0.0021730 
10.2395148  0.1818276  0.0027180 
10.2996619  0.1903714  0.0012940 
10.3597991  0.2005179  0.0032830 
10.4199364  0.2534772  0.0018790 
10.4800835  0.4098433  0.0024390 
10.5402207  0.4026418  0.0107660 
10.6003679  0.2495373  0.0021900 
10.6605051  0.2264821  0.0018560 
10.7206423  0.2298553  0.0024230 
10.7807895  0.2333268  0.0043360 
10.8409267  0.2363453  0.0045900 
10.9010639  0.2410774  0.0041010 
10.9612111  0.2526013  0.0040170 
11.0213483  0.2655514  0.0038550 
11.0814855  0.2820597  0.0021090 
11.1416327  0.3249738  0.0075710 
11.2017699  0.3842452  0.0069060 
11.2619171  0.4111845  0.0053650 
11.3220543  0.3872544  0.0031910 
11.3821915  0.3674308  0.0030880 
11.4423387  0.3545531  0.0060510 
11.5024759  0.3518976  0.0089590 
11.5626131  0.3484023  0.0037220 
11.6227603  0.3474065  0.0036490 
11.6828975  0.3479039  0.0027380 
11.7430347  0.3539658  0.0028380 
11.8031819  0.3582738  0.0024780 
11.8633191  0.3667152  0.0024530 
11.9234662  0.3768711  0.0092860 
11.9836035  0.3839174  0.0042520 
12.0437407  0.3890682  0.0067190 
12.1038878  0.3939120  0.0030940 
12.1640251  0.4004961  0.0121240 
12.2241623  0.4143882  0.0038890 
12.2843094  0.4284188  0.0032500 
12.3444467  0.4325593  0.0030180 
12.4045839  0.4356802  0.0036150 
12.4647310  0.4425860  0.0035980 
12.5248683  0.4538359  0.0025630 
12.5850154  0.4653713  0.0035780 
12.6451526  0.4748922  0.0031040 
12.7052898  0.5006961  0.0039750 
12.7654370  0.5855449  0.0039940 
12.8255742  0.6482051  0.0032170 
12.8857114  0.5314016  0.0037180 
12.9458586  0.4742159  0.0035670 
13.0059958  0.4721519  0.0042430 
13.0661330  0.4811372  0.0028290 
13.1262802  0.4946425  0.0097660 
13.1864174  0.4853284  0.0057920 
13.2465546  0.4815177  0.0032990 
13.3067018  0.4849323  0.0032880 
13.3668390  0.4926953  0.0080580 
13.4269862  0.5008781  0.0077060 
13.4871234  0.5132252  0.0092360 
13.5472606  0.5221143  0.0087970 
13.6074078  0.5272600  0.0088240 
13.6675450  0.5387230  0.0140990 
13.7276822  0.5441200  0.0129290 
13.7878294  0.5525458  0.0144050 
13.8479666  0.5614556  0.0422930 
13.9081038  0.5786630  0.0383230 
13.9896092  0.5786630  0.0100580 
14.0738093  0.6042590  0.0076300 
14.1580093  0.6287680  0.0080630 
14.2421995  0.7439170  0.0032810 
14.3263995  0.9011180  0.0036250 
14.4105996  0.8230630  0.0033770 
14.4947897  0.6922300  0.0032170 
14.5789898  0.6919350  0.0036810 
14.6631898  0.6963550  0.0057820 
14.7473899  0.7094270  0.0049930 
14.8315800  0.7225640  0.0042020 
14.9157801  0.7192420  0.0159600 
14.9999801  0.7325790  0.0035400 
15.0841702  0.7531310  0.0031660 
15.1683703  0.7643900  0.0048110 
15.2525703  0.7714570  0.0043500 
15.3367605  0.7761720  0.0045190 
15.4209605  0.8733680  0.0058480 
15.5051606  1.2445620  0.0216760 
15.5893507  1.4321520  0.0041650 
15.6735508  0.9868750  0.0033700 
15.7577508  0.8613750  0.0033470 
15.8419409  0.8750670  0.0037870 
15.9261410  0.8755890  0.0056480 
16.0103421  0.8827460  0.0101990 
16.0945401  0.8945230  0.0074260 
16.1787312  0.9193150  0.0195450 
16.2629323  0.9203010  0.0080310 
16.3471314  0.9488920  0.0145580 
16.4313225  0.9740440  0.0340600 
16.5155205  0.9976340  0.0251760 
16.5997216  1.0071890  0.0190440 
16.6839127  1.0074710  0.0303980 
16.7681108  1.0114130  0.0126760 
16.8523118  1.0157230  0.0082910 
16.9365009  1.0508510  0.0371090 
17.0207020  1.1318040  0.0076120 
17.1049021  1.1069830  0.0052320 
17.1890912  1.0828260  0.0079720 
17.2732922  1.0878570  0.0057690 
17.3574923  1.0879630  0.0079090 
17.4416914  1.0797680  0.0077560 
17.5258825  1.0767590  0.0053180 
17.6100835  1.0906880  0.0114230 
17.6942816  1.0979650  0.0088050 
17.7784727  1.0974090  0.0169820 
17.8626738  1.0968530  0.0110200 
17.9468728  1.1066010  0.0044930 
18.0310639  1.0955210  0.0052090 
18.1152620  1.0977160  0.0099280 
18.1994631  1.0990940  0.0069180 
18.2836542  1.1136110  0.0075070 
18.3678522  1.1217740  0.0104930 
18.4520533  1.1236360  0.0066170 
18.5362424  1.1217300  0.0043860 
18.6204435  1.2554870  0.0214250 
18.7046435  1.5152510  0.0341380 
18.7888446  1.3727930  0.0053840 
18.8730337  1.1507510  0.0051810 
18.9572338  1.1339490  0.0071210 
19.0414328  1.1545940  0.0116800 
19.1256239  1.1521690  0.0115780 
19.2098250  1.1569450  0.0086480 
19.2940231  1.1543410  0.0060310 
19.3782142  1.1354240  0.0192770 
19.4624152  1.1695700  0.0185380 
19.5466143  1.2099780  0.0096990 
19.6308054  1.1973860  0.0164040 
19.7150035  1.1721640  0.0076500 
19.7992045  1.2088090  0.0184990 
19.9675937  1.2317860  0.0279690 
20.1359958  1.2233160  0.0232640 
20.3043850  1.2350330  0.0188720 
20.4727752  1.1861320  0.0084210 
20.6411743  1.2154120  0.0054740 
20.8095665  1.2361420  0.0769440 
20.9779557  1.2387450  0.0201570 
21.1463558  1.2545540  0.0124650 
21.3147450  1.2671640  0.0058340 
21.4831461  1.2750140  0.0075640 
21.6515362  1.3120500  0.0130110 
21.8199264  1.3253730  0.0058490 
21.9883275  1.3173520  0.0052850 
22.1567167  1.3241780  0.0131560 
22.3251069  1.3492220  0.0088760 
22.4935060  1.3801790  0.0057030 
22.6618982  1.3965540  0.0530480 
22.8302973  1.4070570  0.0500480 
22.9986875  1.4284150  0.0068640 
23.1670767  1.4379420  0.0114110 
23.3354788  1.4469300  0.0155310 
23.5038680  1.4617920  0.0106030 
23.6722581  1.4608160  0.0128380 
23.8406573  1.4979920  0.0221960 
24.0090494  1.5203290  0.0200330 
24.1774485  1.6036660  0.0063560 
24.3458387  1.8519180  0.0368050 
24.5142279  1.6563020  0.0087080 
24.6826290  1.5112890  0.0281670 
24.8510192  1.5127610  0.0351790 
25.0194094  1.5146140  0.0231120 
25.1878105  1.5434080  0.0221760 
25.3562007  1.5587250  0.0180610 
25.5245998  1.5739900  0.0269210 
25.6929890  1.9873720  0.0056700 
25.8613791  3.2737430  0.0089750 
26.0297803  2.3663990  0.0301550 
26.1981704  1.6216860  0.0948970 
26.3665606  1.6313290  0.0103070 
26.5349617  1.5968590  0.0188250 
26.7033509  1.6071170  0.0123200 
26.8717510  1.6324390  0.0132990 
27.0401402  1.6318460  0.0052670 
27.2085324  1.6606810  0.0049160 
27.3769315  1.6716490  0.0218390 
27.5453217  1.6850310  0.0971390 
27.7137108  1.6961290  0.0492570 
27.8821120  1.7282740  0.0043550 
28.0505021  1.7503630  0.0257750 
28.2189013  1.7408170  0.0253370 
28.3872934  1.7353930  0.0234260 
28.5556836  1.7372000  0.0192760 
28.7240827  1.7604330  0.0220600 
28.8924719  1.7899170  0.0250880 
29.0608621  1.8050480  0.0529930 
29.2292632  1.8170000  0.0059410 
29.3976534  1.8102130  0.0497570 
29.5660525  1.8314880  0.0199010 
29.7344447  1.8432630  0.0108050 
29.9028338  1.8405240  0.0126900 
30.0712340  1.8672920  0.0128630 
30.2396231  1.8894820  0.0163870 
30.4080153  1.8906210  0.0060130 
30.5764144  1.9536200  0.0103580 
30.7448046  1.9588840  0.0056950 
30.9132057  1.9360540  0.0216360 
31.0815949  1.9659820  0.0099600 
31.2499851  1.9790450  0.0294620 
31.4183842  2.0379520  0.0144010 
31.5867764  2.0487750  0.0512490 
31.7551666  2.0616020  0.0275780 
31.9235657  2.0856310  0.0273700 
32.0919549  2.1142090  0.0271380 
32.2603570  2.1450180  0.0336210 
32.4287461  2.1791010  0.0323760 
32.5971363  2.1808500  0.0119420 
32.7655374  2.2128050  0.0163910 
32.9339276  2.2569130  0.0325180 
33.1023168  2.3390590  0.0705850 
33.2707179  2.5823980  0.0469380 
33.4391081  2.9448260  0.0315090 
33.6075052  2.3998390  0.0153830 
33.7758954  2.4320760  0.0604430 
33.9442895  2.3240330  0.0497550 
34.1126867  2.3337520  0.0102360 
34.2810769  2.3353530  0.0847130 
34.4494660  2.4301160  0.0489980 
34.6178672  2.8336230  0.0832740 
34.7862573  3.0515560  0.0125460 
34.9546584  2.7183090  0.1080770 
35.1230486  2.3260920  0.0727430 
35.2914378  2.4196100  0.1194370 
35.4598399  2.4570160  0.0765540 
35.6282291  2.3289380  0.1030730 
35.7966193  2.4749520  0.1091070 
35.9650204  2.5924430  0.0355060 
36.1334106  2.5051070  0.0629900 
36.3018117  2.3743230  0.0354150 
36.4702018  2.4145750  0.0257960 
36.6385910  2.4617140  0.0433360 
36.8069882  2.5500210  0.0761910 
36.9753783  2.7378180  0.0316460 
37.1437725  2.5358330  0.3526690 
