5.2846994  0.3292106  0.0094000 
5.3148068  0.3347107  0.0077920 
5.3449242  0.3357681  0.0064460 
5.3750316  0.3418386  0.0059410 
5.4051390  0.3450109  0.0075480 
5.4352464  0.3409420  0.0081000 
5.4653539  0.3378085  0.0090950 
5.4954712  0.3357041  0.0083320 
5.5255787  0.3359945  0.0058360 
5.5556861  0.3416703  0.0051090 
5.5857935  0.3476127  0.0054520 
5.6159009  0.3616362  0.0101040 
5.6460183  0.3525498  0.0092980 
5.6761257  0.3546468  0.0106390 
5.7062332  0.3502235  0.0116920 
5.7363406  0.3502101  0.0130880 
5.7664480  0.3500835  0.0075920 
5.7965654  0.3525022  0.0147970 
5.8266728  0.3521879  0.0063080 
5.8567803  0.3497127  0.0042180 
5.8868877  0.3540987  0.0062020 
5.9169951  0.3529936  0.0053870 
5.9471125  0.3573663  0.0057070 
5.9772199  0.3597179  0.0082990 
6.0073273  0.3682265  0.0050320 
6.0374348  0.3776941  0.0058310 
6.0675422  0.3843812  0.0213570 
6.0976596  0.3997629  0.0185860 
6.1277670  0.4225495  0.0102380 
6.1578744  0.4618439  0.0086270 
6.1879818  0.5095008  0.0111200 
6.2180893  0.5390892  0.0079120 
6.2482066  0.5286192  0.0063720 
6.2783141  0.5085640  0.0068700 
6.3084215  0.4802087  0.0099860 
6.3385289  0.4585018  0.0092260 
6.3686363  0.4436548  0.0125500 
6.3987537  0.4274271  0.0292060 
6.4288612  0.4172878  0.0123190 
6.4589686  0.4039509  0.0111260 
6.4890760  0.3907793  0.0086920 
6.5191834  0.3911308  0.0098670 
6.5493008  0.3936954  0.0086790 
6.5794082  0.3878185  0.0106860 
6.6095157  0.3897963  0.0055280 
6.6396231  0.3911710  0.0056390 
6.6697305  0.3880866  0.0077020 
6.6998479  0.4011673  0.0083150 
6.7299553  0.4013356  0.0074200 
6.7600627  0.4098948  0.0258360 
6.7901702  0.4169899  0.0182260 
6.8202776  0.4236040  0.0073280 
6.8503950  0.4310387  0.0074320 
6.8805024  0.4429414  0.0066870 
6.9106098  0.4473438  0.0074240 
6.9407172  0.4482821  0.0078950 
6.9708247  0.4805260  0.0077620 
7.0009421  0.5021286  0.0149690 
7.0310495  0.4748501  0.0106600 
7.0611569  0.4624128  0.0086500 
7.0912643  0.4665114  0.0095760 
7.1213718  0.4767341  0.0225360 
7.1514891  0.4788951  0.0213670 
7.1815966  0.4749887  0.0119220 
7.2117040  0.4834272  0.0147070 
7.2418114  0.4840244  0.0118610 
7.2719188  0.4829416  0.0090390 
7.3020362  0.4977842  0.0093270 
7.3321436  0.5075959  0.0071570 
7.3622511  0.5224936  0.0140590 
7.3923585  0.5359392  0.0076630 
7.4224659  0.5493238  0.0178530 
7.4525833  0.5834606  0.0160190 
7.4224659  0.5389626  0.0079560 
7.4826907  0.5786471  0.0068720 
7.5429056  0.6232360  0.0313890 
7.6031204  0.6747725  0.0263420 
7.6633452  0.7061377  0.0260300 
7.7235601  0.6825617  0.0110290 
7.7837749  0.6698831  0.0060860 
7.8439997  0.6746772  0.0075400 
7.9042146  0.6618705  0.0150380 
7.9644394  0.6409128  0.0186860 
8.0246542  0.6341259  0.0153670 
8.0848691  0.6181455  0.0163100 
8.1450939  0.6022499  0.0227770 
8.2053087  0.5958384  0.0165760 
8.2655236  0.6145562  0.0154440 
8.3257484  0.6249993  0.0131830 
8.3859632  0.6295284  0.0108290 
8.4461781  0.6445229  0.0094320 
8.5064029  0.6678472  0.0058000 
8.5666178  0.6897596  0.0056400 
8.6268426  0.6966984  0.0058970 
8.6870574  0.6856372  0.0087310 
8.7472723  0.6602576  0.0066520 
8.8074971  0.6500200  0.0063320 
8.8677119  0.6380399  0.0090620 
8.9279268  0.6356733  0.0062280 
8.9881516  0.6400966  0.0070760 
9.0483664  0.6416768  0.0080130 
9.1085813  0.6273137  0.0076100 
9.1688061  0.6269623  0.0067900 
9.2290209  0.6340425  0.0050220 
9.2892457  0.6371656  0.0061520 
9.3494606  0.6438095  0.0051170 
9.4096754  0.6451097  0.0064460 
9.4699002  0.6528050  0.0132490 
9.5301151  0.6642058  0.0055970 
9.5903299  0.6685114  0.0058110 
9.6505547  0.6841300  0.0111270 
9.7107696  0.6950408  0.0070230 
9.7709844  0.6901871  0.0061880 
9.8312093  0.6929453  0.0059730 
9.8914241  0.6992079  0.0058650 
9.9516489  0.7088840  0.0044660 
10.0118638  0.7199840  0.0060010 
10.0720786  0.7224220  0.0060590 
10.1323034  0.7318986  0.0067000 
10.1925183  0.7411264  0.0052230 
10.2527331  0.7484732  0.0117830 
10.3129579  0.7569832  0.0132930 
10.3731728  0.7699955  0.0057720 
10.4333876  0.7979665  0.0122270 
10.4936124  0.8680823  0.0061600 
10.5538273  0.8757598  0.0063380 
10.6140521  0.8282623  0.0050550 
10.6742669  0.8304293  0.0097160 
10.7344818  0.8487584  0.0071880 
10.7947066  0.8499662  0.0071630 
10.8549214  0.8569348  0.0059130 
10.9151363  0.8763287  0.0060730 
10.9753611  0.9010173  0.0075470 
11.0355759  0.9313459  0.0066080 
11.0957908  0.9745720  0.0060350 
11.1560156  1.0922420  0.0083590 
11.2162305  1.2657319  0.0085150 
11.2764553  1.3162423  0.0123170 
11.3366701  1.2398906  0.0121990 
11.3968850  1.1799036  0.0076770 
11.4571098  1.1186864  0.0130840 
11.5173246  1.0801517  0.0091050 
11.5775395  1.0601381  0.0094630 
11.6377643  1.0442753  0.0080050 
11.6979791  1.0357773  0.0071040 
11.7581940  1.0253118  0.0099110 
11.8184188  1.0196032  0.0066720 
11.8786336  1.0562004  0.0070330 
11.9388584  1.0850679  0.0090440 
11.9990733  1.1015131  0.0080970 
12.0592881  1.1005927  0.0083200 
12.1195129  1.0972044  0.0071280 
12.1797278  1.1025571  0.0081740 
12.2399426  1.1211632  0.0067500 
12.3001674  1.1503301  0.0178570 
12.3603823  1.1640885  0.0192010 
12.4205971  1.1760507  0.0097010 
12.4808219  1.1953911  0.0073940 
12.5410368  1.2229347  0.0093260 
12.6012616  1.2477930  0.0145390 
12.6614765  1.2568391  0.0126560 
12.7216913  1.2947484  0.0125090 
12.7819161  1.4344276  0.0157430 
12.8421310  1.5297488  0.0125530 
12.9023458  1.2856605  0.0155930 
12.9625706  1.1626185  0.0173740 
13.0227855  1.1460975  0.0122260 
13.0830003  1.1486382  0.0124210 
13.1432251  1.1640111  0.0178490 
13.2034400  1.1670016  0.0178570 
13.2636548  1.1710987  0.0182810 
13.3238796  1.1584335  0.0114720 
13.3840945  1.1570202  0.0109200 
13.4443193  1.1687322  0.0111420 
13.5045341  1.1728710  0.0120400 
13.5647490  1.1836910  0.0102480 
13.6249738  1.2022182  0.0114640 
13.6851886  1.2029092  0.0091740 
13.7454035  1.2008212  0.0108080 
13.8056283  1.2041543  0.0177130 
13.8658431  1.2057896  0.0170410 
13.9260580  1.2207960  0.0139770 
14.0076686  1.3374886  0.1084630 
14.0919774  1.3225623  0.1068780 
14.1762861  1.3573132  0.1086760 
14.2605849  1.3933197  0.0660250 
14.3448937  1.4552040  0.0539470 
14.4292024  1.3982531  0.0304920 
14.5135012  1.3304221  0.0300500 
14.5978100  1.3476009  0.0320140 
14.6821188  1.3673861  0.0313480 
14.7664275  1.3938763  0.0195120 
14.8507263  1.4062016  0.0123650 
14.9350351  1.4206382  0.0134140 
15.0193438  1.4398395  0.0112290 
15.1036426  1.4612341  0.0132010 
15.1879514  1.4867810  0.0476110 
15.2722601  1.5035106  0.0761770 
15.3565589  1.5148368  0.0317790 
15.4408677  1.5640582  0.0291670 
15.5251764  1.8424875  0.0143760 
15.6094752  1.9219263  0.0939320 
15.6937840  1.6859796  0.0792380 
15.7780927  1.6309208  0.0487080 
15.8623915  1.6727975  0.0504980 
15.9467003  1.7001247  0.0389970 
16.0310101  1.6945010  0.0376780 
16.1153168  1.7213375  0.0402680 
16.1996166  1.7339871  0.0151620 
16.2839264  1.7931346  0.0097740 
16.3682341  1.9347907  0.0180320 
16.4525339  2.0369334  0.0293230 
16.5368407  2.0220466  0.0122010 
16.6211504  1.9807681  0.0125290 
16.7054502  1.9788421  0.0246690 
16.7897570  2.0086037  0.0237780 
16.8740667  2.0127407  0.0333980 
16.9583645  2.0808807  0.0779740 
17.0426743  2.2221666  0.0853070 
17.1269830  2.2261731  0.0730250 
17.2112808  2.1273621  0.1080700 
17.2955906  2.1585863  0.1497890 
17.3798994  2.1656551  0.1826160 
17.4642071  2.1181668  0.1868650 
17.5485069  2.0360405  0.2021810 
17.6328167  1.9959289  0.2382900 
17.7171234  1.9984860  0.2543420 
17.8014232  2.0040833  0.2873750 
17.8857330  2.0143424  0.3135240 
17.9700407  2.0211099  0.3350960 
18.0543405  2.0367297  0.3596520 
18.1386473  2.1221000  0.6267280 
18.2229570  2.1467463  0.3336690 
18.3072568  2.2044586  0.3371380 
18.3915636  2.2451399  0.3449540 
18.4758733  2.3198338  0.3151950 
18.5601711  2.4102110  0.2529170 
18.6444809  2.7201691  0.2419880 
18.7287896  3.1631260  0.1488720 
18.8130994  3.0116062  0.0877500 
18.8973972  2.6154693  0.0688380 
18.9817060  2.6107977  0.0798880 
19.0660137  2.5911932  0.1323840 
19.1503135  2.5460791  0.4527740 
19.2346233  2.5298195  0.5564580 
19.3189300  2.5546379  0.3712820 
19.4032298  2.5616135  0.3060520 
19.4875396  2.5081203  0.1479760 
19.5718473  2.5165794  0.1104070 
19.6561471  2.5007196  0.1031140 
19.7404539  2.4815699  0.0325870 
19.8247636  2.5172378  0.1182110 
19.9090634  2.5575302  0.1711960 
19.9933702  2.5752689  0.2222890 
20.0776799  2.5949675  0.2765810 
20.1619897  2.6268075  0.9576550 
20.2462875  2.6088552  1.0278240 
20.3305963  2.7454870  0.3969680 
20.4149060  2.7800670  0.3930450 
20.4992038  2.8200625  0.1220850 
20.6678203  2.9410515  0.1407230 
20.8364299  2.9953828  0.1421800 
21.0050364  3.1502977  0.0482630 
21.1736539  3.1653303  0.0170320 
21.3422605  3.1559630  0.0381610 
21.5108790  3.1559630  0.4850680 
21.6794865  3.2431030  0.7127850 
21.8480941  3.3470150  0.3473700 
22.0167126  3.4167930  0.1173280 
22.1853192  3.4867160  0.0927550 
22.3539267  3.6012780  0.0494310 
22.5225432  3.6577360  0.0878310 
22.6911528  3.6880490  0.1520960 
22.8597693  3.7163250  0.1619660 
23.0283768  3.7421760  0.2082510 
23.1969834  3.7376110  0.1620660 
23.3656029  3.7578950  0.5923950 
23.5342095  3.7493860  0.2518440 
23.7028170  3.7054400  0.2255780 
23.8714335  3.7733270  0.2066320 
24.0400431  3.8017420  0.2375410 
24.2086596  3.8109240  0.5868410 
24.3772671  3.9357500  0.1561620 
24.5458737  3.9120340  0.1441120 
24.7144922  3.9238920  0.1359340 
24.8830998  3.9330760  0.0882890 
25.0517073  3.9836060  0.0595040 
25.2203258  4.1222670  0.0530430 
25.3889334  4.2605870  0.0151080 
25.5575499  4.2788880  0.0520150 
25.7261564  4.5076760  0.4034000 
25.8947640  5.6373260  0.0246810 
26.0633825  5.1286030  0.1624350 
26.2319901  4.7870310  0.0861880 
26.4005976  4.7384220  0.0953840 
26.5692161  4.8666740  0.1076590 
26.7378227  5.0563720  0.1269630 
26.9064402  5.1231530  0.2826710 
27.0750467  5.2324550  0.3345670 
27.2436563  5.3028080  0.0821730 
27.4122728  5.4705650  0.0475360 
27.5808804  5.6019070  0.0479660 
27.7494869  5.7176660  0.1076720 
27.9181054  5.7073830  0.2713750 
28.0867130  5.8337890  0.1974130 
28.2553295  5.9467940  0.0476030 
28.4239390  6.0741980  0.2041380 
28.5925466  6.1216150  0.0772050 
28.7611631  6.1864700  0.0449540 
28.9297697  6.2748230  0.0209500 
29.0983772  6.3404840  0.0332280 
29.2669957  6.4673590  0.0422420 
29.4356033  6.5505300  0.0590830 
29.6042198  6.7263500  0.0502300 
29.7728293  6.7941720  0.1341010 
29.9414359  6.8108580  0.0691780 
30.1100534  6.8016900  0.0501580 
30.2786599  6.9020710  0.0518380 
30.4472695  7.0201900  0.1670210 
30.6158860  7.2498520  0.0476080 
30.7844936  7.3673740  0.3928390 
30.9531121  7.5049870  0.3260460 
31.1217186  7.5521330  0.3299320 
31.2903262  7.6242760  0.0390860 
31.4589427  7.8199990  0.0883440 
31.6275522  7.9591830  0.0957530 
31.7961598  7.9876990  0.1324090 
31.9647763  8.1005130  0.1107550 
32.1333829  8.2558990  0.0940970 
32.3020024  8.5288660  0.0464430 
32.4706089  8.8480480  0.1677560 
32.6392165  9.1025410  0.3887850 
32.8078350  9.3291400  0.5783240 
32.9764425  9.3480480  0.5314700 
33.1450491  9.5927530  0.2069650 
33.3136676  10.2047160  0.1263900 
33.4822751  10.6410350  0.0645400 
33.6508897  10.2211090  0.5555480 
33.8194972  10.4276300  0.1936380 
33.9881088  10.1627680  0.2337480 
34.1567233  10.6993750  0.3784790 
34.3253308  10.5313540  0.0677340 
34.4939374  10.4450300  0.2546940 
34.6625559  12.4470480  0.0797910 
34.8311635  14.2445020  0.2374060 
34.9997820  12.2861390  0.0922160 
35.1683895  10.3603190  0.3612840 
35.3369961  11.5176660  0.1630780 
35.5056156  11.6433620  0.2333030 
35.6742221  11.2799560  0.1827310 
35.8428297  11.7499570  0.1248120 
36.0114482  11.6995750  0.2863530 
36.1800557  11.4773920  0.1233400 
36.3486742  11.4874080  0.5813460 
36.5172818  11.9179200  0.2496550 
36.6858884  11.5173910  0.5493930 
36.8545029  11.5773900  1.2854980 
37.0231104  12.6969170  0.1690830 
37.1917220  12.3471330  0.6341960 
