5.1694316  0.0550894  0.0056820 
5.1992218  0.0661892  0.0050080 
5.2290119  0.0725539  0.0026910 
5.2588021  0.0612851  0.0031580 
5.2886021  0.0631098  0.0019800 
5.3183923  0.0685210  0.0046660 
5.3481824  0.0630275  0.0055560 
5.3779726  0.0619309  0.0038490 
5.4077628  0.0533926  0.0061790 
5.4375628  0.0513989  0.0073520 
5.4673530  0.0664948  0.0109760 
5.4971431  0.0647590  0.0153250 
5.5269333  0.0688526  0.0105580 
5.5567235  0.0731997  0.0068900 
5.5865235  0.0839073  0.0054690 
5.6163137  0.0883390  0.0056380 
5.6461038  0.0976574  0.0035910 
5.6758940  0.0974797  0.0027570 
5.7056842  0.1012396  0.0036490 
5.7354842  0.0961990  0.0056880 
5.7652744  0.0884755  0.0056660 
5.7950645  0.0850840  0.0060280 
5.8248547  0.0947167  0.0072420 
5.8546449  0.0919428  0.0059420 
5.8844449  0.0938629  0.0061670 
5.9142351  0.0897238  0.0049890 
5.9440252  0.0951198  0.0041930 
5.9738154  0.1105711  0.0025770 
6.0036056  0.1200759  0.0053880 
6.0334056  0.1232377  0.0094200 
6.0631957  0.1278449  0.0113880 
6.0929859  0.1458620  0.0154910 
6.1227761  0.2123698  0.0187250 
6.1525662  0.2606589  0.0150770 
6.1823663  0.3151221  0.0158440 
6.2121564  0.3358849  0.0165310 
6.2419466  0.3024425  0.0160270 
6.2717368  0.2804986  0.0240950 
6.3015269  0.2422301  0.0161760 
6.3313270  0.2170052  0.0122060 
6.3611171  0.1960430  0.0063470 
6.3909073  0.1790639  0.0034980 
6.4206975  0.1600976  0.0050540 
6.4504876  0.1565501  0.0037590 
6.4802877  0.1548359  0.0094870 
6.5100778  0.1590314  0.0168050 
6.5398680  0.1579977  0.0118450 
6.5696582  0.1580952  0.0134890 
6.5994483  0.1562055  0.0077570 
6.6292483  0.1543115  0.0059710 
6.6590385  0.1516720  0.0034910 
6.6888287  0.1534533  0.0055830 
6.7186189  0.1587930  0.0083010 
6.7484090  0.1557353  0.0121710 
6.7782090  0.1489935  0.0152030 
6.8079992  0.1612202  0.0158220 
6.8377894  0.1656345  0.0167630 
6.8675795  0.1774256  0.0312170 
6.8973697  0.1855847  0.0197440 
6.9271697  0.1833331  0.0505510 
6.9569599  0.2987693  0.0204240 
6.9867501  0.2526841  0.0213000 
7.0165402  0.2073292  0.0136130 
7.0463304  0.2211097  0.0086470 
7.0761304  0.2257992  0.0065810 
7.1059206  0.2316200  0.0043520 
7.1357108  0.2497910  0.0114790 
7.1655009  0.2478038  0.0079780 
7.1952911  0.2661850  0.0362120 
7.2250911  0.2689415  0.0299910 
7.2548813  0.2661438  0.0188420 
7.2846715  0.2885081  0.0125260 
7.3144616  0.3034718  0.0100050 
7.3442518  0.3243170  0.0062150 
7.3740518  0.3580477  0.0065200 
7.3442518  0.3611899  0.0057640 
7.4038420  0.3984031  0.0054460 
7.4634223  0.5147538  0.0372270 
7.5230027  0.6478084  0.0404710 
7.5825928  0.7485366  0.0333910 
7.6421732  0.7278886  0.0208520 
7.7017535  0.6919627  0.0074390 
7.7613437  0.7107730  0.0091640 
7.8209240  0.6851667  0.0212120 
7.8805142  0.6054051  0.0225450 
7.9400946  0.5284498  0.0204090 
7.9996749  0.4670975  0.0516730 
8.0592651  0.4414804  0.0110950 
8.1188454  0.4131328  0.0040990 
8.1784258  0.3914164  0.0041020 
8.2380160  0.3629539  0.0084630 
8.2975963  0.3632790  0.0045770 
8.3571766  0.3638771  0.0038230 
8.4167668  0.3743420  0.0057740 
8.4763472  0.4075048  0.0089120 
8.5359373  0.4439248  0.0097700 
8.5955177  0.4479556  0.0110250 
8.6550980  0.4136139  0.0096450 
8.7146882  0.3546258  0.0097390 
8.7742685  0.2817013  0.0337440 
8.8338489  0.2506622  0.0315120 
8.8934391  0.2303371  0.0186320 
8.9530194  0.2280899  0.0091850 
9.0125997  0.2089653  0.0074490 
9.0721899  0.1962619  0.0053570 
9.1317703  0.1877474  0.0044120 
9.1913605  0.1810858  0.0047440 
9.2509408  0.1801301  0.0042830 
9.3105211  0.1787302  0.0026180 
9.3701113  0.1768232  0.0021860 
9.4296917  0.1772089  0.0036930 
9.4892720  0.1734945  0.0030900 
9.5488622  0.1724370  0.0023580 
9.6084425  0.1894941  0.0023610 
9.6680229  0.1878536  0.0017890 
9.7276130  0.1636581  0.0035380 
9.7871934  0.1605635  0.0022890 
9.8467836  0.1635173  0.0039200 
9.9063639  0.1657689  0.0033570 
9.9659442  0.1646398  0.0032450 
10.0255344  0.1692319  0.0045730 
10.0851148  0.1721444  0.0059460 
10.1446951  0.1705538  0.0062160 
10.2042853  0.1705104  0.0040640 
10.2638656  0.1780129  0.0034420 
10.3234460  0.1878753  0.0057540 
10.3830362  0.2050234  0.0057750 
10.4426165  0.2470388  0.0042160 
10.5022067  0.2597184  0.0033280 
10.5617870  0.2492514  0.0059740 
10.6213674  0.2444925  0.0065330 
10.6809575  0.2513015  0.0059700 
10.7405379  0.2562251  0.0085990 
10.8001182  0.2572350  0.0054320 
10.8597084  0.2689979  0.0124310 
10.9192887  0.3034740  0.0054770 
10.9788691  0.3552391  0.0251000 
11.0384593  0.3815540  0.0250630 
11.0980396  0.5015563  0.0078310 
11.1576298  0.8026963  0.0272550 
11.2172101  1.0046338  0.0116760 
11.2767905  0.8934603  0.0060540 
11.3363807  0.7187197  0.0277620 
11.3959610  0.6407805  0.0051260 
11.4555413  0.5522920  0.0049920 
11.5151315  0.5161039  0.0112060 
11.5747119  0.4802603  0.0108140 
11.6342922  0.4452966  0.0098210 
11.6938824  0.4321858  0.0092930 
11.7534627  0.4370444  0.0045880 
11.8130529  0.4603990  0.0126640 
11.8726332  0.4964029  0.0124250 
11.9322136  0.5178787  0.0106810 
11.9918038  0.5245794  0.0098440 
12.0513841  0.5218662  0.0095170 
12.1109644  0.5122161  0.0094870 
12.1705546  0.5140343  0.0116230 
12.2301350  0.5494921  0.0115970 
12.2897153  0.5730852  0.0123990 
12.3493055  0.5897197  0.0123300 
12.4088858  0.6105996  0.0252310 
12.4684760  0.6541428  0.0094140 
12.5280563  0.7003558  0.0058900 
12.5876367  0.7372331  0.0161750 
12.6472269  0.6980479  0.0268460 
12.7068072  0.8817884  0.0277240 
12.7663875  1.3391578  0.0135980 
12.8259777  1.1491219  0.0293520 
12.8855581  0.6167692  0.0154490 
12.9451384  0.5363249  0.0215030 
13.0047286  0.5262545  0.0126940 
13.0643089  0.5251103  0.0107360 
13.1238893  0.5230949  0.0126070 
13.1834795  0.5238317  0.0132030 
13.2430598  0.5204597  0.0126720 
13.3026500  0.5239119  0.0152400 
13.3622303  0.5380023  0.0186890 
13.4218107  0.5370683  0.0126590 
13.4814008  0.5465341  0.0151000 
13.5409812  0.5361819  0.0138890 
13.6005615  0.5391552  0.0138970 
13.6601517  0.5301466  0.0140500 
13.7197320  0.5247766  0.0128710 
13.7793124  0.5244710  0.0145480 
13.8600630  0.5244710  0.0121740 
13.9434834  0.5253490  0.0076930 
14.0269038  0.5426370  0.0135580 
14.1103143  0.5485400  0.0254940 
14.1937346  0.5789100  0.0101260 
14.2771550  0.6487080  0.0099250 
14.3605655  0.6335080  0.0156430 
14.4439858  0.5630160  0.0075950 
14.5274062  0.5559550  0.0091650 
14.6108265  0.5603850  0.0066500 
14.6942370  0.5626060  0.0102920 
14.7776574  0.5640060  0.0058210 
14.8610777  0.5702910  0.0084260 
14.9444882  0.5765500  0.0100890 
15.0279086  0.5745460  0.0113490 
15.1113289  0.5769990  0.0056860 
15.1947394  0.5872530  0.0054830 
15.2781598  0.5922610  0.0057000 
15.3615801  0.5987090  0.0057250 
15.4449906  0.7256800  0.0096730 
15.5284110  0.9362420  0.0104230 
15.6118313  0.7898560  0.0085070 
15.6952418  0.6605180  0.0065430 
15.7786622  0.6764800  0.0072740 
15.8620835  0.6829650  0.0077440 
15.9455019  0.7013300  0.0107640 
16.0289134  0.7071820  0.0139700 
16.1123347  0.7176240  0.0092650 
16.1957541  0.7544840  0.0119810 
16.2791656  0.8065610  0.0185000 
16.3625840  0.8939510  0.0323210 
16.4460053  0.9306690  0.0119540 
16.5294168  0.8861800  0.0100590 
16.6128352  0.8741090  0.0154950 
16.6962565  0.8989450  0.0157420 
16.7796660  0.9017140  0.0106460 
16.8630874  0.9044510  0.0383130 
16.9465077  0.9888220  0.0172750 
17.0299172  1.0485790  0.0125900 
17.1133386  0.9695550  0.0288220 
17.1967589  0.9376210  0.0204080 
17.2801783  0.9547610  0.0111110 
17.3635898  0.9485540  0.0090030 
17.4470111  0.9204750  0.0197520 
17.5304295  0.8597850  0.0171050 
17.6138410  0.8599950  0.0118670 
17.6972623  0.8612100  0.0114490 
17.7806817  0.8714300  0.0112540 
17.8640932  0.8814310  0.0122890 
17.9475116  0.8734610  0.0131600 
18.0309329  0.8386260  0.0111490 
18.1143444  0.8556170  0.0081470 
18.1977628  0.8643750  0.0089220 
18.2811841  0.8675250  0.0179880 
18.3645936  0.8909980  0.0188400 
18.4480150  0.9076370  0.0194730 
18.5314353  0.9275940  0.0497260 
18.6148567  1.1358160  0.0543600 
18.6982662  1.2914600  0.0246000 
18.7816865  1.0909300  0.0128370 
18.8651059  0.9963580  0.0236290 
18.9485174  1.0083310  0.0194540 
19.0319387  1.0221820  0.0151370 
19.1153571  1.0174300  0.0121660 
19.1987686  1.0154470  0.0267180 
19.2821899  1.0661930  0.0149350 
19.3656093  1.0763080  0.0162410 
19.4490208  1.0847300  0.0163960 
19.5324392  1.1071700  0.0486190 
19.6158605  1.1196510  0.0159480 
19.6992720  1.1243360  0.0168520 
19.7826904  1.1288710  0.0156060 
19.8661117  1.1329430  0.0227600 
19.9495331  1.1465620  0.0155150 
20.0329426  1.1415900  0.0182370 
20.1163629  1.1500630  0.0129500 
20.1997843  1.1543200  0.0161870 
20.2831938  1.1759080  0.0164310 
20.4500335  1.2275180  0.0416220 
20.6168663  1.2467030  0.0389950 
20.7836962  1.2521090  0.0224440 
20.9505369  1.2825190  0.0167200 
21.1173668  1.3168830  0.0113200 
21.2842085  1.3225210  0.0184350 
21.4510393  1.3658330  0.0280010 
21.6178702  1.4205230  0.0335450 
21.7847119  1.4499420  0.0387950 
21.9515417  1.4778300  0.1767400 
22.1183726  1.5018490  0.0414180 
22.2852123  1.5680320  0.0339100 
22.4520451  1.5845770  0.0177410 
22.6188848  1.5894340  0.0192780 
22.7857157  1.6311660  0.0266150 
22.9525456  1.6756120  0.0267740 
23.1193882  1.6964400  0.0276960 
23.2862181  1.7279330  0.0104130 
23.4530490  1.7659090  0.0231340 
23.6198887  1.7893920  0.0246680 
23.7867215  1.8211290  0.0194630 
23.9535612  1.8762010  0.0272600 
24.1203921  1.9068370  0.0113990 
24.2872219  1.9785010  0.0104840 
24.4540636  1.9725410  0.0274990 
24.6208945  2.0028360  0.0234780 
24.7877253  2.0183530  0.0206660 
24.9545670  1.9776830  0.0272270 
25.1213979  2.0072330  0.0308640 
25.2882376  2.1040030  0.0301320 
25.4550675  2.1704210  0.0359440 
25.6218983  2.2602200  0.0261550 
25.7887400  2.5550040  0.0175300 
25.9555709  2.5518920  0.0310460 
26.1224017  2.3250310  0.0189550 
26.2892434  2.3478770  0.0130700 
26.4560733  2.3771740  0.0385160 
26.6229140  2.3884060  0.0331870 
26.7897439  2.3869210  0.0124700 
26.9565767  2.4614230  0.0208210 
27.1234164  2.5438050  0.0390930 
27.2902473  2.5642930  0.0956720 
27.4570771  2.5799350  0.0273960 
27.6239188  2.5980630  0.0165760 
27.7907497  2.6667640  0.0191580 
27.9575894  2.7112670  0.0986000 
28.1244222  2.7714630  0.0355860 
28.2912531  2.7992600  0.0364360 
28.4580928  2.7924290  0.0187030 
28.6249227  2.8190250  0.0145260 
28.7917535  2.8508880  0.0203730 
28.9585952  2.9090090  0.0385350 
29.1254261  2.9452030  0.0325730 
29.2922658  2.9871800  0.0258630 
29.4590986  3.0594710  0.0246860 
29.6259285  3.0964510  0.0239510 
29.7927692  3.1129630  0.0357590 
29.9595991  3.1618420  0.0178390 
30.1264319  3.1778880  0.0494230 
30.2932716  3.2612330  0.0295270 
30.4601025  3.3136200  0.0216910 
30.6269441  3.3280090  0.0263460 
30.7937740  3.3615210  0.0929720 
30.9606049  3.4008560  0.0266280 
31.1274446  3.4942070  0.0320350 
31.2942774  3.5421280  0.0493530 
31.4611083  3.5746830  0.0476510 
31.6279480  3.6210630  0.0222240 
31.7947779  3.6585640  0.0414850 
31.9616205  3.7376570  0.0239670 
32.1284504  3.8301170  0.0511160 
32.2952813  3.9010120  0.0248480 
32.4621229  4.0029180  0.0537930 
32.6289538  4.0667880  0.0432260 
32.7957837  4.2010390  0.0608740 
32.9626254  4.1791360  0.1037100 
33.1294562  4.2799520  0.1026830 
33.2962940  4.8717930  0.1047770 
33.4631248  5.1561760  0.1378440 
33.6299596  4.5702400  0.0463300 
33.7967974  4.5826330  0.0743860 
33.9636282  4.5940410  0.1167730 
34.1304581  4.5142880  0.1078350 
34.2972998  4.4182590  0.1252370 
34.4641306  4.6874380  0.0516400 
34.6309723  5.5675570  0.1266610 
34.7978032  5.9602190  0.1060750 
34.9646330  5.2422720  0.1209180 
35.1314757  4.9219260  0.1786120 
35.2983056  4.8368970  0.1997600 
35.4651364  4.9035100  0.1076720 
35.6319781  4.9254220  0.1819350 
35.7988090  4.8630460  0.1001530 
35.9656507  4.7491770  0.2480920 
36.1324815  4.8716270  0.1083570 
36.2993114  4.9361460  0.0926740 
36.4661491  5.0501600  0.0674520 
36.6329800  5.3257680  0.3019750 
36.7998148  4.9866060  0.1912990 
