5.2006838  0.1322530  0.0070070 
5.2306541  0.1459930  0.0077240 
5.2606244  0.1501290  0.0059300 
5.2905946  0.1432955  0.0044910 
5.3205748  0.1448691  0.0043860 
5.3505451  0.1495509  0.0034020 
5.3805154  0.1527124  0.0031560 
5.4104856  0.1554730  0.0035790 
5.4404559  0.1509097  0.0056810 
5.4704361  0.1492464  0.0057350 
5.5004063  0.1492907  0.0065120 
5.5303766  0.1496008  0.0053450 
5.5603469  0.1536216  0.0047010 
5.5903171  0.1577785  0.0056240 
5.6202973  0.1540988  0.0050930 
5.6502676  0.1530457  0.0057990 
5.6802379  0.1523647  0.0035340 
5.7102081  0.1546536  0.0040700 
5.7401784  0.1543458  0.0043380 
5.7701586  0.1545418  0.0043720 
5.8001288  0.1561840  0.0032560 
5.8300991  0.1574818  0.0053950 
5.8600694  0.1587198  0.0077560 
5.8900396  0.1594916  0.0090630 
5.9200198  0.1591971  0.0090620 
5.9499901  0.1603476  0.0067200 
5.9799604  0.1632079  0.0083160 
6.0099306  0.1674424  0.0061400 
6.0399009  0.1664602  0.0033530 
6.0698811  0.1662177  0.0032700 
6.0998513  0.1696516  0.0034960 
6.1298216  0.1718884  0.0057880 
6.1597919  0.1729083  0.0078020 
6.1897621  0.1720135  0.0081100 
6.2197423  0.1728175  0.0058900 
6.2497126  0.1724255  0.0056270 
6.2796829  0.1711000  0.0058180 
6.3096531  0.1722306  0.0066350 
6.3396234  0.1759435  0.0070500 
6.3696036  0.1734775  0.0066650 
6.3995738  0.1691023  0.0046960 
6.4295441  0.1664325  0.0035100 
6.4595144  0.1634438  0.0044730 
6.4894846  0.1647515  0.0040840 
6.5194648  0.1722727  0.0066450 
6.5494351  0.1755770  0.0080370 
6.5794054  0.1765426  0.0087940 
6.6093756  0.1756235  0.0079490 
6.6393459  0.1722594  0.0114310 
6.6693261  0.1726503  0.0092270 
6.6992963  0.1744641  0.0083150 
6.7292666  0.1743190  0.0103680 
6.7592369  0.1790330  0.0062900 
6.7892071  0.1799433  0.0072430 
6.8191873  0.1812355  0.0080200 
6.8491576  0.1815877  0.0054480 
6.8791278  0.1840095  0.0078800 
6.9090981  0.1831701  0.0097350 
6.9390684  0.1843682  0.0087920 
6.9690486  0.1907344  0.0094570 
6.9990188  0.1887999  0.0096810 
7.0289891  0.1861965  0.0083200 
7.0589594  0.1870281  0.0071890 
7.0889296  0.1852286  0.0057960 
7.1189098  0.1827382  0.0053500 
7.1488801  0.1822975  0.0047760 
7.1788503  0.1831967  0.0049870 
7.2088206  0.1851157  0.0075470 
7.2387909  0.1869805  0.0066700 
7.2687711  0.1902627  0.0070460 
7.2987413  0.1916978  0.0072480 
7.3287116  0.1897278  0.0072030 
7.3586819  0.1904985  0.0080720 
7.3886521  0.1894842  0.0061280 
7.4186323  0.1906868  0.0069640 
7.3886521  0.1882185  0.0068830 
7.4486026  0.1913080  0.0131670 
7.5085431  0.1913080  0.0059980 
7.5684836  0.2028680  0.0048660 
7.6284341  0.2105840  0.0132120 
7.6883746  0.2039280  0.0097320 
7.7483152  0.1954910  0.0048100 
7.8082656  0.1990080  0.0082550 
7.8682061  0.1995010  0.0149510 
7.9281566  0.2004560  0.0103820 
7.9880971  0.1974000  0.0104590 
8.0480377  0.1953180  0.0102160 
8.1079881  0.1939760  0.0100690 
8.1679286  0.1975830  0.0253710 
8.2278692  0.2007720  0.0276140 
8.2878196  0.2056040  0.0214320 
8.3477602  0.2028770  0.0304360 
8.4077007  0.2040430  0.0286380 
8.4676511  0.2064130  0.0292410 
8.5275917  0.2101400  0.0123910 
8.5875421  0.2135020  0.0243550 
8.6474827  0.2085860  0.0119910 
8.7074232  0.2074830  0.0118860 
8.7673736  0.2070490  0.0289800 
8.8273142  0.2078910  0.0298610 
8.8872547  0.2090960  0.0195990 
8.9472052  0.2148830  0.0117490 
9.0071457  0.2177760  0.0228900 
9.0670862  0.2191580  0.0117940 
9.1270367  0.2210180  0.0274240 
9.1869772  0.2226950  0.0289210 
9.2469277  0.2251980  0.0123180 
9.3068682  0.2299530  0.0123760 
9.3668087  0.2348460  0.0291050 
9.4267592  0.2398400  0.0262510 
9.4866997  0.2438230  0.0303590 
9.5466402  0.2447360  0.0387720 
9.6065907  0.2461990  0.0245870 
9.6665312  0.2490950  0.0128420 
9.7264718  0.2523570  0.0369420 
9.7864222  0.2504360  0.0135360 
9.8463627  0.2541990  0.0137740 
9.9063132  0.2612250  0.0258960 
9.9662537  0.2683300  0.0227910 
10.0261943  0.2632850  0.0262590 
10.0861447  0.2631000  0.0405050 
10.1460852  0.2616530  0.0247460 
10.2060258  0.2631240  0.0377010 
10.2659762  0.2665760  0.0386390 
10.3259167  0.2664550  0.0157440 
10.3858573  0.2713080  0.0430380 
10.4458077  0.2787540  0.0276130 
10.5057483  0.2836850  0.0159910 
10.5656987  0.2762340  0.0428040 
10.6256392  0.2720140  0.0222840 
10.6855798  0.2750230  0.0158940 
10.7455302  0.2764200  0.0428980 
10.8054708  0.2778210  0.0436650 
10.8654113  0.2807360  0.0159860 
10.9253617  0.2825230  0.0392840 
10.9853023  0.2847930  0.0248850 
11.0452428  0.2858030  0.0415300 
11.1051933  0.2891170  0.0364700 
11.1651338  0.3056620  0.0349570 
11.2250842  0.3107530  0.0255250 
11.2850248  0.3067810  0.0254910 
11.3449653  0.3032830  0.0261940 
11.4049158  0.3040550  0.0268720 
11.4648563  0.3035160  0.0157320 
11.5247968  0.2995300  0.0407100 
11.5847473  0.2978150  0.0156300 
11.6446878  0.2912320  0.0202420 
11.7046283  0.2911920  0.0426370 
11.7645788  0.2892290  0.0427930 
11.8245193  0.2933220  0.0164920 
11.8844698  0.2951290  0.0162550 
11.9444103  0.2942450  0.0252930 
12.0043508  0.2952080  0.0166040 
12.0643013  0.2963610  0.0459810 
12.1242418  0.2960670  0.0445510 
12.1841824  0.2952100  0.0445030 
12.2441328  0.2984150  0.0272390 
12.3040733  0.3072410  0.0303410 
12.3640139  0.3021490  0.0221540 
12.4239643  0.3024530  0.0161930 
12.4839049  0.3049190  0.0166610 
12.5438553  0.3092560  0.0381390 
12.6037958  0.3118270  0.0370240 
12.6637364  0.3117980  0.0341000 
12.7236868  0.3184300  0.0286020 
12.7836274  0.3307730  0.0324620 
12.8435679  0.3202200  0.0333270 
12.9035183  0.3089300  0.0470840 
12.9634589  0.3057760  0.0174630 
13.0233994  0.3085960  0.0453440 
13.0833499  0.3130290  0.0443670 
13.1432904  0.3146650  0.0432820 
13.2032309  0.3120240  0.0410510 
13.2631814  0.3117580  0.0172990 
13.3231219  0.3133240  0.0176340 
13.3830723  0.3142710  0.0172810 
13.4430129  0.3150630  0.0293710 
13.5029534  0.3169400  0.0260170 
13.5629039  0.3231360  0.0225230 
13.6228444  0.3185200  0.0172400 
13.6827849  0.3171240  0.0293090 
13.7427354  0.3227840  0.0320750 
13.8026759  0.3211020  0.0164730 
13.8626165  0.3253400  0.0279810 
