4.7874190  0.0067821  0.0026070 
4.8150078  0.0067856  0.0009060 
4.8425965  0.0074640  0.0010640 
4.8701852  0.0082893  0.0011820 
4.8977830  0.0075983  0.0013700 
4.9253718  0.0090292  0.0009500 
4.9529605  0.0084760  0.0011230 
4.9805492  0.0084828  0.0012370 
5.0081379  0.0067116  0.0011890 
5.0357358  0.0088710  0.0009110 
5.0633245  0.0083314  0.0012730 
5.0909132  0.0091567  0.0008930 
5.1185020  0.0086866  0.0009620 
5.1460907  0.0086763  0.0011370 
5.1736885  0.0101163  0.0012730 
5.2012773  0.0096336  0.0007120 
5.2288660  0.0099455  0.0023010 
5.2564547  0.0100776  0.0018320 
5.2840434  0.0097133  0.0014170 
5.3116413  0.0116565  0.0014060 
5.3392300  0.0106923  0.0007000 
5.3668187  0.0109040  0.0007700 
5.3944074  0.0117145  0.0020650 
5.4219962  0.0118113  0.0010430 
5.4495940  0.0128141  0.0009520 
5.4771827  0.0138819  0.0013740 
5.5047715  0.0137077  0.0011340 
5.5323602  0.0136212  0.0019530 
5.5599489  0.0130691  0.0011120 
5.5875468  0.0157294  0.0008730 
5.6151355  0.0164499  0.0015250 
5.6427242  0.0137589  0.0009780 
5.6703129  0.0127857  0.0014510 
5.6979017  0.0128517  0.0012500 
5.7254995  0.0127652  0.0014850 
5.7530882  0.0120867  0.0010370 
5.7806769  0.0105591  0.0012840 
5.8082657  0.0108573  0.0040360 
5.8358544  0.0111510  0.0037060 
5.8634522  0.0114322  0.0016580 
5.8910410  0.0105830  0.0011400 
5.9186297  0.0111499  0.0018730 
5.9462184  0.0108118  0.0010300 
5.9738071  0.0107834  0.0014390 
6.0014050  0.0119752  0.0010970 
6.0289937  0.0109575  0.0013040 
6.0565824  0.0130498  0.0020660 
6.0841712  0.0131033  0.0009720 
6.1117599  0.0136906  0.0010760 
6.1393577  0.0139604  0.0015760 
6.1669464  0.0127424  0.0011100 
6.1945352  0.0141949  0.0014800 
6.2221239  0.0169906  0.0013240 
6.2497126  0.0165023  0.0012950 
6.2773105  0.0173014  0.0014660 
6.3048992  0.0173595  0.0015790 
6.3324879  0.0166400  0.0019270 
6.3600766  0.0155313  0.0015660 
6.3876654  0.0179855  0.0022670 
6.4152632  0.0186708  0.0015030 
6.4428519  0.0182257  0.0012980 
6.4704407  0.0177966  0.0021020 
6.4980294  0.0181722  0.0011860 
6.5256181  0.0192366  0.0022780 
6.5532159  0.0196805  0.0019080 
6.5808047  0.0196429  0.0013470 
6.6083934  0.0193106  0.0032180 
6.6359821  0.0198695  0.0030600 
6.6635708  0.0208780  0.0017590 
6.6911687  0.0189702  0.0019630 
6.7187574  0.0195507  0.0018600 
6.7463461  0.0201131  0.0022910 
6.7739349  0.0200448  0.0052170 
6.8015236  0.0199457  0.0041780 
6.8291214  0.0205957  0.0018950 
6.8015236  0.0195883  0.0015570 
6.8567102  0.0201723  0.0013420 
6.9118876  0.0216885  0.0015480 
6.9670650  0.0232742  0.0010220 
7.0222516  0.0241211  0.0012780 
7.0774291  0.0243807  0.0009980 
7.1326065  0.0241462  0.0017650 
7.1877931  0.0235759  0.0011660 
7.2429705  0.0272629  0.0011530 
7.2981571  0.0292049  0.0010760 
7.3533345  0.0283693  0.0007410 
7.4085120  0.0295418  0.0012420 
7.4636986  0.0324377  0.0007930 
7.5188760  0.0333620  0.0008770 
7.5740535  0.0372881  0.0013680 
7.6292400  0.0499907  0.0009970 
7.6844175  0.0497004  0.0009880 
7.7395949  0.0383024  0.0058380 
7.7947815  0.0387201  0.0031620 
7.8499589  0.0401203  0.0008610 
7.9051455  0.0406667  0.0010420 
7.9603230  0.0412381  0.0015490 
8.0155004  0.0391425  0.0009000 
8.0706870  0.0389524  0.0011010 
8.1258644  0.0379381  0.0007480 
8.1810419  0.0369546  0.0009160 
8.2362284  0.0380132  0.0010610 
8.2914059  0.0368715  0.0010630 
8.3465833  0.0365960  0.0012050 
8.4017699  0.0358117  0.0011430 
8.4569474  0.0352027  0.0022040 
8.5121339  0.0344412  0.0009920 
8.5673114  0.0347189  0.0010850 
8.6224888  0.0344651  0.0008250 
8.6776754  0.0338697  0.0010270 
8.7328528  0.0322317  0.0012210 
8.7880303  0.0308315  0.0008070 
8.8432169  0.0296010  0.0010080 
8.8983943  0.0308919  0.0008230 
8.9535718  0.0335032  0.0007790 
9.0087583  0.0320689  0.0009910 
9.0639358  0.0285925  0.0013880 
9.1191223  0.0275224  0.0039130 
9.1742998  0.0269180  0.0009660 
9.2294772  0.0268258  0.0006550 
9.2846638  0.0259550  0.0010520 
9.3398413  0.0261747  0.0007760 
9.3950187  0.0260346  0.0006660 
9.4502053  0.0267256  0.0011700 
9.5053827  0.0272982  0.0008100 
9.5605602  0.0273096  0.0012340 
9.6157467  0.0279277  0.0009550 
9.6709242  0.0289431  0.0009130 
9.7261108  0.0275167  0.0011290 
9.7812882  0.0285629  0.0021580 
9.8364657  0.0281508  0.0009440 
9.8916522  0.0304866  0.0011740 
9.9468297  0.0307006  0.0030480 
10.0020071  0.0315054  0.0012810 
10.0571937  0.0325094  0.0042190 
10.1123711  0.0332562  0.0014950 
10.1675486  0.0344480  0.0011430 
10.2227352  0.0359882  0.0014430 
10.2779126  0.0355010  0.0013780 
10.3330992  0.0382557  0.0012590 
10.3882766  0.0385016  0.0016400 
10.4434541  0.0494193  0.0011510 
10.4986406  0.0717748  0.0014050 
10.5538181  0.0589789  0.0041160 
10.6089955  0.0461113  0.0013850 
10.6641821  0.0442422  0.0038170 
10.7193595  0.0463412  0.0037240 
10.7745370  0.0476617  0.0014300 
10.8297236  0.0451619  0.0016310 
10.8849010  0.0459235  0.0017190 
10.9400876  0.0476480  0.0009400 
10.9952650  0.0507158  0.0022040 
11.0504425  0.0506646  0.0014550 
11.1056290  0.0525531  0.0010440 
11.1608065  0.0585964  0.0015730 
11.2159839  0.0642812  0.0014800 
11.2711705  0.0674412  0.0013490 
11.3263480  0.0675255  0.0011300 
11.3815254  0.0682916  0.0012590 
11.4367120  0.0708972  0.0017130 
11.4918894  0.0707128  0.0014590 
11.5470760  0.0708323  0.0015560 
11.6022534  0.0739752  0.0050310 
11.6574309  0.0756838  0.0009950 
11.7126175  0.0786936  0.0013530 
11.7677949  0.0810101  0.0012980 
11.8229724  0.0822008  0.0010410 
11.8781589  0.0842361  0.0048990 
11.9333364  0.0859493  0.0014260 
11.9885138  0.0877933  0.0032590 
12.0437004  0.0914132  0.0013870 
12.0988778  0.0932755  0.0054760 
12.1540553  0.0947861  0.0013470 
12.2092419  0.0983331  0.0015940 
12.2644193  0.1005062  0.0018860 
12.3196059  0.1031300  0.0063140 
12.3747833  0.1056582  0.0013650 
12.4299608  0.1092246  0.0015810 
12.4851473  0.1091654  0.0051360 
12.5403248  0.1097004  0.0015060 
12.5955022  0.1147398  0.0048950 
12.6506888  0.1181980  0.0024270 
12.7058663  0.1215356  0.0021700 
12.7610437  0.1237280  0.0050520 
12.8358270  0.1237280  0.0022080 
12.9130827  0.1196140  0.0025200 
12.9903385  0.1223700  0.0030680 
13.0675851  0.1246110  0.0038910 
13.1448408  0.1259200  0.0018910 
13.2220965  0.1269250  0.0017240 
13.2993431  0.1277080  0.0018370 
13.3765989  0.1270810  0.0020890 
13.4538546  0.1242130  0.0030080 
13.5311103  0.1276380  0.0059850 
13.6083569  0.1296350  0.0039400 
13.6856126  0.1326500  0.0038000 
13.7628684  0.1332630  0.0092160 
13.8401150  0.1372550  0.0029330 
13.9173707  0.1391750  0.0016640 
13.9946264  0.1407310  0.0048800 
14.0718730  0.1407670  0.0043210 
14.1491287  0.1448010  0.0046350 
14.2263845  0.1590660  0.0017520 
14.3036311  0.2006330  0.0046250 
14.3808868  0.2000680  0.0071380 
14.4581425  0.1628210  0.0022910 
14.5353891  0.1550660  0.0018570 
14.6126448  0.1550110  0.0040600 
14.6899015  0.1606310  0.0024610 
14.7671554  0.1629070  0.0053460 
14.8444029  0.1669540  0.0025600 
14.9216595  0.1644920  0.0039700 
14.9989143  0.1639270  0.0053570 
15.0761618  0.1639300  0.0033930 
15.1534157  0.1656350  0.0017170 
15.2306724  0.1683970  0.0016230 
15.3079199  0.1689820  0.0067940 
15.3851738  0.1724640  0.0084920 
15.4624304  0.1819880  0.0079170 
15.5396761  0.2606600  0.0041060 
15.6169328  0.2298160  0.0027040 
15.6941885  0.1788180  0.0025150 
15.7714342  0.1793050  0.0021030 
15.8486908  0.1760150  0.0026890 
15.9259465  0.1747430  0.0038150 
16.0032014  0.1756490  0.0044600 
16.0804489  0.1773600  0.0025780 
16.1577055  0.1804060  0.0032260 
16.2349594  0.1809510  0.0113790 
16.3122069  0.1809520  0.0079660 
16.3894636  0.1807610  0.0022310 
16.4667184  0.1803580  0.0048500 
16.5439659  0.1835230  0.0038000 
16.6212198  0.1866880  0.0040480 
16.6984764  0.1894360  0.0026180 
16.7757239  0.1934960  0.0052540 
16.8529778  0.1953420  0.0028090 
16.9302345  0.1974110  0.0122600 
17.0074802  0.2002390  0.0039370 
17.0847368  0.2039440  0.0028430 
17.1619925  0.2049300  0.0021940 
17.2392492  0.2066310  0.0029310 
17.3164948  0.2054470  0.0032200 
17.3937506  0.2031760  0.0037110 
17.4710054  0.2016280  0.0043090 
17.5482529  0.2025730  0.0038130 
17.6255095  0.2054670  0.0103370 
17.7027634  0.2065490  0.0053120 
17.7800109  0.2074100  0.0037340 
17.8572676  0.2062790  0.0155470 
17.9345224  0.2154020  0.0031090 
18.0117699  0.2103060  0.0029550 
18.0890238  0.2054100  0.0052490 
18.1662804  0.2105420  0.0076320 
18.2435280  0.2164250  0.0035420 
18.3207819  0.2135920  0.0109170 
18.3980385  0.2113300  0.0047100 
18.4752951  0.2127080  0.0079050 
18.5525408  0.2156870  0.0038380 
18.6297966  0.2297120  0.0044380 
18.7070532  0.2635840  0.0055770 
18.7842989  0.2611990  0.0066530 
18.9388094  0.2409080  0.0044480 
19.0933136  0.2379680  0.0050610 
19.2478150  0.2414760  0.0088550 
19.4023264  0.2515550  0.0083230 
19.5568278  0.2674640  0.0145440 
19.7113402  0.2505040  0.0038940 
19.8658425  0.2575590  0.0032740 
20.0203449  0.2665040  0.0033750 
20.1748572  0.2676200  0.0029790 
20.3293586  0.2695440  0.0024610 
20.4838610  0.2786940  0.0027110 
20.6383715  0.2785640  0.0200650 
20.7928757  0.2805100  0.0159530 
20.9473862  0.2857110  0.0147320 
21.1018885  0.2909390  0.0098960 
21.2563899  0.2954820  0.0027390 
21.4109032  0.3014550  0.0034870 
21.5654046  0.3041310  0.0041760 
21.7199069  0.3015160  0.0028530 
21.8744175  0.3074680  0.0028050 
22.0289216  0.3109490  0.0049110 
22.1834322  0.3164510  0.0045920 
22.3379345  0.3138980  0.0045580 
22.4924359  0.3173210  0.0140620 
22.6469483  0.3199810  0.0035650 
22.8014506  0.3216410  0.0086300 
22.9559529  0.3245980  0.0038150 
23.1104653  0.3246980  0.0035800 
23.2649676  0.3268590  0.0034840 
23.4194781  0.3331650  0.0024540 
23.5739796  0.3359630  0.0052020 
23.7284819  0.3527990  0.0038320 
23.8829943  0.3511940  0.0258440 
24.0374966  0.3588780  0.0115030 
24.1919989  0.4005280  0.0079130 
24.3465113  0.4503650  0.0032140 
24.5010127  0.3811010  0.0123480 
24.6555241  0.3700230  0.0064100 
24.8100255  0.3799790  0.0056760 
24.9645297  0.3829110  0.0048080 
25.1190402  0.3784730  0.0085250 
25.2735426  0.3756300  0.0090650 
25.4280440  0.3831590  0.0083360 
25.5825563  0.4074900  0.0284580 
25.7370587  0.5835950  0.0046930 
25.8915692  0.8943430  0.0099630 
26.0460734  0.5355330  0.0126550 
26.2005757  0.4231880  0.0547220 
26.3550862  0.4053300  0.0065170 
26.5095876  0.4031850  0.0043480 
26.6640900  0.4090660  0.0075450 
26.8186023  0.4261340  0.0045190 
26.9731046  0.4246110  0.0078270 
27.1276152  0.4243340  0.0051670 
27.2821193  0.4305180  0.0025240 
27.4366207  0.4388670  0.0087520 
27.5911322  0.4439840  0.0069410 
27.7456336  0.4506810  0.0080710 
27.9001378  0.4492800  0.0067480 
28.0546483  0.4564760  0.0078390 
28.2091506  0.4610810  0.0070930 
28.3636630  0.4682390  0.0154210 
28.5181644  0.4615420  0.0070720 
28.6726667  0.4762480  0.0089200 
28.8271773  0.4786840  0.0114650 
28.9816814  0.4818930  0.0112180 
29.1361837  0.4798350  0.0076450 
29.2906943  0.4849360  0.0091970 
29.4451957  0.4987460  0.0061050 
29.5997090  0.4979240  0.0159650 
29.7542104  0.5001120  0.0388860 
29.9087127  0.5035410  0.0048170 
30.0632251  0.5062070  0.0051220 
30.2177274  0.5066230  0.0137970 
30.3722288  0.5172180  0.0179990 
30.5267412  0.5247820  0.0133030 
30.6812435  0.5142290  0.0144520 
30.8357522  0.5253490  0.0425670 
30.9902545  0.5458010  0.0094050 
31.1447605  0.5340940  0.0132930 
31.2992692  0.5340810  0.0108720 
31.4537716  0.5243720  0.0215890 
31.6082730  0.5389730  0.0073310 
31.7627853  0.5549220  0.0130950 
31.9172877  0.5564860  0.0072730 
32.0718000  0.5491410  0.0083760 
32.2263023  0.5402890  0.0186910 
32.3808038  0.5818380  0.0231910 
32.5353170  0.5909390  0.0181710 
32.6898184  0.5531110  0.0166550 
32.8443208  0.5711390  0.0250430 
32.9988331  0.5793210  0.0211470 
33.1533355  0.5965610  0.0157550 
33.3078478  0.5846580  0.0400780 
33.4623502  0.6174220  0.0138660 
33.6168516  0.6395200  0.0217880 
33.7713603  0.6062100  0.0281940 
33.9258626  0.6186610  0.0156370 
34.0803686  0.5930780  0.0278290 
