14.0124734  0.6544510  0.0119070 
14.0968110  0.6763160  0.0157130 
14.1811487  0.6961190  0.0149930 
14.2654764  0.8435270  0.0194800 
14.3498141  0.8687710  0.0189580 
14.4341518  0.7391540  0.0058730 
14.5184795  0.7021150  0.0090590 
14.6028172  0.7152510  0.0114080 
14.6871548  0.7162780  0.0130020 
14.7714925  0.7218620  0.0069210 
14.8558202  0.7238290  0.0110010 
14.9401579  0.7235350  0.0085350 
15.0244956  0.7138250  0.0129090 
15.1088233  0.7320180  0.0053360 
15.1931610  0.7394540  0.0096450 
15.2774986  0.7339910  0.0158700 
15.3618263  0.7269200  0.0118460 
15.4461640  0.8011710  0.0138930 
15.5305017  0.9939490  0.0073770 
15.6148294  0.9273050  0.0130860 
15.6991671  0.7586740  0.0049420 
15.7835048  0.7718760  0.0108690 
15.8678325  0.7799460  0.0171830 
15.9521701  0.7749360  0.0144920 
16.0365088  0.7707500  0.0083300 
16.1208445  0.7778330  0.0105390 
16.2051732  0.7866900  0.0113050 
16.2895119  0.7802120  0.0092200 
16.3738485  0.7990710  0.0107620 
16.4581773  0.8054560  0.0087650 
16.5425129  0.8039170  0.0136340 
16.6268516  0.8020870  0.0090070 
16.7111803  0.8090610  0.0067720 
16.7955160  0.8141880  0.0103980 
16.8798547  0.8158720  0.0113800 
16.9641814  0.8591710  0.0172870 
17.0485201  0.9064840  0.0120090 
17.1328577  0.8385030  0.0089010 
17.2171844  0.8467190  0.0121220 
17.3015231  0.8377250  0.0109200 
17.3858608  0.8361730  0.0087740 
17.4701975  0.8318360  0.0083460 
17.5545262  0.8324070  0.0124810 
17.6388648  0.8395970  0.0116780 
17.7232005  0.8366820  0.0160880 
17.8075292  0.8512000  0.0098600 
17.8918679  0.8622510  0.0149410 
17.9762046  0.8507070  0.0212790 
18.0605333  0.8516960  0.0096420 
18.1448690  0.8502520  0.0134640 
18.2292076  0.8523030  0.0097910 
18.3135364  0.8553100  0.0154070 
18.3978720  0.8551590  0.0134220 
18.4822107  0.8664400  0.0130530 
18.5665374  0.8675560  0.0086240 
18.6508761  0.9642590  0.0122160 
18.7352138  0.9980750  0.0194260 
18.8195524  0.8832710  0.0110470 
18.9038792  0.8578690  0.0132640 
18.9882168  0.8779570  0.0093390 
19.0725535  0.8862850  0.0097010 
19.1568822  0.8762940  0.0168750 
19.2412209  0.8705350  0.0091760 
19.3255566  0.8644860  0.0126390 
19.4098853  0.8703900  0.0124240 
19.4942239  0.9129840  0.0127350 
19.5785606  0.9168530  0.0123620 
19.6628893  0.9133500  0.0158840 
19.7472250  0.9049460  0.0108910 
19.8315637  0.9028470  0.0204060 
19.9158924  0.9178410  0.0155300 
20.0002281  0.9356040  0.0136170 
20.0845667  0.9474230  0.0171730 
20.1689054  0.9486540  0.0131520 
20.2532321  0.9520550  0.0192470 
20.3375698  0.9811070  0.0259840 
20.4219085  0.9626300  0.0187990 
20.5062352  0.9604440  0.0079050 
20.6749095  0.9760260  0.0112300 
20.8435769  0.9889640  0.0121270 
21.0122413  1.0101140  0.0466420 
21.1809167  1.0377010  0.0216350 
21.3495811  1.0318660  0.0153560 
21.5182574  1.0371560  0.0126370 
21.6869228  1.0743190  0.0173630 
21.8555882  1.0845780  0.0130410 
22.0242645  1.0920720  0.0326850 
22.1929289  1.0989470  0.0402300 
22.3615943  1.1260650  0.0487710 
22.5302686  1.1317260  0.0473630 
22.6989360  1.1429960  0.0108080 
22.8676104  1.1802790  0.0111370 
23.0362758  1.1862870  0.0108660 
23.2049401  1.1910510  0.0165100 
23.3736175  1.1884690  0.0118480 
23.5422819  1.2156950  0.0103020 
23.7109473  1.2238340  0.0130520 
23.8796216  1.2496640  0.0510520 
24.0482890  1.2648560  0.0792780 
24.2169633  1.3641650  0.0127500 
24.3856287  1.3777000  0.0216840 
24.5542931  1.3327760  0.0078400 
24.7229695  1.3282430  0.0174850 
24.8916349  1.3342990  0.0104790 
25.0603002  1.3300360  0.0119090 
25.2289766  1.3392130  0.0274420 
25.3976420  1.3824640  0.0200120 
25.5663163  1.3901920  0.0500670 
25.7349807  1.6876270  0.0129700 
25.9036461  2.1304550  0.0727570 
26.0723224  1.5638830  0.0122170 
26.2409878  1.4422090  0.0426510 
26.4096532  1.4468580  0.0175530 
26.5783296  1.4656770  0.0186970 
26.7469940  1.5026000  0.0170980 
26.9156693  1.5155460  0.0180730 
27.0843337  1.5127570  0.0258140 
27.2530011  1.5462020  0.0121970 
27.4216754  1.5846500  0.0307250 
27.5903408  1.5858900  0.0457980 
27.7590052  1.6037860  0.0154110 
27.9276815  1.5915760  0.0164100 
28.0963469  1.6215310  0.0189530 
28.2650213  1.6658490  0.0193310 
28.4336887  1.6815620  0.0107720 
28.6023540  1.6987790  0.0149370 
28.7710284  1.7068820  0.0155770 
28.9396928  1.7270830  0.0148830 
29.1083582  1.7247330  0.0203610 
29.2770345  1.7459210  0.0119470 
29.4456999  1.7630880  0.0242330 
29.6143743  1.7674450  0.0186140 
29.7830416  1.7909240  0.0270940 
29.9517060  1.8134890  0.0148760 
30.1203814  1.8122560  0.0147580 
30.2890458  1.8169480  0.0237640 
30.4577131  1.8476470  0.1089330 
30.6263875  1.9068670  0.0180810 
30.7950529  1.9100550  0.0901440 
30.9637292  1.9346150  0.0241800 
31.1323936  1.9229060  0.0385930 
31.3010590  1.9449600  0.0280050 
31.4697334  1.9920200  0.0425740 
31.6384007  1.9886220  0.0406100 
31.8070661  1.9803880  0.0312230 
31.9757405  1.9923460  0.0223470 
32.1444049  2.0105190  0.0243420 
32.3130822  2.0687990  0.0404610 
32.4817466  2.1243170  0.0489050 
32.6504120  2.1651600  0.0258420 
32.8190883  2.2100770  0.0429750 
32.9877537  2.1758150  0.0407230 
33.1564181  2.2451160  0.0332680 
33.3250944  2.4127990  0.0337700 
33.4937598  2.2854780  0.0273510 
33.6624322  2.2723380  0.1564900 
33.8310976  2.3364520  0.0824400 
33.9997669  2.2560220  0.0418910 
34.1684393  2.3525970  0.0572860 
34.3371047  2.3439660  0.0829190 
34.5057691  2.3838170  0.0460590 
34.6744454  2.6056340  0.0419980 
34.8431108  2.5918800  0.0439870 
35.0117872  2.3217430  0.0843410 
35.1804525  2.3225540  0.0498650 
35.3491169  2.5118340  0.0691340 
35.5177943  2.4772290  0.0727420 
35.6864587  2.3088050  0.0862170 
35.8551241  2.4087260  0.0397180 
36.0238004  2.4049850  0.0918950 
36.1924658  2.4050640  0.0376210 
36.3611421  2.3289660  0.1065950 
36.5298075  2.4924080  0.0833690 
36.6984719  2.4802820  0.0493130 
36.8671443  2.4861290  0.0763230 
37.0358096  2.6869250  0.1036830 
37.2044790  2.4139360  0.3882350 
