13.9834914  0.5062980  0.0062340 
14.0676546  0.5130160  0.0113270 
14.1518178  0.5177090  0.0075720 
14.2359711  0.5194040  0.0090900 
14.3201344  0.5436790  0.0064410 
14.4042976  0.5335820  0.0056560 
14.4884509  0.5214050  0.0044890 
14.5726141  0.5241830  0.0067420 
14.6567774  0.5229700  0.0063650 
14.7409406  0.5267070  0.0064090 
14.8250939  0.5315210  0.0062070 
14.9092572  0.5384780  0.0070370 
14.9934204  0.5460100  0.0045750 
15.0775737  0.5455670  0.0070620 
15.1617369  0.5543830  0.0071540 
15.2459002  0.5565710  0.0081780 
15.3300535  0.5570630  0.0059770 
15.4142167  0.5682940  0.0041070 
15.4983799  0.6486810  0.0066290 
15.5825332  0.6824470  0.0105770 
15.6666965  0.6040820  0.0101470 
15.7508597  0.5939810  0.0042940 
15.8350130  0.6024450  0.0046330 
15.9191763  0.6080010  0.0077690 
16.0033405  0.6088420  0.0079820 
16.0875017  0.6193580  0.0088740 
16.1716560  0.6247570  0.0061410 
16.2558203  0.6368960  0.0073260 
16.3399825  0.6856910  0.0118920 
16.4241368  0.7312630  0.0114350 
16.5082980  0.7248360  0.0068440 
16.5924623  0.6997220  0.0065200 
16.6766166  0.7009020  0.0060060 
16.7607778  0.7144900  0.0132580 
16.8449421  0.7251550  0.0079230 
16.9290944  0.7279580  0.0174500 
17.0132586  0.8130510  0.0103510 
17.0974218  0.7874940  0.0134250 
17.1815741  0.7446610  0.0073440 
17.2657384  0.7581410  0.0134510 
17.3499016  0.7661380  0.0104860 
17.4340638  0.7656970  0.0123400 
17.5182181  0.7366170  0.0129990 
17.6023824  0.7349280  0.0113930 
17.6865436  0.7580190  0.0402770 
17.7706979  0.7512910  0.0135870 
17.8548621  0.7505670  0.0129540 
17.9390244  0.7601050  0.0200230 
18.0231787  0.7437010  0.0132990 
18.1073399  0.7468580  0.0130360 
18.1915042  0.7465280  0.0077120 
18.2756585  0.7523590  0.0116190 
18.3598197  0.7701610  0.0100150 
18.4439839  0.7762450  0.0094840 
18.5281362  0.7782570  0.0188230 
18.6123005  0.8019070  0.0210430 
18.6964637  0.9270320  0.0195470 
18.7806279  0.8768210  0.0116910 
18.8647802  0.8076940  0.0216060 
18.9489435  0.7930110  0.0450990 
19.0331057  0.7904550  0.0214520 
19.1172600  0.7908400  0.0147460 
19.2014243  0.7877100  0.0115320 
19.2855855  0.7808560  0.0123670 
19.3697398  0.7905290  0.0088060 
19.4539040  0.7984740  0.0088360 
19.5380663  0.8164800  0.0136630 
19.6222206  0.8129030  0.0190740 
19.7063818  0.8300390  0.0115330 
19.7905460  0.8347790  0.0090190 
19.8747003  0.8521680  0.0095560 
19.9588616  0.8604240  0.0320300 
20.0430258  0.8626740  0.0256920 
20.1271901  0.8773090  0.0147740 
20.2113424  0.8776320  0.0102280 
20.2955056  0.8919050  0.0137230 
20.3796698  0.8880830  0.0146200 
20.4638221  0.8788970  0.0119890 
20.6321476  0.8925060  0.0128760 
20.8004661  0.9082620  0.0096060 
20.9687817  0.9187480  0.0175270 
21.1371082  0.9444000  0.0115490 
21.3054237  0.9493820  0.0172560 
21.4737512  0.9512610  0.0126990 
21.6420677  0.9707540  0.0200130 
21.8103842  0.9918380  0.0091600 
21.9787117  1.0060980  0.0210950 
22.1470273  1.0165440  0.0145560 
22.3153438  1.0287010  0.0081290 
22.4836693  1.0460390  0.0201900 
22.6519878  1.0629860  0.0082590 
22.8203133  1.0876820  0.0110130 
22.9886298  1.1072250  0.0109870 
23.1569454  1.1129980  0.0231500 
23.3252738  1.1241430  0.0529290 
23.4935894  1.1470920  0.0126820 
23.6619059  1.1572020  0.0099820 
23.8302314  1.1720610  0.0196130 
23.9985499  1.1739450  0.0108090 
24.1668754  1.1835890  0.0088640 
24.3351919  1.1934210  0.0079850 
24.5035075  1.2166750  0.0125760 
24.6718349  1.2259500  0.0171250 
24.8401515  1.2268370  0.0123740 
25.0084680  1.2273600  0.0167240 
25.1767955  1.2631520  0.0120180 
25.3451120  1.2903420  0.0133520 
25.5134375  1.2900190  0.0156480 
25.6817530  1.2840370  0.0129150 
25.8500696  1.4499060  0.0239740 
26.0183970  1.4215600  0.0112590 
26.1867136  1.3899710  0.0162440 
26.3550301  1.3615210  0.0135950 
26.5233576  1.3660050  0.0138960 
26.6916731  1.3866560  0.0192720 
26.8599996  1.4115050  0.0131330 
27.0283151  1.4330350  0.0355410 
27.1966337  1.4325740  0.0152410 
27.3649592  1.4783540  0.0152250 
27.5332757  1.5024810  0.0200600 
27.7015912  1.5173230  0.0151660 
27.8699187  1.5067890  0.0181690 
28.0382352  1.5222270  0.0283050 
28.2065607  1.5410850  0.0197020 
28.3748792  1.5598670  0.0137870 
28.5431958  1.5885170  0.0139270 
28.7115213  1.6193890  0.0151050 
28.8798368  1.6306090  0.0113250 
29.0481533  1.6126830  0.0114260 
29.2164808  1.6434100  0.0160890 
29.3847973  1.6675720  0.0191040 
29.5531228  1.6788680  0.0124390 
29.7214414  1.7113160  0.0133740 
29.8897569  1.7212310  0.0379830 
30.0580834  1.7225620  0.0481230 
30.2263989  1.7427730  0.0909250 
30.3947174  1.7616770  0.0972340 
30.5630429  1.8217450  0.0248350 
30.7313595  1.8287520  0.0306300 
30.8996869  1.8535350  0.0134730 
31.0680025  1.8652140  0.0331000 
31.2363190  1.8642030  0.0372900 
31.4046445  1.9126900  0.0147270 
31.5729630  1.9349170  0.1203380 
31.7412795  1.9491350  0.0200860 
31.9096050  1.9638760  0.0269980 
32.0779206  1.9987800  0.0190570 
32.2462490  2.0578410  0.0301860 
32.4145646  2.1074650  0.1670020 
32.5828811  2.1515180  0.0469570 
32.7512086  2.2046720  0.0191790 
32.9195251  2.2132800  0.0279510 
33.0878407  2.2341180  0.0258210 
33.2561681  2.2810130  0.0482700 
33.4244847  2.3552170  0.0301210 
33.5928082  2.3162580  0.2992550 
33.7611247  2.3194770  0.0463940 
33.9294452  2.3140400  0.0349560 
34.0977687  2.3941180  0.0379780 
34.2660852  2.3926250  0.1981360 
34.4344008  2.3492950  0.0665670 
34.6027282  2.6164770  0.0626830 
34.7710448  2.9335740  0.0995600 
34.9393723  2.6702020  0.0554940 
35.1076888  2.2930920  0.0499670 
35.2760043  2.5171020  0.0585350 
35.4443328  2.5632750  0.0610970 
35.6126483  2.4897480  0.0688520 
35.7809649  2.5276620  0.1748330 
35.9492923  2.5064040  0.1675930 
36.1176089  2.5148510  0.0568210 
36.2859364  2.5048750  0.2337620 
36.4542529  2.4709350  0.1284530 
36.6225684  2.4900420  0.0819020 
36.7908919  2.5404660  0.1148590 
36.9592085  2.7838690  0.0863400 
37.1275290  2.5389290  0.2594990 
