14.0026972  0.1490010  0.0084680 
14.0869760  0.1562780  0.0280650 
14.1712548  0.1581760  0.0065760 
14.2555237  0.1972230  0.0068570 
14.3398025  0.2389600  0.0067550 
14.4240814  0.1964900  0.0022400 
14.5083503  0.1637480  0.0019450 
14.5926291  0.1667870  0.0025560 
14.6769079  0.1700450  0.0040120 
14.7611868  0.1703670  0.0040810 
14.8454556  0.1705180  0.0028860 
14.9297345  0.1688770  0.0025480 
15.0140133  0.1721570  0.0023110 
15.0982822  0.1735210  0.0047140 
15.1825610  0.1740410  0.0048930 
15.2668398  0.1734030  0.0025410 
15.3511087  0.1734790  0.0018720 
15.4353876  0.1983210  0.0025880 
15.5196664  0.2652980  0.0051500 
15.6039353  0.2796250  0.0021570 
15.6882141  0.1998940  0.0021810 
15.7724929  0.1861700  0.0026040 
15.8567618  0.1926420  0.0152370 
15.9410406  0.1891820  0.0028850 
16.0253205  0.1935590  0.0037090 
16.1095973  0.1936430  0.0037470 
16.1938672  0.1951150  0.0051650 
16.2781470  0.1931440  0.0038270 
16.3624249  0.1980190  0.0028930 
16.4466947  0.2034850  0.0028300 
16.5309716  0.2088730  0.0040140 
16.6152514  0.2114860  0.0036600 
16.6995213  0.2103040  0.0023470 
16.7837981  0.2102000  0.0047310 
16.8680779  0.2106400  0.0028640 
16.9523458  0.2171390  0.0034760 
17.0366257  0.2291000  0.0037270 
17.1209045  0.2261030  0.0034390 
17.2051724  0.2196810  0.0075760 
17.2894522  0.2200200  0.0033130 
17.3737310  0.2223540  0.0033340 
17.4580089  0.2211240  0.0029520 
17.5422788  0.2190940  0.0027140 
17.6265586  0.2183790  0.0033800 
17.7108354  0.2184800  0.0050230 
17.7951053  0.2188900  0.0070190 
17.8793851  0.2193600  0.0037370 
17.9636630  0.2157300  0.0036360 
18.0479328  0.2159520  0.0035120 
18.1322097  0.2145850  0.0048670 
18.2164895  0.2179570  0.0030000 
18.3007594  0.2178090  0.0118870 
18.3850362  0.2167230  0.0069210 
18.4693161  0.2183650  0.0026500 
18.5535839  0.2212460  0.0055260 
18.6378638  0.2545430  0.0035870 
18.7221426  0.2900160  0.0048120 
18.8064224  0.2561340  0.0048990 
18.8906903  0.2287440  0.0028140 
18.9749691  0.2258550  0.0026560 
19.0592470  0.2243020  0.0047750 
19.1435169  0.2246580  0.0039200 
19.2277967  0.2266220  0.0089330 
19.3120735  0.2295010  0.0067210 
19.3963434  0.2256430  0.0043210 
19.4806232  0.2297920  0.0053780 
19.5649011  0.2374420  0.0040980 
19.6491709  0.2326350  0.0057120 
19.7334478  0.2268030  0.0040530 
19.8177276  0.2260430  0.0031620 
19.9019975  0.2314310  0.0057030 
19.9862743  0.2367000  0.0058060 
20.0705542  0.2315210  0.0044550 
20.1548340  0.2342930  0.0034170 
20.2391019  0.2391110  0.0080090 
20.3233807  0.2501680  0.0056620 
20.4919284  0.2370090  0.0063920 
20.6604851  0.2351260  0.0037850 
20.8290348  0.2421580  0.0084300 
20.9975815  0.2522500  0.0054200 
21.1661392  0.2570950  0.0063070 
21.3346859  0.2590070  0.0046500 
21.5032446  0.2610160  0.0028200 
21.6717923  0.2675140  0.0029970 
21.8403400  0.2651830  0.0038490 
22.0088986  0.2659890  0.0068340 
22.1774454  0.2698290  0.0043290 
22.3459931  0.2769470  0.0034660 
22.5145497  0.2821040  0.0060410 
22.6830994  0.2837820  0.0049900 
22.8516561  0.2947110  0.0028650 
23.0202038  0.2902420  0.0053690 
23.1887505  0.2954470  0.0038820 
23.3573102  0.2942120  0.0031980 
23.5258569  0.3002970  0.0048820 
23.6944046  0.3046940  0.0062210 
23.8629613  0.3118050  0.0068380 
24.0315110  0.3164770  0.0032080 
24.2000677  0.3488270  0.0049820 
24.3686154  0.3663100  0.0060610 
24.5371621  0.3387980  0.0028840 
24.7057208  0.3206070  0.0071550 
24.8742685  0.3244830  0.0025940 
25.0428162  0.3220730  0.0076910 
25.2113749  0.3274170  0.0023820 
25.3799226  0.3380390  0.0336160 
25.5484792  0.3271630  0.0041250 
25.7170260  0.4083690  0.0034440 
25.8855737  0.6285940  0.0039210 
26.0541323  0.4472330  0.0099210 
26.2226800  0.3514370  0.0146800 
26.3912278  0.3371610  0.0054640 
26.5597864  0.3405680  0.0054210 
26.7283331  0.3467090  0.0058510 
26.8968908  0.3510850  0.0061220 
27.0654375  0.3540530  0.0082660 
27.2339872  0.3609710  0.0049960 
27.4025439  0.3685760  0.0030100 
27.5710916  0.3707550  0.0042280 
27.7396383  0.3770640  0.0061140 
27.9081970  0.3727430  0.0054850 
28.0767447  0.3753900  0.0134210 
28.2453014  0.3792640  0.0048650 
28.4138511  0.3827440  0.0058790 
28.5823988  0.3873740  0.0025810 
28.7509555  0.3883470  0.0044630 
28.9195022  0.3925170  0.0168800 
29.0880499  0.3960170  0.0252390 
29.2566085  0.4029300  0.0050730 
29.4251563  0.4046340  0.0084260 
29.5937129  0.4085600  0.0162100 
29.7622626  0.4095640  0.0040460 
29.9308093  0.4122300  0.0048590 
30.0993670  0.4177830  0.0051580 
30.2679137  0.4186550  0.0047550 
30.4364634  0.4205630  0.0066950 
30.6050201  0.4272270  0.0066220 
30.7735678  0.4361730  0.0051320 
30.9421265  0.4378500  0.0080380 
31.1106732  0.4338420  0.0060900 
31.2792209  0.4379680  0.0078730 
31.4477776  0.4442160  0.0088900 
31.6163273  0.4524020  0.0097450 
31.7848750  0.4534170  0.0077500 
31.9534317  0.4567060  0.0105140 
32.1219784  0.4685900  0.0115230 
32.2905380  0.4722700  0.0256540 
32.4590848  0.4824970  0.0099810 
32.6276325  0.4824780  0.0044620 
32.7961911  0.4792450  0.0098720 
32.9647388  0.4854910  0.0129060 
33.1332856  0.5118860  0.0200390 
33.3018442  0.5897920  0.0185270 
33.4703919  0.7030150  0.0230910 
33.6389466  0.5133640  0.0571400 
33.8074943  0.5467440  0.0278670 
33.9760460  0.5097690  0.0230880 
34.1446007  0.5083400  0.0073060 
34.3131484  0.4971200  0.0284410 
34.4816951  0.5294860  0.0302120 
34.6502538  0.6538410  0.0381150 
34.8188015  0.7098590  0.0091570 
34.9873602  0.6089190  0.0330020 
35.1559079  0.5049890  0.0148330 
35.3244546  0.5483920  0.0215420 
35.4930143  0.5502010  0.0159430 
35.6615610  0.5090280  0.0429440 
35.8301087  0.5645410  0.0456740 
35.9986673  0.5461800  0.0176610 
36.1672151  0.5342600  0.0241400 
36.3357737  0.5363170  0.0193990 
36.5043214  0.5368510  0.0119560 
36.6728681  0.5343640  0.0244630 
36.8414228  0.5522790  0.0148490 
37.0099705  0.5763780  0.0396740 
37.1785222  0.5526570  0.0502480 
