12.6549891  0.5739080  0.0151670 
12.7311564  0.5875020  0.0047760 
12.8073237  0.5902840  0.0061650 
12.8834820  0.5794490  0.0093600 
12.9596493  0.5778060  0.0061160 
13.0358166  0.5820230  0.0041340 
13.1119749  0.5790990  0.0059910 
13.1881422  0.5769630  0.0079040 
13.2643095  0.5758960  0.0030840 
13.3404768  0.5750070  0.0050390 
13.4166351  0.5748010  0.0047880 
13.4928024  0.5766130  0.0048810 
13.5689697  0.5839040  0.0029300 
13.6451281  0.5866050  0.0037380 
13.7212954  0.5872550  0.0044730 
13.7974627  0.5873370  0.0027490 
13.8736210  0.5905850  0.0032150 
13.9497883  0.5939870  0.0036270 
14.0259556  0.5953160  0.0066550 
14.1021139  0.5958990  0.0041000 
14.1782812  0.6037220  0.0028320 
14.2544485  0.6130780  0.0038520 
14.3306068  0.6086930  0.0047800 
14.4067741  0.6028340  0.0034210 
14.4829423  0.5956860  0.0045990 
14.5591078  0.6033260  0.0033130 
14.6352670  0.6118120  0.0045620 
14.7114352  0.6041930  0.0047440 
14.7876017  0.6076610  0.0046490 
14.8637609  0.6053260  0.0055130 
14.9399264  0.6119540  0.0089800 
15.0160946  0.6120540  0.0045130 
15.0922538  0.6150180  0.0059960 
15.1684193  0.6193530  0.0229510 
15.2445875  0.6204470  0.0284430 
15.3207449  0.6271540  0.0040450 
15.3969131  0.6363880  0.0046820 
15.4730804  0.6530410  0.0073130 
15.5492378  0.6582830  0.0085370 
15.6254060  0.6414920  0.0122990 
15.7015733  0.6393640  0.0072110 
15.7777397  0.6416830  0.0069160 
15.8538989  0.6436150  0.0044330 
15.9300672  0.6481570  0.0041080 
16.0062327  0.6525460  0.0138470 
16.0823919  0.6473490  0.0065630 
16.1585601  0.6560880  0.0062730 
16.2347265  0.6578700  0.0073110 
16.3108857  0.6600560  0.0055390 
16.3870512  0.6655850  0.0065210 
16.4632194  0.6639070  0.0128100 
16.5393786  0.6679340  0.0055210 
16.6155441  0.6666970  0.0065520 
16.6917123  0.6700440  0.0053540 
16.7678697  0.6694010  0.0101490 
16.8440379  0.6720870  0.0126640 
16.9202052  0.6775650  0.0089010 
16.9963734  0.6984490  0.0056340 
17.0725309  0.6949180  0.0056960 
17.1486982  0.6805320  0.0123990 
17.2248646  0.6841280  0.0128300 
17.3010238  0.6821210  0.0096670 
17.3771920  0.6805250  0.0054750 
17.4533575  0.6703700  0.0100950 
17.5295167  0.6848620  0.0068530 
17.6056849  0.6922200  0.0076780 
17.6818513  0.6914430  0.0087960 
17.7580105  0.6891430  0.0109580 
17.8341760  0.6934770  0.0080390 
17.9103442  0.6971610  0.0292740 
17.9865034  0.7024130  0.0071850 
18.0626689  0.7044200  0.0102710 
18.1388371  0.7089770  0.0061320 
18.2150054  0.7044790  0.0126590 
18.2911628  0.7014180  0.0079080 
18.3673301  0.7019970  0.0077660 
18.4434983  0.7051910  0.0103740 
18.5196557  0.6973170  0.0093960 
18.6719894  0.6992150  0.0133350 
18.8243168  0.7066370  0.0077040 
18.9766415  0.7024850  0.0048260 
19.1289761  0.7087440  0.0056620 
19.2813009  0.7085230  0.0072110 
19.4336364  0.6992380  0.0081540 
19.5859620  0.7003640  0.0044100 
19.7382876  0.7064650  0.0069970 
19.8906231  0.7086180  0.0266060 
20.0429478  0.7096230  0.0459980 
20.1952734  0.7055120  0.0072750 
20.3476071  0.7126320  0.0109220 
20.4999346  0.7123930  0.0191900 
20.6522683  0.7118280  0.0088640 
20.8045939  0.7178020  0.0055560 
20.9569186  0.7159310  0.0163370 
21.1092550  0.7110700  0.0087660 
21.2615797  0.7134580  0.0066190 
21.4139053  0.7250260  0.0058130 
21.5662391  0.7275980  0.0102670 
21.7185665  0.7208450  0.0051740 
21.8709002  0.7262710  0.0036360 
22.0232258  0.7274960  0.0059550 
22.1755505  0.7324450  0.0074610 
22.3278860  0.7345570  0.0058750 
22.4802116  0.7376250  0.0060630 
22.6325372  0.7385960  0.0058780 
22.7848728  0.7356240  0.0072570 
22.9371984  0.7340900  0.0070190 
23.0895321  0.7454100  0.0034750 
23.2418568  0.7400250  0.0076800 
23.3941824  0.7420510  0.0175820 
23.5465179  0.7371210  0.0071070 
23.6988435  0.7463370  0.0058500 
23.8511692  0.7447730  0.0063440 
24.0035047  0.7411550  0.0053080 
24.1558294  0.7490440  0.0049830 
24.3081640  0.7469920  0.0077440 
24.4604887  0.7391170  0.0098720 
24.6128161  0.7445080  0.0046450 
24.7651498  0.7453050  0.0180230 
24.9174755  0.7475750  0.0163560 
25.0698002  0.7452480  0.0069880 
25.2221357  0.7396700  0.0113980 
25.3744613  0.7460610  0.0174120 
25.5267950  0.7372250  0.0070750 
25.6791224  0.7715160  0.0055140 
25.8314480  0.8203460  0.0080740 
25.9837817  0.7634380  0.0085820 
26.1361065  0.7505650  0.0058570 
26.2884321  0.7424410  0.0070690 
26.4407676  0.7476650  0.0259910 
26.5930932  0.7446900  0.0063710 
26.7454269  0.7456480  0.0055490 
26.8977543  0.7531240  0.0096310 
27.0500790  0.7504170  0.0097880 
27.2024137  0.7440750  0.0062440 
27.3547384  0.7456370  0.0070420 
27.5070658  0.7358640  0.0144210 
27.6593995  0.7486900  0.0131730 
27.8117251  0.7466000  0.0071850 
27.9640606  0.7478460  0.0069330 
28.1163853  0.7490530  0.0104900 
28.2687109  0.7487700  0.0060610 
28.4210447  0.7567150  0.0097150 
28.5733721  0.7445100  0.0095360 
28.7256977  0.7477480  0.0187160 
28.8780314  0.7326120  0.0098930 
29.0303561  0.7295430  0.0067130 
29.1826925  0.7462100  0.0069230 
29.3350172  0.7537190  0.0075970 
29.4873429  0.7505160  0.0125960 
29.6396784  0.7541320  0.0087100 
29.7920040  0.7395060  0.0132470 
29.9443287  0.7459020  0.0095260 
30.0966642  0.7484720  0.0176450 
30.2489898  0.7437850  0.0345050 
30.4013217  0.7437380  0.0195540 
30.5536474  0.7420170  0.0425130 
30.7059766  0.7358340  0.0137390 
30.8583085  0.7474590  0.0203980 
31.0106341  0.7456520  0.0147890 
31.1629588  0.7523250  0.0312180 
31.3152943  0.7486940  0.0301260 
31.4676199  0.7457430  0.0165600 
31.6199554  0.7456250  0.0168280 
31.7722811  0.7247620  0.0121950 
31.9246058  0.7656450  0.0266010 
32.0769422  0.7622630  0.0264260 
32.2292669  0.7121220  0.0210570 
32.3815925  0.7236220  0.0236360 
32.5339280  0.7340750  0.0295400 
32.6862536  0.7273060  0.0175300 
32.8385891  0.7273550  0.0292390 
32.9909148  0.7483270  0.0207170 
33.1432395  0.7299420  0.0232750 
33.2955714  0.7487820  0.0353830 
33.4478970  0.8154580  0.0448480 
33.6002262  0.7188550  0.0684230 
