13.5910800  0.5430500  0.0122410 
13.6728814  0.5501390  0.0102600 
13.7546828  0.5554820  0.0092980 
13.8364746  0.5577600  0.0088910 
13.9182760  0.5563610  0.0080850 
14.0000774  0.5627370  0.0095010 
14.0818692  0.5648030  0.0099040 
14.1636706  0.5635180  0.0062830 
14.2454720  0.5651380  0.0192200 
14.3272734  0.5920770  0.0129250 
14.4090651  0.5776470  0.0088330 
14.4908666  0.5797310  0.0100590 
14.5726680  0.5725820  0.0053990 
14.6544597  0.5775240  0.0144670 
14.7362611  0.5757980  0.0110030 
14.8180625  0.5728080  0.0087810 
14.8998543  0.5708140  0.0121540 
14.9816557  0.5843970  0.0334070 
15.0634571  0.5861460  0.0432590 
15.1452488  0.5819310  0.0062400 
15.2270503  0.5877850  0.0082190 
15.3088517  0.5952650  0.0087470 
15.3906434  0.5944830  0.0058100 
15.4724448  0.5986290  0.0109500 
15.5542472  0.6183890  0.0082640 
15.6360467  0.5996200  0.0103470 
15.7178394  0.5903620  0.0095540 
15.7996418  0.5871400  0.0083130 
15.8814422  0.5862950  0.0104800 
15.9632349  0.5868730  0.0121700 
16.0450344  0.5866270  0.0221410 
16.1268368  0.5811280  0.0070330 
16.2086295  0.5778020  0.0093930 
16.2904290  0.5824140  0.0078040 
16.3722313  0.5793740  0.0077400 
16.4540221  0.5740480  0.0079420 
16.5358245  0.5858600  0.0121000 
16.6176259  0.5864500  0.0068740 
16.6994167  0.5872100  0.0060180 
16.7812191  0.5862920  0.0084110 
16.8630205  0.5932210  0.0119430 
16.9448209  0.5971830  0.0068960 
17.0266136  0.6011830  0.0076420 
17.1084160  0.5917440  0.0140660 
17.1902155  0.5955790  0.0172510 
17.2720082  0.5964520  0.0210930 
17.3538106  0.5970670  0.0129990 
17.4356110  0.5991090  0.0101350 
17.5174037  0.5958880  0.0141110 
17.5992032  0.5955180  0.0068990 
17.6810056  0.5962430  0.0083290 
17.7627983  0.5968600  0.0064850 
17.8445978  0.5971140  0.0129000 
17.9264002  0.6010750  0.0083190 
18.0081909  0.6001870  0.0113840 
18.0899933  0.5929970  0.0083590 
18.1717947  0.5912810  0.0093230 
18.2535971  0.5926100  0.0196480 
18.3353879  0.5888480  0.0137580 
18.4171893  0.5922510  0.0094250 
18.4989897  0.5935460  0.0175580 
18.5807825  0.5907170  0.0174190 
18.6625848  0.5917100  0.0117700 
18.7443843  0.5909140  0.0121690 
18.8261770  0.5823310  0.0097860 
18.9079794  0.5899080  0.0097810 
18.9897798  0.5894580  0.0175640 
19.0715726  0.5875780  0.0119050 
19.1533720  0.5800630  0.0113660 
19.2351744  0.5803560  0.0175910 
19.3169671  0.5880450  0.0136500 
19.3987666  0.5928990  0.0147050 
19.4805690  0.5890660  0.0167360 
19.5623713  0.5876950  0.0097320 
19.6441621  0.5858520  0.0129450 
19.7259635  0.5872590  0.0139590 
19.8077659  0.5954410  0.0199990 
19.8895567  0.5844580  0.0141670 
20.0531586  0.5912700  0.0131870 
20.2167536  0.5932850  0.0074350 
20.3803458  0.5847350  0.0109230 
20.5439487  0.5896890  0.0084810 
20.7075408  0.6002230  0.0075720 
20.8711446  0.5977790  0.0120290 
21.0347378  0.5944180  0.0095220 
21.1983309  0.5963050  0.0107710 
21.3619347  0.6003360  0.0134190 
21.5255269  0.5994790  0.0147670 
21.6891201  0.5956230  0.0090300 
21.8527219  0.5941320  0.0181400 
22.0163170  0.5963910  0.0071980 
22.1799189  0.6012050  0.0077120 
22.3435120  0.5949010  0.0069300 
22.5071042  0.5949760  0.0071690 
22.6707090  0.5876200  0.0076470 
22.8343012  0.5907290  0.0091210 
22.9978943  0.5907410  0.0069900 
23.1614962  0.5907620  0.0196150 
23.3250913  0.5910660  0.0370320 
23.4886931  0.5901030  0.0319590 
23.6522863  0.5825390  0.0067800 
23.8158785  0.5924030  0.0062080 
23.9794823  0.5860290  0.0267690 
24.1430754  0.5861780  0.0084440 
24.3066686  0.5901910  0.0057460 
24.4702724  0.5786380  0.0063850 
24.6338655  0.5872050  0.0051060 
24.7974674  0.5829520  0.0055600 
24.9610596  0.5677410  0.0053830 
25.1246527  0.5806850  0.0171770 
25.2882565  0.5702620  0.0107570 
25.4518497  0.5657470  0.0053070 
25.6154428  0.5655300  0.0098770 
25.7790466  0.5997650  0.0233590 
25.9426388  0.5958210  0.0209540 
26.1062416  0.5655910  0.0121980 
26.2698338  0.5522300  0.0090990 
26.4334289  0.5585930  0.0071270 
26.5970308  0.5690330  0.0133030 
26.7606239  0.5587980  0.0305820 
26.9242161  0.5574370  0.0230020 
27.0878199  0.5469360  0.0102880 
27.2514130  0.5506920  0.0108750 
27.4150149  0.5548400  0.0141080 
27.5786100  0.5567260  0.0107650 
27.7422031  0.5558660  0.0158040 
27.9058050  0.5534600  0.0075550 
28.0693972  0.5589740  0.0092310 
28.2329904  0.5407060  0.0107590 
28.3965941  0.5439850  0.0163800 
28.5601873  0.5379160  0.0103110 
28.7237891  0.5419270  0.0103990 
28.8873842  0.5421590  0.0185110 
29.0509764  0.5333030  0.0082840 
29.2145792  0.5315760  0.0093880 
29.3781714  0.5291240  0.0094800 
29.5417665  0.5206860  0.0145000 
29.7053684  0.5319460  0.0139520 
29.8689615  0.5264830  0.0169320 
30.0325653  0.5235160  0.0084090 
30.1961575  0.5197390  0.0118130 
30.3597507  0.5146440  0.0103810 
30.5233525  0.5279030  0.0121680 
30.6869476  0.5189510  0.0169250 
30.8505408  0.5127880  0.0138980 
31.0141426  0.5101520  0.0121510 
31.1777348  0.5018240  0.0106940 
31.3413396  0.5089340  0.0115490 
31.5049318  0.5158020  0.0187230 
31.6685249  0.5108850  0.0178170 
31.8321287  0.5145270  0.0149120 
31.9957219  0.5092200  0.0258370 
32.1593141  0.5080770  0.0179990 
32.3229178  0.5107960  0.0222510 
32.4865110  0.4937400  0.0243770 
32.6501109  0.5197970  0.0132310 
32.8137041  0.5124510  0.0266930 
32.9773011  0.5113950  0.0183350 
33.1409010  0.5233360  0.0279140 
33.3044942  0.5215490  0.0198550 
33.4680864  0.5197680  0.0147130 
33.6316902  0.5155410  0.0212470 
33.7952833  0.5170640  0.0171670 
33.9588871  0.5162150  0.0232860 
34.1224803  0.4997660  0.0209340 
34.2860725  0.5118480  0.0336930 
34.4496772  0.5095190  0.0315200 
34.6132694  0.4894230  0.0306410 
34.7768626  0.4921370  0.0245040 
34.9404663  0.4719400  0.0310910 
35.1040595  0.4644670  0.0313100 
35.2676633  0.4647630  0.0364720 
35.4312564  0.4702160  0.0637300 
35.5948486  0.4746540  0.0255320 
35.7584486  0.4644420  0.0281780 
35.9220417  0.4605770  0.0633790 
36.0856387  0.4327890  0.0330770 
