13.8436977  0.3469380  0.0058770 
13.9270196  0.3624330  0.0050470 
14.0103414  0.3691670  0.0074550 
14.0936534  0.3739760  0.0061330 
14.1769753  0.3926690  0.0080090 
14.2602972  0.4504820  0.0180590 
14.3436092  0.4926820  0.0030730 
14.4269310  0.4247730  0.0038470 
14.5102529  0.3985690  0.0067570 
14.5935747  0.4033100  0.0071850 
14.6768867  0.4061970  0.0174090 
14.7602086  0.4084540  0.0067660 
14.8435305  0.4169260  0.0036370 
14.9268425  0.4141150  0.0069440 
15.0101643  0.4111050  0.0062110 
15.0934862  0.4012830  0.0033900 
15.1767982  0.4046110  0.0072240 
15.2601200  0.4106360  0.0122230 
15.3434419  0.4197890  0.0123680 
15.4267539  0.4537840  0.0158800 
15.5100758  0.5981120  0.0185920 
15.5933976  0.6704470  0.0037550 
15.6767096  0.4678950  0.0040390 
15.7600315  0.4358920  0.0087710 
15.8433543  0.4333580  0.0145010 
15.9266742  0.4308830  0.0041530 
16.0099872  0.4349850  0.0172330 
16.0933100  0.4265490  0.0039940 
16.1766309  0.4331290  0.0046820 
16.2599439  0.4424250  0.0059460 
16.3432638  0.4627080  0.0094250 
16.4265866  0.4703450  0.0054240 
16.5098996  0.4725300  0.0053660 
16.5932195  0.4718620  0.0080330 
16.6765424  0.4749350  0.0093950 
16.7598534  0.4818630  0.0096320 
16.8431762  0.4944570  0.0047500 
16.9264981  0.5207850  0.0065050 
17.0098091  0.6188390  0.0103590 
17.0931319  0.5578660  0.0049460 
17.1764538  0.5163150  0.0049700 
17.2597747  0.5118710  0.0048630 
17.3430877  0.5165820  0.0031360 
17.4264105  0.5187220  0.0043910 
17.5097304  0.5117610  0.0073080 
17.5930434  0.5051660  0.0074110 
17.6763662  0.5118290  0.0105770 
17.7596871  0.5132250  0.0059130 
17.8430001  0.5200510  0.0050940 
17.9263200  0.5167290  0.0129780 
18.0096428  0.5120700  0.0057290 
18.0929558  0.5133660  0.0060040 
18.1762757  0.5140490  0.0040420 
18.2595985  0.5125470  0.0052850 
18.3429096  0.5137190  0.0070150 
18.4262324  0.5109240  0.0083990 
18.5095543  0.5194270  0.0079000 
18.5928771  0.5547430  0.0045400 
18.6761881  0.6407330  0.0084860 
18.7595100  0.6372170  0.0048830 
18.8428309  0.5549190  0.0051270 
18.9261439  0.5431610  0.0066950 
19.0094667  0.5539370  0.0063740 
19.0927866  0.5628590  0.0146120 
19.1760996  0.5617670  0.0106600 
19.2594224  0.5743640  0.0156330 
19.3427433  0.5934780  0.0061420 
19.4260563  0.5991600  0.0177690 
19.5093762  0.5992140  0.0171260 
19.5926990  0.6223350  0.0329330 
19.7593319  0.6452900  0.0090430 
19.9259776  0.6580320  0.0040460 
20.0926104  0.6744390  0.0050070 
20.2592443  0.6603470  0.0134190 
20.4258870  0.6861330  0.0258260 
20.5925229  0.7034270  0.0098750 
20.7591558  0.7207700  0.0045190 
20.9257995  0.7425430  0.0136810 
21.0924324  0.7602130  0.0082090 
21.2590770  0.7660530  0.0035560 
21.4257109  0.7767720  0.0056190 
21.5923448  0.8040540  0.0081250 
21.7589895  0.8132640  0.0130250 
21.9256224  0.8254900  0.0067900 
22.0922562  0.8340500  0.0081510 
22.2588989  0.8568370  0.0081330 
22.4255348  0.8740150  0.0254160 
22.5921775  0.8915380  0.0068200 
22.7588114  0.9111070  0.0084070 
22.9254443  0.9184580  0.0112770 
23.0920899  0.9334690  0.0096930 
23.2587228  0.9583610  0.0059910 
23.4253567  0.9745090  0.0059640 
23.5919994  0.9939510  0.0094570 
23.7586352  1.0133860  0.0050240 
23.9252780  1.0486070  0.0100860 
24.0919118  1.0896560  0.0145100 
24.2585447  1.1727710  0.0111000 
24.4251894  1.1774580  0.0150620 
24.5918233  1.1305050  0.0058080 
24.7584571  1.1481330  0.0103990 
24.9251018  1.1567360  0.0177550 
25.0917357  1.1691430  0.0163800 
25.2583784  1.1888300  0.0185310 
25.4250113  1.1966200  0.0237320 
25.5916452  1.2654540  0.0299120 
25.7582899  1.6783360  0.0341880 
25.9249237  1.8277150  0.0078930 
26.0915576  1.3323350  0.0078550 
26.2582023  1.3118100  0.0089060 
26.4248352  1.3148710  0.0319100 
26.5914789  1.3319820  0.0206260 
26.7581118  1.3328060  0.0059790 
26.9247476  1.3578330  0.0095910 
27.0913903  1.3839350  0.0074470 
27.2580242  1.3863690  0.0100720 
27.4246571  1.4043160  0.0283980 
27.5913018  1.4284580  0.0056280 
27.7579356  1.4604310  0.0218590 
27.9245784  1.4724090  0.0074920 
28.0912142  1.5042850  0.0077350 
28.2578481  1.5278960  0.0113200 
28.4244908  1.5349540  0.0112000 
28.5911237  1.5527200  0.0526260 
28.7577576  1.5616370  0.0595920 
28.9244022  1.5821770  0.0069780 
29.0910361  1.5812020  0.0148520 
29.2576788  1.5950180  0.0523090 
29.4243147  1.6325060  0.0458420 
29.5909476  1.6465460  0.0139810 
29.7575913  1.6696630  0.0185710 
29.9242241  1.6826850  0.0241240 
30.0908600  1.6862820  0.0644380 
30.2575027  1.7258770  0.0271940 
30.4241366  1.7485830  0.0107070 
30.5907813  1.7569860  0.0243910 
30.7574141  1.7890710  0.0303050 
30.9240480  1.7982350  0.0824240 
31.0906907  1.8317760  0.0391050 
31.2573266  1.8444050  0.0313290 
31.4239604  1.8535910  0.0125660 
31.5906032  1.8635520  0.0263610 
31.7572361  1.8905810  0.0268780 
31.9238817  1.9235070  0.0711760 
32.0905146  1.9556240  0.0330020 
32.2571485  1.9547900  0.0117750 
32.4237932  1.9615980  0.0211080 
32.5904270  2.0114310  0.0359710 
32.7570599  2.0842870  0.0982430 
32.9237046  2.0875930  0.0641150 
33.0903385  2.0317820  0.0567500 
33.2569792  2.2168950  0.0657690 
33.4236131  2.4754280  0.0349910 
33.5902509  2.1869450  0.0625900 
33.7568917  2.1083640  0.0587650 
33.9235255  2.1701760  0.0661930 
34.0901584  2.2402700  0.0163090 
34.2568031  2.2785800  0.0340180 
34.4234370  2.2979250  0.0150770 
34.5900817  2.4162170  0.0202340 
34.7567155  2.8214090  0.0600290 
34.9233484  2.7422690  0.0349180 
35.0899941  2.3050220  0.0295360 
35.2566270  2.2575410  0.0316290 
35.4232608  2.3206690  0.1251660 
35.5899055  2.2593790  0.0267010 
35.7565394  2.2914370  0.0424990 
35.9231841  2.2559850  0.0580420 
36.0898180  2.3424540  0.0795640 
36.2564509  2.3293900  0.0534140 
36.4230916  2.3752390  0.0616140 
36.5897255  2.5279130  0.1636110 
36.7563633  2.2981470  0.6411320 
