7.5033376  0.3589712  0.0088320 
7.5632366  0.3733125  0.0311940 
7.6231455  0.4256844  0.0084890 
7.6830445  0.3922272  0.0088730 
7.7429434  0.3630659  0.0054030 
7.8028523  0.3723751  0.0107560 
7.8627513  0.3774315  0.0119500 
7.9226602  0.3785923  0.0129230 
7.9825592  0.3744379  0.0043340 
8.0424582  0.3709324  0.0044940 
8.1023670  0.3739526  0.0042340 
8.1622660  0.3801632  0.0063180 
8.2221650  0.3790842  0.0122810 
8.2820739  0.3803246  0.0042260 
8.3419729  0.3835658  0.0057310 
8.4018718  0.3800814  0.0053930 
8.4617807  0.3854296  0.0092560 
8.5216797  0.3904397  0.0063200 
8.5815886  0.3960488  0.0143370 
8.6414876  0.3995974  0.0065630 
8.7013866  0.3981879  0.0072490 
8.7612954  0.3994438  0.0098890 
8.8211944  0.3990425  0.0064080 
8.8810934  0.4062413  0.0051940 
8.9410023  0.4247846  0.0060370 
9.0009013  0.4341336  0.0089270 
9.0608002  0.4254667  0.0049830 
9.1207091  0.4260647  0.0067360 
9.1806081  0.4330104  0.0062890 
9.2405170  0.4375683  0.0054310 
9.3004160  0.4482361  0.0044160 
9.3603149  0.4580904  0.0060850 
9.4202238  0.4686410  0.0048680 
9.4801228  0.4910369  0.0060240 
9.5400218  0.4967577  0.0053090 
9.5999307  0.4974895  0.0047110 
9.6598297  0.5047812  0.0046660 
9.7197286  0.5099084  0.0082830 
9.7796375  0.5151539  0.0083820 
9.8395365  0.5280051  0.0066310 
9.8994454  0.5376481  0.0050060 
9.9593444  0.5459635  0.0040530 
10.0192433  0.5540014  0.0172380 
10.0791522  0.5598173  0.0165000 
10.1390512  0.5638346  0.0047990 
10.1989502  0.5685650  0.0054150 
10.2588591  0.5789509  0.0060750 
10.3187580  0.5915312  0.0049290 
10.3786570  0.6001263  0.0060710 
10.4385659  0.6309934  0.0074460 
10.4984649  0.6669125  0.0066580 
10.5583738  0.6392480  0.0092010 
10.6182728  0.6272624  0.0053180 
10.6781717  0.6330628  0.0061130 
10.7380806  0.6394271  0.0064270 
10.7979796  0.6452596  0.0121790 
10.8578786  0.6532323  0.0104200 
10.9177875  0.6547401  0.0066840 
10.9776864  0.6663874  0.0078570 
11.0375854  0.6713455  0.0054950 
11.0974943  0.6733674  0.0071000 
11.1573933  0.6810858  0.0078080 
11.2173022  0.6955068  0.0092960 
11.2772011  0.6973805  0.0189420 
11.3371001  0.6984407  0.0099200 
11.3970090  0.7046214  0.0131580 
11.4569080  0.7071717  0.0058800 
11.5168070  0.7097276  0.0059440 
11.5767159  0.7140566  0.0089150 
11.6366148  0.7160200  0.0071800 
11.6965138  0.7152218  0.0065070 
11.7564227  0.7138112  0.0074180 
11.8163217  0.7222758  0.0068740 
11.8762306  0.7307095  0.0061220 
11.9361295  0.7350983  0.0054330 
11.9960285  0.7393820  0.0099340 
12.0559374  0.7438592  0.0138420 
12.1158364  0.7480124  0.0072140 
12.1757354  0.7546939  0.0063940 
12.2356443  0.7610836  0.0059560 
12.2955432  0.7708084  0.0081190 
12.3554422  0.7729210  0.0082690 
12.4153511  0.7713545  0.0090630 
12.4752501  0.7742553  0.0097180 
12.5351590  0.7799927  0.0197470 
12.5950579  0.7832694  0.0086590 
12.6549569  0.7908518  0.0092980 
12.7148658  0.8025024  0.0079270 
12.7747648  0.8614840  0.0108490 
12.8346638  0.8780915  0.0107110 
12.8945726  0.8197412  0.0108650 
12.9544716  0.8090325  0.0086510 
13.0143706  0.8122472  0.0202100 
13.0742795  0.8227879  0.0199680 
13.1341785  0.8279571  0.0096060 
13.1940774  0.8298265  0.0119310 
13.2539863  0.8336271  0.0120190 
13.3138853  0.8384602  0.0078640 
13.3737942  0.8422885  0.0077640 
13.4336932  0.8476888  0.0203330 
13.4935922  0.8601010  0.0074760 
13.5535010  0.8658230  0.0087990 
13.6134000  0.8749288  0.0160430 
13.6732990  0.8795099  0.0080150 
13.7332079  0.8894116  0.0084010 
13.7931069  0.8976972  0.0085590 
13.8530058  0.9089100  0.0111840 
