13.8860541  0.7708260  0.0070800 
13.9696309  0.7823370  0.0196100 
14.0532077  0.7959690  0.0065020 
14.1367746  0.8034540  0.0137330 
14.2203514  0.8549840  0.0085690 
14.3039281  0.9019190  0.0121480 
14.3874951  0.8840260  0.0103700 
14.4710719  0.8544330  0.0093280 
14.5546486  0.8564610  0.0207350 
14.6382254  0.8642910  0.0293910 
14.7217923  0.8884650  0.0317420 
14.8053691  0.8944890  0.0196730 
14.8889459  0.8927160  0.0185920 
14.9725128  0.9077930  0.0158320 
15.0560896  0.9229200  0.0147270 
15.1396664  0.9228650  0.0077080 
15.2232333  0.9348820  0.0081900 
15.3068101  0.9368150  0.0104490 
15.3903869  0.9499520  0.0374020 
15.4739538  1.0357750  0.0195560 
15.5575306  1.1777420  0.0147460 
15.6411074  1.0323820  0.0123750 
15.7246743  1.0059090  0.0083070 
15.8082511  1.0246670  0.0146640 
15.8918289  1.0161070  0.0142400 
15.9754037  1.0373650  0.0242550 
16.0589716  1.0458290  0.0096370 
16.1425493  1.0483790  0.0073270 
16.2261251  1.0517980  0.0633970 
16.3096931  1.0761620  0.0622320 
16.3932679  1.1052010  0.0582510 
16.4768456  1.1202890  0.0096510 
16.5604135  1.1237890  0.0071220 
16.6439884  1.1294060  0.0104920 
16.7275661  1.1351300  0.0082710 
16.8111321  1.1352050  0.0153210 
16.8947098  1.1459390  0.0392330 
16.9782866  1.2118710  0.0262680 
17.0618525  1.2211990  0.0247170 
17.1454303  1.1982720  0.0433970 
17.2290071  1.1818110  0.0122960 
17.3125829  1.1937340  0.0085580 
17.3961508  1.2028140  0.0101400 
17.4797286  1.2060800  0.0110140 
17.5633034  1.2035440  0.0108240 
17.6468713  1.2109720  0.0132000 
17.7304491  1.2182380  0.0258780 
17.8140249  1.2175900  0.0260360 
17.8975928  1.2265890  0.0447950 
17.9811676  1.2135220  0.0259690 
18.0647454  1.2102460  0.0258320 
18.1483133  1.2284020  0.0314490 
18.2318881  1.2220730  0.0207590 
18.3154659  1.2274270  0.0145410 
18.3990318  1.2478990  0.0099860 
18.4826096  1.2351240  0.0206760 
18.5661863  1.2462210  0.0166310 
18.6497641  1.3373280  0.0345550 
18.7333300  1.3529740  0.0526330 
18.8169068  1.2665390  0.0947070 
18.9004826  1.2658090  0.0568510 
18.9840505  1.2657710  0.0217540 
19.0676283  1.2685780  0.0172120 
19.1512031  1.2631850  0.0232630 
19.2347710  1.2483710  0.0172290 
19.3183488  1.2710270  0.0138270 
19.4019246  1.2925690  0.0152730 
19.4854925  1.2851280  0.0196610 
19.5690673  1.2725630  0.0185360 
19.6526451  1.3284300  0.0664570 
19.8197878  1.3519880  0.0940530 
19.9869433  1.2715950  0.0213510 
20.1540861  1.2761390  0.0170670 
20.3212298  1.3019140  0.0250760 
20.4883824  1.2864850  0.0196460 
20.6555280  1.2964410  0.0141930 
20.8226707  1.3205410  0.0224680 
20.9898243  1.3300270  0.0192770 
21.1569670  1.3301230  0.0125560 
21.3241216  1.3365690  0.0349450 
21.4912653  1.3431630  0.0276270 
21.6584090  1.3567200  0.0169430 
21.8255636  1.3708100  0.0136920 
21.9927063  1.3736750  0.0251860 
22.1598500  1.3795810  0.0119070 
22.3270026  1.3987270  0.0294410 
22.4941482  1.4055420  0.0130000 
22.6613008  1.4249610  0.0105280 
22.8284445  1.4251500  0.0136910 
22.9955872  1.4119640  0.0127700 
23.1627428  1.4080830  0.0124800 
23.3298855  1.4365990  0.0147160 
23.4970292  1.4376060  0.0078750 
23.6641818  1.4379810  0.0143850 
23.8313275  1.4515840  0.0149390 
23.9984801  1.4603810  0.0117090 
24.1656238  1.4574670  0.0347830 
24.3327665  1.4971540  0.0112160 
24.4999210  1.4439150  0.0222750 
24.6670647  1.4711310  0.0166180 
24.8342084  1.4838490  0.0167780 
25.0013630  1.4690150  0.0228200 
25.1685067  1.4650940  0.0087990 
25.3356593  1.4703300  0.0150980 
25.5028020  1.4737840  0.0122720 
25.6699457  1.5782840  0.0250570 
25.8371003  1.7625230  0.0414330 
26.0042440  1.6196480  0.0120310 
26.1713877  1.5281400  0.0081350 
26.3385422  1.5399960  0.0105740 
26.5056850  1.5441010  0.0183200 
26.6728385  1.5357670  0.0222960 
26.8399812  1.5328350  0.0192190 
27.0071269  1.5675620  0.0302310 
27.1742795  1.6094870  0.0351510 
27.3414232  1.6035950  0.0189340 
27.5085659  1.6101050  0.0138820 
27.6757205  1.6310380  0.0307790 
27.8428642  1.6445930  0.0157150 
28.0100168  1.6372060  0.0233990 
28.1771625  1.6620050  0.0108950 
28.3443062  1.6655790  0.0222600 
28.5114587  1.6740560  0.0142530 
28.6786015  1.6675260  0.0100290 
28.8457452  1.6794390  0.0361260 
29.0128997  1.6852080  0.0686800 
29.1800434  1.6918980  0.0116650 
29.3471960  1.7103720  0.0173850 
29.5143417  1.7304040  0.0139910 
29.6814844  1.7261740  0.0188720 
29.8486380  1.7347820  0.0225910 
30.0157807  1.7393720  0.0115730 
30.1829264  1.7468410  0.0593230 
30.3500790  1.7843330  0.0144340 
30.5172227  1.7993470  0.0632220 
30.6843772  1.8050060  0.0195810 
30.8515199  1.8175640  0.0898320 
31.0186636  1.8468610  0.0151280 
31.1858162  1.8772900  0.0193440 
31.3529619  1.8790830  0.0714740 
31.5201056  1.8776860  0.0291600 
31.6872582  1.8969900  0.0191340 
31.8544009  1.9180450  0.0245870 
32.0215565  1.9498060  0.0181610 
32.1886992  1.9839770  0.0295270 
32.3558429  2.0015480  0.0354720 
32.5229974  2.0337910  0.0262250 
32.6901411  2.0647760  0.0289120 
32.8572839  2.1392960  0.0505130 
33.0244384  2.1385130  0.1631160 
33.1915821  2.1773520  0.0445350 
33.3587327  2.3001710  0.0322580 
33.5258764  2.2904220  0.0603550 
33.6930241  2.2045410  0.0392920 
33.8601747  2.2435420  0.0287440 
34.0273184  2.2463750  0.1108100 
34.1944611  2.2368760  0.0516860 
34.3616157  2.1960920  0.0288890 
34.5287594  2.3154740  0.0603030 
34.6959139  2.5489860  0.0837100 
34.8630576  2.4014070  0.0433090 
35.0302004  2.2869780  0.0378330 
35.1973559  2.3052200  0.0452680 
35.3644986  2.1809820  0.0761260 
35.5316423  2.2090730  0.0627660 
35.6987969  2.2445390  0.2677340 
35.8659406  2.2576200  0.0562110 
36.0330951  2.1122490  0.0534670 
36.2002388  2.2149910  0.0584280 
36.3673816  2.2546300  0.0826310 
36.5345322  2.2626580  0.0464460 
36.7016759  2.4090250  0.1021190 
36.8688235  2.2324530  0.1316540 
