13.9002879  1.3544425  0.0133970 
13.9829455  1.3556672  0.0236460 
14.0656128  1.4805870  0.0218380 
14.1482802  1.6770351  0.0221390 
14.2309378  1.5985232  0.0237360 
14.3136051  1.4387082  0.0220090 
14.3962724  1.4562172  0.0858150 
14.4789398  1.4573956  0.0232000 
14.5615974  1.4714070  0.0208500 
14.6442647  1.4717092  0.0200510 
14.7269321  1.4731836  0.0185790 
14.8095897  1.4764976  0.0167390 
14.8922570  1.4578825  0.0158470 
14.9749243  1.4420011  0.0172470 
15.0575820  1.4464023  0.0130950 
15.1402493  1.4702926  0.0286760 
15.2229166  1.4746696  0.0439510 
15.3055743  1.6620499  0.0253020 
15.3882416  1.8700590  0.0191800 
15.4709089  1.5974560  0.0239040 
15.5535664  1.4956898  0.0263430 
15.6362339  1.4807581  0.0136550 
15.7189022  1.4651873  0.0210720 
15.8015675  1.4664445  0.0176810 
15.8842262  1.4750799  0.0171510 
15.9668945  1.4488547  0.0166910 
16.0495608  1.4359588  0.0177680 
16.1322193  1.4204961  0.0226980 
16.2148848  1.4552160  0.0139200 
16.2975531  1.4539788  0.0150800 
16.3802116  1.4417650  0.0219330 
16.4628771  1.4431681  0.0165870 
16.5455454  1.4598438  0.0409480 
16.6282020  1.4549904  0.0158500 
16.7108703  1.4844036  0.0251070 
16.7935377  1.5278220  0.0219030 
16.8761942  1.5311296  0.0191050 
16.9588626  1.4905426  0.0176380 
17.0415299  1.4874406  0.0170890 
17.1241963  1.4897419  0.0202300 
17.2068549  1.4993637  0.0203740 
17.2895232  1.5002840  0.0485620 
17.3721886  1.5016524  0.0405350 
17.4548471  1.4908972  0.0273630 
17.5375155  1.5054449  0.0165110 
17.6201818  1.5227461  0.0202300 
17.7028404  1.5005023  0.0178650 
17.7855058  1.5100265  0.0202850 
17.8681741  1.5009294  0.0293540 
17.9508326  1.5065877  0.0212230 
18.0334981  1.5141894  0.0249820 
18.1161664  1.5148022  0.0605810 
18.1988230  1.5206515  0.0217450 
18.2814914  1.5045497  0.0266810 
18.3641587  1.5277380  0.0187000 
18.4468270  1.6443824  0.0246100 
18.5294835  1.7057242  0.0293920 
18.6121510  1.5588439  0.0352030 
18.6948173  1.5612522  0.0259250 
18.7774758  1.5577599  0.0283630 
18.8601442  1.5628274  0.0199660 
18.9428096  1.5260611  0.0359330 
19.0254681  1.5782921  0.0316960 
19.1081364  1.6339547  0.0316380 
19.1908029  1.6572930  0.0278160 
19.2734614  1.6537618  0.0369750 
19.3561268  1.6656157  0.0295960 
19.4387951  1.6928598  0.0309620 
19.5214537  1.7076740  0.0361560 
19.6041191  1.7221954  0.0277400 
19.6867874  1.7509496  0.0292190 
19.7694557  1.7680672  0.0344820 
19.8521123  1.7638833  0.1007910 
19.9347797  1.7639399  0.1600920 
20.0174480  1.8287164  0.0455030 
20.1001046  1.8402659  0.0217440 
20.2654383  1.8841711  0.0165350 
20.4307652  1.8926092  0.0183690 
20.5960891  1.8921790  0.0394820 
20.7614239  1.8921790  0.1378050 
20.9267479  1.9824760  0.0269100 
21.0920835  1.9236830  0.0639180 
21.2574085  1.9870030  0.0513970 
21.4227333  2.0021030  0.0352140 
21.5880691  2.0123500  0.0323710 
21.7533929  2.0666140  0.0968560 
21.9187179  2.1160960  0.0560270 
22.0840516  2.1411650  0.0670050 
22.2493785  2.1446220  0.0395130 
22.4147122  2.1958580  0.0165800 
22.5800372  2.2355280  0.0276410 
22.7453611  2.2466580  0.0371810 
22.9106978  2.2342670  0.0193450 
23.0760217  2.2604910  0.0173290 
23.2413466  2.3143870  0.0422420 
23.4066804  2.3763560  0.0452610 
23.5720072  2.4270760  0.0216600 
23.7373410  2.4386520  0.0234450 
23.9026659  2.6193910  0.0336210 
24.0679898  2.7783510  0.0406110 
24.2333256  2.5927760  0.0290190 
24.3986504  2.5874530  0.0215310 
24.5639754  2.6472960  0.0229850 
24.7293110  2.6611990  0.0476870 
24.8946360  2.7356620  0.1072310 
25.0599697  2.7429810  0.0326300 
25.2252936  2.8140600  0.0298380 
25.3906186  2.9779890  0.0261840 
25.5559543  3.8886860  0.0303540 
25.7212792  3.2674120  0.0244220 
25.8866041  2.9051520  0.0244080 
26.0519398  2.9465950  0.0309590 
26.2172637  2.9937520  0.0259840 
26.3825985  2.9860990  0.0673950 
26.5479224  3.0024290  0.0595340 
26.7132493  3.0501180  0.0606020 
26.8785830  3.1083070  0.0640590 
27.0439079  3.1518110  0.0533530 
27.2092319  3.1631270  0.0360080 
27.3745675  3.1519890  0.0260740 
27.5398925  3.1919590  0.0560750 
27.7052262  3.2237210  0.0328050 
27.8705531  3.2896270  0.0337560 
28.0358780  3.3193150  0.1824990 
28.2012117  3.3620580  0.0330730 
28.3665357  3.3994540  0.0260140 
28.5318606  3.3942220  0.0285440 
28.6971963  3.4125400  0.0347070 
28.8625212  3.4411010  0.0845640 
29.0278550  3.4480440  0.0339650 
29.1931818  3.5040060  0.0838310 
29.3585058  3.5282860  0.0305410 
29.5238404  3.5332900  0.0359190 
29.6891644  3.5694300  0.0272140 
29.8544914  3.5647830  0.0465600 
30.0198250  3.6561540  0.0352640 
30.1851500  3.6742710  0.0369070 
30.3504856  3.7202560  0.0358710 
30.5158096  3.7537720  0.1321070 
30.6811345  3.7787800  0.0442340 
30.8464682  3.8013470  0.1236420 
31.0117951  3.8127970  0.0396170 
31.1771200  3.8485620  0.1873590 
31.3424538  3.8787600  0.0357610 
31.5077777  3.8877650  0.0417310 
31.6731144  3.9453420  0.0562650 
31.8384383  4.0038280  0.0636020 
32.0037633  3.9927060  0.0793090 
32.1690989  3.9961560  0.0660380 
32.3344239  4.0158440  0.0526100 
32.4997479  4.1758270  0.0497400 
32.6650835  4.1755170  0.1301090 
32.8304085  4.2207170  0.2775400 
32.9957401  4.4584970  0.0931310 
33.1610651  4.6034510  0.0952210 
33.3263939  4.3295110  0.1684660 
33.4917257  4.3569100  0.1479620 
33.6570507  4.3214650  0.1394910 
33.8223746  4.3270480  0.0909270 
33.9877103  4.3020920  0.0864120 
34.1530352  4.4440810  0.1359460 
34.3183709  4.6729680  0.1205140 
34.4836958  4.5305580  0.1346180 
34.6490198  4.5367840  0.0911520 
34.8143564  4.5498870  0.1523780 
34.9796804  4.2627800  0.1794610 
35.1450053  4.3526310  0.1214810 
35.3103410  4.3998820  0.2151430 
35.4756659  4.4412820  0.1000240 
35.6410016  4.2289520  0.1527210 
35.8063264  4.3910900  0.1181640 
35.9716504  4.4110630  0.1497050 
36.1369822  4.4277870  0.1471210 
36.3023072  4.8258760  0.2514850 
36.4676360  4.3551020  0.2207390 
