14.0076686  1.3374886  0.1084630 
14.0919774  1.3225623  0.1068780 
14.1762861  1.3573132  0.1086760 
14.2605849  1.3933197  0.0660250 
14.3448937  1.4552040  0.0539470 
14.4292024  1.3982531  0.0304920 
14.5135012  1.3304221  0.0300500 
14.5978100  1.3476009  0.0320140 
14.6821188  1.3673861  0.0313480 
14.7664275  1.3938763  0.0195120 
14.8507263  1.4062016  0.0123650 
14.9350351  1.4206382  0.0134140 
15.0193438  1.4398395  0.0112290 
15.1036426  1.4612341  0.0132010 
15.1879514  1.4867810  0.0476110 
15.2722601  1.5035106  0.0761770 
15.3565589  1.5148368  0.0317790 
15.4408677  1.5640582  0.0291670 
15.5251764  1.8424875  0.0143760 
15.6094752  1.9219263  0.0939320 
15.6937840  1.6859796  0.0792380 
15.7780927  1.6309208  0.0487080 
15.8623915  1.6727975  0.0504980 
15.9467003  1.7001247  0.0389970 
16.0310101  1.6945010  0.0376780 
16.1153168  1.7213375  0.0402680 
16.1996166  1.7339871  0.0151620 
16.2839264  1.7931346  0.0097740 
16.3682341  1.9347907  0.0180320 
16.4525339  2.0369334  0.0293230 
16.5368407  2.0220466  0.0122010 
16.6211504  1.9807681  0.0125290 
16.7054502  1.9788421  0.0246690 
16.7897570  2.0086037  0.0237780 
16.8740667  2.0127407  0.0333980 
16.9583645  2.0808807  0.0779740 
17.0426743  2.2221666  0.0853070 
17.1269830  2.2261731  0.0730250 
17.2112808  2.1273621  0.1080700 
17.2955906  2.1585863  0.1497890 
17.3798994  2.1656551  0.1826160 
17.4642071  2.1181668  0.1868650 
17.5485069  2.0360405  0.2021810 
17.6328167  1.9959289  0.2382900 
17.7171234  1.9984860  0.2543420 
17.8014232  2.0040833  0.2873750 
17.8857330  2.0143424  0.3135240 
17.9700407  2.0211099  0.3350960 
18.0543405  2.0367297  0.3596520 
18.1386473  2.1221000  0.6267280 
18.2229570  2.1467463  0.3336690 
18.3072568  2.2044586  0.3371380 
18.3915636  2.2451399  0.3449540 
18.4758733  2.3198338  0.3151950 
18.5601711  2.4102110  0.2529170 
18.6444809  2.7201691  0.2419880 
18.7287896  3.1631260  0.1488720 
18.8130994  3.0116062  0.0877500 
18.8973972  2.6154693  0.0688380 
18.9817060  2.6107977  0.0798880 
19.0660137  2.5911932  0.1323840 
19.1503135  2.5460791  0.4527740 
19.2346233  2.5298195  0.5564580 
19.3189300  2.5546379  0.3712820 
19.4032298  2.5616135  0.3060520 
19.4875396  2.5081203  0.1479760 
19.5718473  2.5165794  0.1104070 
19.6561471  2.5007196  0.1031140 
19.7404539  2.4815699  0.0325870 
19.8247636  2.5172378  0.1182110 
19.9090634  2.5575302  0.1711960 
19.9933702  2.5752689  0.2222890 
20.0776799  2.5949675  0.2765810 
20.1619897  2.6268075  0.9576550 
20.2462875  2.6088552  1.0278240 
20.3305963  2.7454870  0.3969680 
20.4149060  2.7800670  0.3930450 
20.4992038  2.8200625  0.1220850 
20.6678203  2.9410515  0.1407230 
20.8364299  2.9953828  0.1421800 
21.0050364  3.1502977  0.0482630 
21.1736539  3.1653303  0.0170320 
21.3422605  3.1559630  0.0381610 
