13.9383297  0.4329140  0.0068500 
14.0222211  0.4419180  0.0080810 
14.1061125  0.4553840  0.0075690 
14.1899941  0.4704370  0.0128130 
14.2738855  0.5945830  0.0067920 
14.3577769  0.5813450  0.0144380 
14.4416584  0.4870110  0.0065270 
14.5255498  0.4844720  0.0068880 
14.6094413  0.4877440  0.0070970 
14.6933327  0.4902390  0.0045770 
14.7772142  0.5053500  0.0310300 
14.8611056  0.4989820  0.0073200 
14.9449970  0.5030100  0.0049530 
15.0288785  0.5083260  0.0071220 
15.1127700  0.5215590  0.0051840 
15.1966614  0.5238150  0.0371400 
15.2805429  0.5317490  0.0137910 
15.3644343  0.5391840  0.0644760 
15.4483257  0.6601190  0.0066830 
15.5322073  0.7532630  0.0088050 
15.6160987  0.6476590  0.0105030 
15.6999901  0.5667840  0.0058240 
15.7838716  0.5761540  0.0101500 
15.8677630  0.5823120  0.0072050 
15.9516554  0.5883090  0.0051940 
16.0355449  0.5951580  0.0056540 
16.1194274  0.6006870  0.0073060 
16.2033198  0.6131240  0.0072160 
16.2872102  0.6292530  0.0074000 
16.3710927  0.6382010  0.0053040 
16.4549822  0.6509550  0.0225620 
16.5388746  0.6507470  0.0110170 
16.6227571  0.6547720  0.0084930 
16.7066465  0.6747740  0.0115030 
16.7905389  0.6769830  0.0141700 
16.8744195  0.6919960  0.0121930 
16.9583119  0.7353850  0.0101960 
17.0422033  0.7232930  0.0246580 
17.1260838  0.7046120  0.0150770 
17.2099762  0.7085290  0.0469070 
17.2938676  0.7093320  0.0162840 
17.3777581  0.7079670  0.0161700 
17.4616406  0.7122240  0.0088070 
17.5455330  0.7255350  0.0135270 
17.6294224  0.7217310  0.0098580 
17.7133049  0.7237370  0.0091310 
17.7971973  0.7401380  0.0134140 
17.8810878  0.7347380  0.0140700 
17.9649703  0.7373250  0.0081710 
18.0488597  0.7411840  0.0102930 
18.1327521  0.7452740  0.0107300 
18.2166346  0.7413970  0.0106050 
18.3005241  0.7467300  0.0180140 
18.3844165  0.7498940  0.0152160 
18.4682970  0.7398130  0.0121600 
18.5521894  0.7424690  0.0158200 
18.6360808  0.8361530  0.0172300 
18.7199733  0.8696550  0.0172860 
18.8038538  0.7795270  0.0237930 
18.8877452  0.7606000  0.0218320 
18.9716356  0.7518520  0.0173220 
19.0555181  0.7656140  0.0094670 
19.1394105  0.7554500  0.0144610 
19.2233000  0.7255370  0.0268240 
19.3071825  0.7583210  0.0146970 
19.3910749  0.7659250  0.0108900 
19.4749653  0.7844710  0.0112440 
19.5588478  0.7773290  0.0195750 
19.6427373  0.7864210  0.0098160 
19.7266297  0.7909060  0.0172400 
19.8105122  0.8064040  0.0133660 
19.8944016  0.8158250  0.0117270 
19.9782940  0.8153870  0.0136620 
20.0621864  0.8009840  0.0124470 
20.1460670  0.7911280  0.0753720 
20.2299584  0.7890730  0.0877490 
20.3138508  0.8233050  0.0111250 
20.3977313  0.7994070  0.0157360 
20.5655132  0.8075230  0.0116680 
20.7332881  0.8299150  0.0118650 
20.9010600  0.8161770  0.0197050 
21.0688429  0.8387790  0.0106370 
21.2366148  0.8415610  0.0086230 
21.4043987  0.8363940  0.0174730 
21.5721716  0.8514690  0.0190040 
21.7399445  0.8741400  0.0117410 
21.9077284  0.8733360  0.0158600 
22.0755003  0.8716290  0.0167420 
22.2432732  0.8804140  0.0812210 
22.4110551  0.8857070  0.0409260 
22.5788300  0.8913770  0.0101260 
22.7466118  0.9057080  0.0096990 
22.9143848  0.9091420  0.0081490 
23.0821567  0.9082890  0.0110520 
23.2499415  0.9013990  0.0225910 
23.4177135  0.9092720  0.0192100 
23.5854864  0.9100890  0.0168220 
23.7532683  0.9196750  0.0138490 
23.9210432  0.9343500  0.0167540 
24.0888250  0.9749500  0.0145880 
24.2565980  1.0394350  0.0091410 
24.4243699  1.0619670  0.0193130 
24.5921538  0.9550300  0.0083440 
24.7599267  0.9537010  0.0126850 
24.9276996  0.9306980  0.0066050 
25.0954835  0.9467010  0.0131420 
25.2632564  0.9861830  0.0150790 
25.4310382  0.9599680  0.0168750 
25.5988102  0.9918490  0.0212470 
25.7665831  1.5890020  0.0305150 
25.9343670  1.6078600  0.0140410 
26.1021399  1.0515320  0.0089340 
26.2699128  0.9652440  0.0159420 
26.4376967  1.0075140  0.0237870 
26.6054686  1.0243430  0.0144190 
26.7732514  1.0190810  0.0150820 
26.9410234  1.0048010  0.0104600 
27.1087983  1.0092740  0.0171540 
27.2765801  1.0394690  0.0199830 
27.4443531  1.0592300  0.0121370 
27.6121250  1.0443960  0.0121650 
27.7799089  1.0403590  0.0183000 
27.9476818  1.0509810  0.0141630 
28.1154636  1.0666610  0.0170910 
28.2832386  1.0773270  0.0163180 
28.4510115  1.0765220  0.0152450 
28.6187933  1.0820750  0.0249210 
28.7865653  1.0878790  0.0141310 
28.9543382  1.0757600  0.0169550 
29.1221221  1.0936610  0.0208530 
29.2898950  1.0734700  0.0090970 
29.4576768  1.0865490  0.0137370 
29.6254518  1.1154760  0.0165130 
29.7932237  1.1164020  0.0145190 
29.9610065  1.1242450  0.0097220 
30.1287785  1.1176910  0.0089000 
30.2965534  1.1069870  0.0149730 
30.4643352  1.1579310  0.0170500 
30.6321082  1.1571140  0.0175960 
30.7998920  1.1439860  0.0245760 
30.9676640  1.1489580  0.0139970 
31.1354369  1.1569870  0.0135400 
31.3032187  1.1642970  0.0143160 
31.4709937  1.1757450  0.0262070 
31.6387666  1.1939620  0.0222870 
31.8065484  1.1959010  0.0215810 
31.9743204  1.2021890  0.0128310 
32.1421052  1.2180490  0.0244740 
32.3098772  1.2309970  0.0145140 
32.4776501  1.2521220  0.0138180 
32.6454339  1.2802620  0.0236760 
32.8132069  1.2701180  0.0274650 
32.9809788  1.2689240  0.0260190 
33.1487626  1.2924650  0.0398670 
33.3165356  1.3812260  0.0279340 
33.4843154  1.3904340  0.0280720 
33.6520884  1.3537880  0.0292760 
33.8198653  1.3064360  0.0211070 
33.9876451  1.3517210  0.0210580 
34.1554181  1.3215400  0.0628640 
34.3231900  1.2830130  0.0405100 
34.4909738  1.3031250  0.0397790 
34.6587468  1.4412320  0.0303250 
34.8265306  1.4134780  0.0313390 
34.9943035  1.2955990  0.0599500 
35.1620755  1.3626590  0.0398870 
35.3298603  1.3625760  0.0738060 
35.4976323  1.2740820  0.0417890 
35.6654052  1.2825130  0.0550040 
35.8331890  1.3182710  0.0811190 
36.0009620  1.3332940  0.0304000 
36.1687458  1.2607690  0.0708090 
36.3365187  1.3042030  0.0465780 
36.5042907  1.3226310  0.0522180 
36.6720705  1.3150770  0.0462330 
36.8398435  1.3946120  0.0667580 
37.0076204  1.2915220  0.1016720 
