13.9901935  1.6687750  0.0565080 
14.0743971  1.6497450  0.0568580 
14.1586006  1.7143250  0.0493910 
14.2427943  1.8683570  0.0430060 
14.3269978  1.8352920  0.0771710 
14.4112014  1.6861680  0.0673570 
14.4953951  1.6006210  0.0160790 
14.5795986  1.6366970  0.0240300 
14.6638022  1.6630640  0.0335840 
14.7480058  1.6759670  0.0202770 
14.8321994  1.7110740  0.0185800 
14.9164030  1.7170070  0.0350210 
15.0006066  1.7033270  0.0225670 
15.0848002  1.6811020  0.0260000 
15.1690038  1.6811630  0.0122970 
15.2532074  1.7106640  0.0258480 
15.3374010  1.7276400  0.0801000 
15.4216046  1.8576470  0.0143120 
15.5058081  2.2753120  0.0171070 
15.5900018  2.2659280  0.0729730 
15.6742053  1.8975180  0.0810010 
15.7584089  1.8689130  0.0526100 
15.8426026  1.8905810  0.0335940 
15.9268061  1.9221060  0.0293870 
16.0110107  1.9284940  0.0322510 
16.0952123  1.9219980  0.0187110 
16.1794069  1.9787770  0.0413240 
16.2636115  2.0788440  0.0384510 
16.3478141  2.3132420  0.0212130 
16.4320087  2.4104420  0.0208930 
16.5162103  2.2945510  0.0555600 
16.6004149  2.2674170  0.0812980 
16.6846095  2.2563030  0.0438740 
16.7688111  2.2995350  0.0337900 
16.8530156  2.3599630  0.0496170 
16.9372083  2.4377360  0.0397260 
17.0214128  2.5935380  0.0577200 
17.1056164  2.4873390  0.0847890 
17.1898091  2.4675040  0.0872110 
17.2740136  2.5059740  0.0740190 
17.3582172  2.4942690  0.0615460 
17.4424198  2.4609420  0.1006590 
17.5266144  2.4316930  0.0607010 
17.6108190  2.4794720  0.0953010 
17.6950206  2.3966160  0.0247580 
17.7792152  2.4583170  0.0300130 
17.8634198  2.4799360  0.0301720 
17.9476224  2.4357630  0.0362780 
18.0318170  2.4603050  0.0226610 
18.1160186  2.5118680  0.0329340 
18.2002231  2.5043800  0.0295030 
18.2844178  2.5421340  0.0446990 
18.3686194  2.5298860  0.0527700 
18.4528239  2.5710460  0.0580320 
18.5370166  2.5541800  0.0717370 
18.6212211  3.0571020  0.2876050 
18.7054247  3.2826240  0.0591320 
18.7896293  2.8640900  0.0410630 
18.8738219  2.6987250  0.0857610 
18.9580255  2.7032690  0.1883040 
19.0422281  2.6405520  0.0972480 
19.1264227  2.6436710  0.1394100 
19.2106273  2.6616920  0.1052780 
19.2948289  2.7509250  0.0917250 
19.3790235  2.7454370  0.0926850 
19.4632281  2.7989530  0.0565510 
19.5474306  2.7821380  0.0545440 
19.6316253  2.8531630  0.0587290 
19.7158269  2.9650270  0.0512450 
19.8000314  3.0039200  0.0381870 
19.8842260  3.0816890  0.0550770 
19.9684276  3.1676960  0.0482970 
20.0526322  3.2169250  0.0369270 
20.1368368  3.2730840  0.0402100 
20.2210294  3.3067210  0.0425880 
20.3052330  3.4050120  0.0385040 
20.3894376  3.3837340  0.0459480 
20.4736302  3.1852200  0.1077800 
20.6420364  3.3922300  0.0378630 
20.8104356  3.5297130  0.0351820 
20.9788318  3.4444980  0.0910440 
21.1472389  3.5401280  0.1227560 
21.3156351  3.7389350  0.1109840 
21.4840433  3.7281720  0.1178910 
21.6524405  3.8494330  0.0842030 
21.8208377  4.0908730  0.1067860 
21.9892458  4.1291690  0.3277650 
22.1576421  4.1076070  0.2610430 
22.3260393  4.2345370  0.0863910 
22.4944454  4.3658480  0.2759270 
22.6628446  4.4293780  0.0930770 
22.8312508  4.4399760  0.0305530 
22.9996480  4.5537960  0.0427990 
23.1680442  4.6326810  0.0867800 
23.3364533  4.7377620  0.0576210 
23.5048496  4.8134110  0.1340570 
23.6732468  4.9475080  0.0226880 
23.8416529  5.1378930  0.0502340 
24.0100521  5.1624530  0.1181770 
24.1784583  5.2600810  0.4808420 
24.3468555  5.4116770  0.0610350 
24.5152517  5.3789420  0.1230600 
24.6836599  5.5357480  0.1687860 
24.8520571  5.6342210  0.1197470 
25.0204543  5.6079720  0.1228440 
25.1888624  5.7423620  0.1343470 
25.3572596  5.9492440  0.1030600 
25.5256658  6.0763740  0.1068000 
25.6940620  6.6075780  0.2023560 
25.8624592  7.7434020  0.2266240 
26.0308674  7.1508880  0.0394420 
26.1992646  6.5417890  0.0428930 
26.3676618  6.5499950  0.0407470 
26.5360699  6.8912800  0.1842580 
26.7044661  7.1535610  0.1995430 
26.8728733  7.1259910  0.1589720 
27.0412695  7.1258210  0.0423510 
27.2096687  7.1528860  0.0402600 
27.3780749  7.3418640  0.7244910 
27.5464721  7.5065360  0.6278270 
27.7148683  7.6768780  0.1488610 
27.8832764  7.7372210  0.0471640 
28.0516736  7.9466690  0.0467820 
28.2200798  8.1900220  0.3595640 
28.3884790  8.1876950  0.5270430 
28.5568762  8.3054670  0.1849650 
28.7252824  8.3460630  0.1580790 
28.8936786  8.3707040  0.1726090 
29.0620758  8.4660070  0.2182040 
29.2304839  8.6687700  0.1037690 
29.3988811  8.8418360  0.1350070 
29.5672873  9.0548320  0.1202290 
29.7356865  9.2950120  0.6052600 
29.9040827  9.3226150  0.6301740 
30.0724899  9.3113450  0.5951410 
30.2408861  9.4770850  0.1367330 
30.4092853  9.6048120  0.1698980 
30.5776914  9.8983180  0.0988650 
30.7460886  9.9853140  0.4270130 
30.9144968  10.1143500  0.3513680 
31.0828930  10.2931990  0.6888560 
31.2512902  10.4744990  0.3925190 
31.4196964  10.6431870  0.5661670 
31.5880956  10.9397160  0.2701240 
31.7564928  11.0339790  0.1898330 
31.9248989  11.1083550  0.6053130 
32.0932951  11.1728510  0.1920790 
32.2617043  11.5364600  0.1208310 
32.4301005  12.0502300  0.1107750 
32.5984977  12.5087060  0.2496830 
32.7669058  12.8512370  0.1132410 
32.9353031  12.7615270  0.2246860 
33.1036993  13.0138790  0.6111860 
33.2721074  13.3141820  0.3900560 
33.4405046  13.8554320  0.1096530 
33.6089088  13.8966570  0.2763980 
33.7773060  14.0170760  0.3418870 
33.9457072  13.9846770  0.1321070 
34.1141114  14.5168920  0.5188090 
34.2825086  14.4600190  0.2397680 
34.4509048  14.2099400  0.2079460 
34.6193129  15.8963440  0.5071600 
34.7877101  17.0554920  0.1178170 
34.9561183  14.6895380  1.1259850 
35.1245155  13.7810380  0.1292490 
35.2929117  15.2507270  0.1646500 
35.4613208  15.2735370  0.2416800 
35.6297171  15.0348740  0.3125100 
35.7981143  15.8606120  0.4819170 
35.9665224  15.7358430  0.5067510 
36.1349196  15.3501700  0.7316470 
36.3033278  14.6751260  0.2174610 
36.4717250  14.9513020  0.7834460 
36.6401212  15.8349180  0.3931240 
36.8085254  16.1566200  0.6446420 
36.9769226  15.8071800  1.1263460 
37.1453238  14.6434520  0.3162940 
