13.2788115  0.5484720  0.0083760 
13.3587334  0.5361270  0.0096420 
13.4386554  0.5443870  0.0110230 
13.5185679  0.5491560  0.0083280 
13.5984898  0.5520730  0.0085970 
13.6784118  0.5521960  0.0131440 
13.7583243  0.5544730  0.0135600 
13.8382462  0.5592290  0.0256700 
13.9181681  0.5618130  0.0305810 
13.9980901  0.5670850  0.0138040 
14.0780026  0.5701820  0.0121570 
14.1579245  0.5805130  0.0122170 
14.2378465  0.5938860  0.0294540 
14.3177590  0.5981680  0.0147130 
14.3976809  0.5886200  0.0128960 
14.4776029  0.5897540  0.0127820 
14.5575154  0.5928690  0.0108100 
14.6374373  0.5972600  0.0113110 
14.7173592  0.6036410  0.0135830 
14.7972717  0.6019930  0.0113060 
14.8771937  0.6025580  0.0097580 
14.9571156  0.6044470  0.0132190 
15.0370281  0.6048600  0.0118050 
15.1169501  0.6150310  0.0121010 
15.1968729  0.6224940  0.0135860 
15.2767930  0.6298350  0.0121690 
15.3567064  0.6418370  0.0373370 
15.4366293  0.6485360  0.0137700 
15.5165503  0.6903210  0.0359250 
15.5964638  0.6865570  0.0096140 
15.6763838  0.6643240  0.0138780 
15.7563067  0.6607180  0.0135180 
15.8362202  0.6703100  0.0135620 
15.9161402  0.6794160  0.0115290 
15.9960631  0.6841740  0.0116890 
16.0759747  0.6913760  0.0113460 
16.1558975  0.6844090  0.0104940 
16.2358195  0.6830870  0.0099950 
16.3157310  0.6972000  0.0097080 
16.3956539  0.7214060  0.0111060 
16.4755759  0.7259800  0.0102700 
16.5554969  0.7346990  0.0076970 
16.6354103  0.7293140  0.0120020 
16.7153332  0.7343650  0.0110320 
16.7952532  0.7272910  0.0108550 
16.8751667  0.7399440  0.0140320 
16.9550896  0.7446940  0.0119000 
17.0350106  0.7491310  0.0103710 
17.1149240  0.7577230  0.0140510 
17.1948441  0.7614610  0.0187280 
17.2747670  0.7621540  0.0115980 
17.3546804  0.7827990  0.0085510 
17.4346005  0.7770410  0.0153140 
17.5145233  0.7804180  0.0081860 
17.5944349  0.7789980  0.0077520 
17.6743578  0.7834720  0.0120710 
17.7542797  0.8011420  0.0091670 
17.8342026  0.8185990  0.0081160 
17.9141142  0.8038850  0.0251930 
17.9940361  0.8016960  0.0329090 
18.0739571  0.8039390  0.0209990 
18.1538706  0.8109920  0.0119250 
18.2337934  0.8056190  0.0123480 
18.3137135  0.8004100  0.0118940 
18.3936269  0.8034770  0.0156240 
18.4735498  0.8189590  0.0172860 
18.5534708  0.8097700  0.0136210 
18.6333843  0.8124940  0.0136280 
18.7133043  0.8294810  0.0490580 
18.7932272  0.8338510  0.0444230 
18.8731407  0.8370800  0.0352870 
18.9530607  0.8403430  0.0190130 
19.0329836  0.8431420  0.0156190 
19.1129065  0.8410760  0.0163940 
19.1928180  0.8382240  0.0156510 
19.2727400  0.8409770  0.0182780 
19.3526629  0.8395000  0.0316480 
19.4325744  0.8346310  0.0222640 
19.5924174  0.8330020  0.0341290 
19.7522537  0.8713600  0.0155040 
19.9120872  0.8409380  0.0107510 
20.0719311  0.8520700  0.0206260 
20.2317646  0.8855300  0.0113080 
20.3916094  0.8657810  0.0135080 
20.5514438  0.8699230  0.0124090 
20.7112783  0.9095810  0.0101120 
20.8711231  0.8992430  0.0424910 
21.0309566  0.9144700  0.0454280 
21.1907910  0.9139370  0.0179230 
21.3506340  0.9238570  0.0123670 
21.5104703  0.9234560  0.0105740 
21.6703133  0.9205700  0.0089910 
21.8301477  0.9265660  0.0237930 
21.9899812  0.9270800  0.0474900 
22.1498270  0.9251400  0.0121310 
22.3096605  0.9454260  0.0078200 
22.4694949  0.9564960  0.0113760 
22.6293378  0.9521590  0.0183480 
22.7891742  0.9504410  0.0069000 
22.9490171  0.9581770  0.0068340 
23.1088516  0.9568940  0.0075160 
23.2686851  0.9697810  0.0065240 
23.4285299  0.9819360  0.0240410 
23.5883643  0.9841020  0.0229660 
23.7481988  0.9867570  0.0098920 
23.9080436  0.9923250  0.0074920 
24.0678780  0.9971190  0.0197480 
24.2277210  1.0161080  0.0183030 
24.3875545  1.0200420  0.0089200 
24.5473889  1.0269350  0.0105010 
24.7072337  1.0374370  0.0081200 
24.8670682  1.0363160  0.0077520 
25.0269026  1.0239960  0.0111730 
25.1867475  1.0411870  0.0160860 
25.3465810  1.0573760  0.0080430 
25.5064248  1.0630770  0.0145630 
25.6662583  1.0758350  0.0111610 
25.8260947  1.1016940  0.0156040 
25.9859376  1.0865850  0.0253320 
26.1457721  1.0767630  0.0152380 
26.3056056  1.0852270  0.0089610 
26.4654504  1.0919290  0.0119410 
26.6252848  1.1096690  0.0121150 
26.7851278  1.1030980  0.0148890 
26.9449641  1.1129510  0.0132380 
27.1047985  1.1092900  0.0138290 
27.2646415  1.1105110  0.0133410 
27.4244750  1.1190020  0.0169360 
27.5843094  1.1263610  0.0144850 
27.7441542  1.1363460  0.0171870 
27.9039887  1.1424360  0.0206310 
28.0638316  1.1431640  0.0123860 
28.2236680  1.1589780  0.0125750 
28.3835014  1.1824300  0.0108650 
28.5433453  1.1702120  0.0128410 
28.7031788  1.1594300  0.0126750 
28.8630152  1.1536200  0.0120520 
29.0228581  1.1808180  0.0150530 
29.1826925  1.1767640  0.0203070 
29.3425374  1.1924110  0.0144350 
29.5023709  1.1991820  0.0240520 
29.6622053  1.2147300  0.0165360 
29.8220482  1.2057320  0.0488530 
29.9818846  1.2101880  0.0167850 
30.1417190  1.2177220  0.0220510 
30.3015620  1.2205850  0.0164840 
30.4613955  1.2271360  0.0167290 
30.6212412  1.2545340  0.0211550 
30.7810747  1.2510800  0.0209240 
30.9409092  1.2586240  0.0168120 
31.1007540  1.2655540  0.0315810 
31.2605884  1.2670760  0.0406080 
31.4204219  1.2692830  0.0258920 
31.5802668  1.2665460  0.0271000 
31.7401012  1.2762070  0.1226550 
31.8999423  1.3056440  0.1669380 
32.0597767  1.3441540  0.0244200 
32.2196149  1.3061050  0.0439810 
32.3794560  1.3321130  0.0361760 
32.5392904  1.3321060  0.0378560 
32.6991239  1.3284560  0.0261060 
32.8589687  1.3324350  0.0259420 
33.0188032  1.3434290  0.0398580 
33.1786480  1.3439150  0.0496300 
33.3384825  1.3249620  0.0503950 
33.4983160  1.4222520  0.0465660 
33.6581617  1.4189620  0.0304650 
33.8179952  1.3093420  0.0364590 
33.9778297  1.3492000  0.0466880 
34.1376745  1.3584070  0.0605980 
34.2975089  1.3599030  0.0392010 
34.4573538  1.3707910  0.1013630 
34.6171882  1.3285400  0.0753560 
34.7770217  1.3928050  0.0443050 
34.9368628  1.4236270  0.0901810 
35.0966972  1.3902770  0.0604240 
35.2565354  1.3947970  0.0634880 
