13.8600630  0.5244710  0.0121740 
13.9434834  0.5253490  0.0076930 
14.0269038  0.5426370  0.0135580 
14.1103143  0.5485400  0.0254940 
14.1937346  0.5789100  0.0101260 
14.2771550  0.6487080  0.0099250 
14.3605655  0.6335080  0.0156430 
14.4439858  0.5630160  0.0075950 
14.5274062  0.5559550  0.0091650 
14.6108265  0.5603850  0.0066500 
14.6942370  0.5626060  0.0102920 
14.7776574  0.5640060  0.0058210 
14.8610777  0.5702910  0.0084260 
14.9444882  0.5765500  0.0100890 
15.0279086  0.5745460  0.0113490 
15.1113289  0.5769990  0.0056860 
15.1947394  0.5872530  0.0054830 
15.2781598  0.5922610  0.0057000 
15.3615801  0.5987090  0.0057250 
15.4449906  0.7256800  0.0096730 
15.5284110  0.9362420  0.0104230 
15.6118313  0.7898560  0.0085070 
15.6952418  0.6605180  0.0065430 
15.7786622  0.6764800  0.0072740 
15.8620835  0.6829650  0.0077440 
15.9455019  0.7013300  0.0107640 
16.0289134  0.7071820  0.0139700 
16.1123347  0.7176240  0.0092650 
16.1957541  0.7544840  0.0119810 
16.2791656  0.8065610  0.0185000 
16.3625840  0.8939510  0.0323210 
16.4460053  0.9306690  0.0119540 
16.5294168  0.8861800  0.0100590 
16.6128352  0.8741090  0.0154950 
16.6962565  0.8989450  0.0157420 
16.7796660  0.9017140  0.0106460 
16.8630874  0.9044510  0.0383130 
16.9465077  0.9888220  0.0172750 
17.0299172  1.0485790  0.0125900 
17.1133386  0.9695550  0.0288220 
17.1967589  0.9376210  0.0204080 
17.2801783  0.9547610  0.0111110 
17.3635898  0.9485540  0.0090030 
17.4470111  0.9204750  0.0197520 
17.5304295  0.8597850  0.0171050 
17.6138410  0.8599950  0.0118670 
17.6972623  0.8612100  0.0114490 
17.7806817  0.8714300  0.0112540 
17.8640932  0.8814310  0.0122890 
17.9475116  0.8734610  0.0131600 
18.0309329  0.8386260  0.0111490 
18.1143444  0.8556170  0.0081470 
18.1977628  0.8643750  0.0089220 
18.2811841  0.8675250  0.0179880 
18.3645936  0.8909980  0.0188400 
18.4480150  0.9076370  0.0194730 
18.5314353  0.9275940  0.0497260 
18.6148567  1.1358160  0.0543600 
18.6982662  1.2914600  0.0246000 
18.7816865  1.0909300  0.0128370 
18.8651059  0.9963580  0.0236290 
18.9485174  1.0083310  0.0194540 
19.0319387  1.0221820  0.0151370 
19.1153571  1.0174300  0.0121660 
19.1987686  1.0154470  0.0267180 
19.2821899  1.0661930  0.0149350 
19.3656093  1.0763080  0.0162410 
19.4490208  1.0847300  0.0163960 
19.5324392  1.1071700  0.0486190 
19.6158605  1.1196510  0.0159480 
19.6992720  1.1243360  0.0168520 
19.7826904  1.1288710  0.0156060 
19.8661117  1.1329430  0.0227600 
19.9495331  1.1465620  0.0155150 
20.0329426  1.1415900  0.0182370 
20.1163629  1.1500630  0.0129500 
20.1997843  1.1543200  0.0161870 
20.2831938  1.1759080  0.0164310 
20.4500335  1.2275180  0.0416220 
20.6168663  1.2467030  0.0389950 
20.7836962  1.2521090  0.0224440 
20.9505369  1.2825190  0.0167200 
21.1173668  1.3168830  0.0113200 
21.2842085  1.3225210  0.0184350 
21.4510393  1.3658330  0.0280010 
21.6178702  1.4205230  0.0335450 
21.7847119  1.4499420  0.0387950 
21.9515417  1.4778300  0.1767400 
22.1183726  1.5018490  0.0414180 
22.2852123  1.5680320  0.0339100 
22.4520451  1.5845770  0.0177410 
22.6188848  1.5894340  0.0192780 
22.7857157  1.6311660  0.0266150 
22.9525456  1.6756120  0.0267740 
23.1193882  1.6964400  0.0276960 
23.2862181  1.7279330  0.0104130 
23.4530490  1.7659090  0.0231340 
23.6198887  1.7893920  0.0246680 
23.7867215  1.8211290  0.0194630 
23.9535612  1.8762010  0.0272600 
24.1203921  1.9068370  0.0113990 
24.2872219  1.9785010  0.0104840 
24.4540636  1.9725410  0.0274990 
24.6208945  2.0028360  0.0234780 
24.7877253  2.0183530  0.0206660 
24.9545670  1.9776830  0.0272270 
25.1213979  2.0072330  0.0308640 
25.2882376  2.1040030  0.0301320 
25.4550675  2.1704210  0.0359440 
25.6218983  2.2602200  0.0261550 
25.7887400  2.5550040  0.0175300 
25.9555709  2.5518920  0.0310460 
26.1224017  2.3250310  0.0189550 
26.2892434  2.3478770  0.0130700 
26.4560733  2.3771740  0.0385160 
26.6229140  2.3884060  0.0331870 
26.7897439  2.3869210  0.0124700 
26.9565767  2.4614230  0.0208210 
27.1234164  2.5438050  0.0390930 
27.2902473  2.5642930  0.0956720 
27.4570771  2.5799350  0.0273960 
27.6239188  2.5980630  0.0165760 
27.7907497  2.6667640  0.0191580 
27.9575894  2.7112670  0.0986000 
28.1244222  2.7714630  0.0355860 
28.2912531  2.7992600  0.0364360 
28.4580928  2.7924290  0.0187030 
28.6249227  2.8190250  0.0145260 
28.7917535  2.8508880  0.0203730 
28.9585952  2.9090090  0.0385350 
29.1254261  2.9452030  0.0325730 
29.2922658  2.9871800  0.0258630 
29.4590986  3.0594710  0.0246860 
29.6259285  3.0964510  0.0239510 
29.7927692  3.1129630  0.0357590 
29.9595991  3.1618420  0.0178390 
30.1264319  3.1778880  0.0494230 
30.2932716  3.2612330  0.0295270 
30.4601025  3.3136200  0.0216910 
30.6269441  3.3280090  0.0263460 
30.7937740  3.3615210  0.0929720 
30.9606049  3.4008560  0.0266280 
31.1274446  3.4942070  0.0320350 
31.2942774  3.5421280  0.0493530 
31.4611083  3.5746830  0.0476510 
31.6279480  3.6210630  0.0222240 
31.7947779  3.6585640  0.0414850 
31.9616205  3.7376570  0.0239670 
32.1284504  3.8301170  0.0511160 
32.2952813  3.9010120  0.0248480 
32.4621229  4.0029180  0.0537930 
32.6289538  4.0667880  0.0432260 
32.7957837  4.2010390  0.0608740 
32.9626254  4.1791360  0.1037100 
33.1294562  4.2799520  0.1026830 
33.2962940  4.8717930  0.1047770 
33.4631248  5.1561760  0.1378440 
33.6299596  4.5702400  0.0463300 
33.7967974  4.5826330  0.0743860 
33.9636282  4.5940410  0.1167730 
34.1304581  4.5142880  0.1078350 
34.2972998  4.4182590  0.1252370 
34.4641306  4.6874380  0.0516400 
34.6309723  5.5675570  0.1266610 
34.7978032  5.9602190  0.1060750 
34.9646330  5.2422720  0.1209180 
35.1314757  4.9219260  0.1786120 
35.2983056  4.8368970  0.1997600 
35.4651364  4.9035100  0.1076720 
35.6319781  4.9254220  0.1819350 
35.7988090  4.8630460  0.1001530 
35.9656507  4.7491770  0.2480920 
36.1324815  4.8716270  0.1083570 
36.2993114  4.9361460  0.0926740 
36.4661491  5.0501600  0.0674520 
36.6329800  5.3257680  0.3019750 
36.7998148  4.9866060  0.1912990 
