13.8409739  1.2307413  0.0311710 
13.9242794  1.2751595  0.0226410 
14.0075848  1.3098696  0.0279990 
14.0908805  1.3292835  0.0296150 
14.1741859  1.3826246  0.1028610 
14.2574914  1.5195921  0.0509110 
14.3407870  1.7056655  0.0234780 
14.4240925  1.5912981  0.0161830 
14.5073979  1.4828991  0.0347160 
14.5907034  1.4645011  0.0224370 
14.6739990  1.4683803  0.0140340 
14.7573045  1.4950658  0.0219780 
14.8406099  1.5121708  0.0056630 
14.9239056  1.5300199  0.0130920 
15.0072110  1.5374446  0.0253020 
15.0905165  1.5372295  0.0197150 
15.1738121  1.5515720  0.0271180 
15.2571176  1.5681546  0.1038070 
15.3404230  1.5952926  0.1083740 
15.4237186  1.6756830  0.1064780 
15.5070241  1.9594403  0.0353590 
15.5903296  2.3211781  0.0066580 
15.6736252  1.8694993  0.0055900 
15.7569306  1.7136525  0.0089240 
15.8402371  1.7274882  0.0083520 
15.9235406  1.7387333  0.0269130 
16.0068372  1.7688467  0.0209280 
16.0901436  1.7643087  0.0058890 
16.1734481  1.7936636  0.0186470 
16.2567447  1.8150204  0.0199070 
16.3400482  1.8477222  0.0258390 
16.4233546  1.8847911  0.0258150 
16.5066513  1.8999654  0.0223000 
16.5899547  1.9053506  0.0158540 
16.6732612  1.8922624  0.0210490 
16.7565558  1.9120722  0.0178720 
16.8398623  1.9420969  0.0153790 
16.9231677  1.9697383  0.0063030 
17.0064624  2.0304575  0.0161700 
17.0897688  2.0349378  0.0097080 
17.1730743  2.0051305  0.0102770 
17.2563788  1.9957684  0.0174300 
17.3396754  2.0118376  0.0399480 
17.4229818  2.0307935  0.0606360 
17.5062853  2.0437465  0.0696690 
17.5895819  2.0539758  0.0487250 
17.6728883  2.0535876  0.0223680 
17.7561928  2.0656689  0.0103610 
17.8394894  2.0812890  0.0122130 
17.9227929  2.1176316  0.0076330 
18.0060994  2.1167466  0.0066540 
18.0893960  2.1179022  0.0151060 
18.1726995  2.1287381  0.0077690 
18.2560059  2.1262495  0.0126760 
18.3393005  2.1283144  0.0072320 
18.4226070  2.1228926  0.0061090 
18.5059124  2.1361572  0.0117630 
18.5892189  2.1496535  0.0072470 
18.6725135  2.2301980  0.0088730 
18.7558190  2.2875748  0.0138560 
18.8391235  2.2094157  0.0094840 
18.9224201  2.1529162  0.0081460 
19.0057265  2.1682789  0.0324350 
19.0890300  2.1548624  0.0390360 
19.1723266  2.1589501  0.0073320 
19.2556331  2.2018701  0.0200660 
19.3389375  2.2155495  0.0279340 
19.4222341  2.2203170  0.0160090 
19.5055376  2.2302480  0.0136190 
19.5888441  2.2402821  0.0183840 
19.6721407  2.2424878  0.0199270 
19.7554442  2.2323395  0.0086350 
19.8387506  2.2355833  0.0090190 
19.9220571  2.2266704  0.0161930 
20.0886572  2.2915416  0.0241210 
20.2552582  2.2200442  0.0256660 
20.4218682  2.2475370  0.0073160 
20.5884712  2.2515094  0.0620130 
20.7550713  2.3111917  0.0788010 
20.9216822  2.3025904  0.0106880 
21.0882823  2.3367161  0.0219520 
21.2548942  2.3547150  0.0078790 
21.4214953  2.3795607  0.0071380 
21.5880964  2.3865661  0.0218550 
21.7547083  2.4046825  0.0213220 
21.9213084  2.4269987  0.0081900 
22.0879095  2.4334175  0.0224210 
22.2545194  2.4726534  0.0108680 
22.4211225  2.4834105  0.0265880 
22.5877324  2.5141039  0.0349360 
22.7543335  2.5257450  0.0284260 
22.9209336  2.5476862  0.0118490 
23.0875465  2.5736809  0.0231700 
23.2541466  2.6122891  0.0116310 
23.4207477  2.6016306  0.0186920 
23.5873576  2.6189497  0.0180730 
23.7539606  2.6588720  0.0144710 
23.9205706  2.6724993  0.0587220 
24.0871717  2.6975524  0.0084320 
24.2537718  2.8373223  0.0166630 
24.4203837  2.8306440  0.0233870 
24.5869848  2.7421336  0.0592990 
24.7535858  2.7492012  0.0137830 
24.9201977  2.7674418  0.0234380 
25.0867988  2.7731808  0.0224880 
25.2534088  2.7763868  0.0089280 
25.4200089  2.7532323  0.0123230 
25.5866099  2.7914347  0.0348620 
25.7532218  3.1359344  0.0066960 
25.9198229  3.5477751  0.0078650 
26.0864240  3.1096282  0.1913120 
26.2530359  2.8714813  0.0511560 
26.4196360  2.8747583  0.0241200 
26.5862469  2.9000798  0.0093220 
26.7528470  2.9150112  0.0104270 
26.9194501  2.9518384  0.0085420 
27.0860600  2.9564240  0.0129610 
27.2526611  2.9464964  0.0229810 
27.4192612  2.9846821  0.0159960 
27.5858731  2.9970950  0.0181930 
27.7524742  3.0363508  0.0371240 
27.9190841  3.0364007  0.0429990 
28.0856872  3.0606842  0.0481340 
28.2522882  3.0839053  0.0298360 
28.4188982  3.0931198  0.0256230 
28.5854983  3.1286085  0.0275020 
28.7520994  3.1302586  0.0277620 
28.9187113  3.1631756  0.0185880 
29.0853123  3.1504555  0.0501590 
29.2519223  3.1958873  0.0370320 
29.4185253  3.2235931  0.0123940 
29.5851254  3.2226793  0.0288230 
29.7517364  3.2359860  0.0074980 
29.9183364  3.2412814  0.0617740 
30.0849395  3.2588710  0.0830250 
30.2515494  3.3087244  0.0275030 
30.4181505  3.3524872  0.0127170 
30.5847624  3.3458211  0.1246500 
30.7513625  3.3712900  0.1003820 
30.9179636  3.3822723  0.1406590 
31.0845735  3.4550872  0.0394130 
31.2511766  3.4468741  0.1220270 
31.4177777  3.4193712  0.0125580 
31.5843876  3.4533794  0.0267150 
31.7509877  3.5161491  0.0328470 
31.9176006  3.5731432  0.0634900 
32.0842007  3.6007680  0.0696840 
32.2508018  3.5499809  0.0120790 
32.4174137  3.5579412  0.0179990 
32.5840148  3.6301628  0.0506700 
32.7506149  3.7095484  0.0800750 
32.9172268  3.7678212  0.0882420 
33.0838278  3.7007298  0.0717940 
33.2504358  3.7979889  0.2203930 
33.4170369  4.2592172  0.0293310 
33.5836419  3.9330878  0.0506880 
33.7502499  3.8390558  0.0547560 
33.9168510  3.8187613  0.0875740 
34.0834511  3.8713195  0.0277420 
34.2500630  3.9742023  0.0187720 
34.4166640  3.9722117  0.0294810 
34.5832759  3.9676305  0.0251170 
34.7498770  3.9638999  0.1493950 
34.9164771  4.1020384  0.0288850 
35.0830900  4.0406749  0.1018540 
35.2496901  3.9435023  0.0527190 
35.4162912  4.0165611  0.2708180 
35.5829031  3.9883086  0.0879570 
35.7495042  3.9902926  0.0798970 
35.9161161  3.9071142  0.0427250 
36.0827172  4.0102621  0.0728060 
36.2493173  4.0567297  0.0462970 
36.4159252  4.1632001  0.0466570 
36.5825263  4.4342063  0.0773110 
36.7491313  4.1202546  0.4191870 
