13.4772046  3.2523420  0.0232940 
13.5583206  3.2195350  0.0145560 
13.6394367  3.2248370  0.0144610 
13.7205431  3.2419490  0.0190020 
13.8016591  3.2737400  0.0131450 
13.8827751  3.3186540  0.0150890 
13.9638816  3.3274000  0.0331740 
14.0449976  3.3421750  0.0703590 
14.1261136  3.3824020  0.1987470 
14.2072297  3.4864790  0.1912970 
14.2883361  3.5113280  0.1821000 
14.3694521  3.5551540  0.1858710 
14.4505681  3.5821770  0.0422480 
14.5316746  3.5947190  0.0998200 
14.6127906  3.6117920  0.1137160 
14.6939066  3.6699770  0.0359500 
14.7750131  3.6919510  0.0333430 
14.8561291  3.6813220  0.0147560 
14.9372451  3.6719420  0.0145840 
15.0183515  3.6717330  0.0145470 
15.0994676  3.6707080  0.0146480 
15.1805836  3.6477820  0.0261350 
15.2616900  3.6543080  0.0196050 
15.3428060  3.6584900  0.0304120 
15.4239230  3.6511510  0.0888510 
15.5050371  3.6744380  0.0497550 
15.5861445  3.6470610  0.0498730 
15.6672615  3.6047980  0.0532830 
15.7483766  3.6423770  0.1669930 
15.8294840  3.6262320  0.0518700 
15.9105981  3.6348100  0.0648540 
15.9917151  3.5745280  0.0578670 
16.0728225  3.5822230  0.0499490 
16.1539366  3.6056210  0.0495380 
16.2350535  3.6331200  0.0248250 
16.3161590  3.6416940  0.0292240 
16.3972760  3.6608920  0.0304000 
16.4783920  3.6420150  0.0394330 
16.5594975  3.6320520  0.0155490 
16.6406145  3.6951760  0.0295680 
16.7217305  3.7170860  0.0279780 
16.8028456  3.7436700  0.0224110 
16.8839530  3.7531680  0.0514410 
16.9650699  3.8369650  0.0306170 
17.0461841  3.8352480  0.0234480 
17.1272914  3.8167680  0.0587720 
17.2084084  3.8413760  0.0469700 
17.2895235  3.9001600  0.0442930 
17.3706309  3.9378290  0.0511310 
17.4517450  3.9564280  0.0262140 
17.5328620  3.9417790  0.0266130 
17.6139694  4.0326520  0.0232980 
17.6950835  4.0690200  0.0381200 
17.7762005  4.1025010  0.0173390 
17.8573059  4.1300630  0.0369560 
17.9384229  4.1428700  0.1087310 
18.0195389  4.2110430  0.0219690 
18.1006559  4.2632460  0.0372330 
18.1817614  4.2944250  0.1180030 
18.2628774  4.3423020  0.1201070 
18.3439925  4.3336490  0.2761740 
18.4250999  4.3672620  0.1850750 
18.5062169  4.4335010  0.0347030 
18.5873310  4.4232950  0.0470780 
18.6684384  4.5192870  0.0652890 
18.7495553  4.5911400  0.0760710 
18.8306704  4.6434100  0.0689230 
18.9117778  4.6720740  0.0476350 
18.9928919  4.7454890  0.1508970 
19.0740089  4.8233440  0.2075510 
19.1551163  4.9376950  0.1441020 
19.2362304  4.9989800  0.0345530 
19.3173474  5.0316220  0.0315030 
19.3984644  5.0739470  0.0327510 
19.4795698  5.1229970  0.0375010 
19.5606859  5.1968210  0.0304920 
19.6418028  5.2224940  0.0296690 
19.7229083  5.2374450  0.0508910 
19.8851394  5.2053790  0.0691320 
20.0473638  5.5014800  0.0339110 
20.2095853  5.5634890  0.0443190 
20.3718173  5.6538700  0.0318390 
20.5340388  5.8165180  0.0201600 
20.6962718  5.8782900  0.0829610 
20.8584943  6.0415780  0.0711450 
21.0207168  6.2119810  0.0402760 
21.1829498  6.3251090  0.0742350 
21.3451713  6.4350350  0.3289600 
21.5073937  6.5992410  0.0628660 
21.6696248  6.8113860  0.0885280 
21.8318492  6.8744060  0.0331030 
21.9940803  7.0022640  0.0764580 
22.1563027  7.0695930  0.0505540 
22.3185242  7.1508210  0.0993960 
22.4807582  7.3138060  0.1045350 
22.6429797  7.4826130  0.0551060 
22.8052022  7.6360670  0.0337940 
22.9674332  7.7754640  0.2522570 
23.1296576  7.8509350  0.0607480 
23.2918887  7.9397300  0.0329300 
23.4541112  8.0343970  0.2514480 
23.6163327  8.3442810  0.0402170 
23.7785657  8.4656690  0.0422160 
23.9407881  8.6000450  0.0585260 
24.1030106  8.7388410  0.2291280 
24.2652436  8.9505860  0.0287270 
24.4274661  9.1124580  0.0592760 
24.5896971  9.2481700  0.0652680 
24.7519187  9.3775300  0.0608260 
24.9141411  9.6089430  0.2827620 
25.0763741  9.7482590  0.0672970 
25.2385966  9.9682700  0.0581190 
25.4008190  10.0607110  0.0267800 
25.5630520  10.2271720  0.0664850 
25.7252735  10.4410850  0.0767210 
25.8875056  10.5676380  0.0353300 
26.0497271  10.6871940  0.0877210 
26.2119515  10.8712880  0.0736900 
26.3741826  11.0693040  0.0993410 
26.5364050  11.1532360  0.0398580 
26.6986265  11.3128300  0.0613600 
26.8608595  11.3907840  0.0789830 
27.0230820  11.6761130  0.1133760 
27.1853131  11.7723480  0.0557650 
27.3475374  12.0170870  0.0664150 
27.5097599  12.1722380  0.3253270 
27.6719910  12.2300000  0.0688640 
27.8342125  12.3801190  0.0466790 
27.9964350  12.4414200  0.0773480 
28.1586680  12.7117250  0.0643940 
28.3208904  12.8965110  0.4902450 
28.4831215  13.0635360  0.1015420 
28.6453459  13.2733670  0.1112250 
28.8075674  13.3627200  0.0826220 
28.9697994  13.4880070  0.0771270 
29.1320209  13.7094390  0.0386060 
29.2942453  13.7954190  0.1694280 
29.4564764  14.1282120  0.1029370 
29.6186989  14.1450830  0.1094560 
29.7809319  14.2275260  0.0561590 
29.9431534  14.3893880  0.1679220 
30.1053758  14.6679330  0.1362090 
30.2676069  14.8742130  0.0596420 
30.4298313  15.0293630  0.2103630 
30.5920537  15.0824560  0.1650940 
30.7542848  15.1661620  0.0555030 
30.9165063  15.3531060  0.0799560 
31.0787403  15.7344360  0.1195230 
31.2409618  16.0278170  0.2450600 
31.4031843  16.1010650  0.0719940 
31.5654173  16.2537400  0.0685920 
31.7276397  16.2597330  0.0941010 
31.8898612  16.7259750  0.0728680 
32.0520942  16.8223950  0.2402580 
32.2143167  16.9530870  0.5883830 
32.3765459  17.1764680  1.0050680 
32.5387683  17.4298900  0.3277120 
32.7009946  17.4226680  0.2033880 
32.8632238  17.8395480  0.1967430 
33.0254462  17.8492180  0.4309190 
33.1876677  17.9525320  0.1895910 
33.3499007  18.1959020  0.2643770 
33.5121232  18.4959910  0.2995710 
33.6743562  18.4945180  0.1759470 
33.8365787  18.2753810  0.1480430 
33.9988002  19.4478650  0.5270160 
34.1610341  19.5602820  0.4282590 
34.3232556  18.9069980  0.2191410 
34.4854781  18.9058570  0.2622220 
34.6477111  19.2673950  1.7784850 
34.8099336  19.2981110  0.1430130 
34.9721666  19.3187050  0.5306070 
35.1343890  19.7985860  0.2126770 
35.2966105  19.5290660  0.1213730 
35.4588397  19.8286300  0.3238300 
35.6210622  21.4206660  0.8505160 
35.7832885  20.0797750  0.8515540 
