14.0490479  1.1716400  0.0175770 
14.1325900  1.1673310  0.0096940 
14.2161421  1.2489020  0.0447190 
14.2996941  1.4669640  0.0408840 
14.3832363  1.4710250  0.0119410 
14.4667884  1.2650970  0.0104390 
14.5503404  1.2561050  0.0199630 
14.6338925  1.2979510  0.0084250 
14.7174346  1.3206630  0.0217230 
14.8009867  1.3678270  0.0314630 
14.8845387  1.3763260  0.0160720 
14.9680809  1.3936770  0.0182460 
15.0516330  1.4174970  0.0138450 
15.1351850  1.4427030  0.0131800 
15.2187272  1.4736570  0.0105260 
15.3022792  1.4924180  0.0143960 
15.3858313  1.4897350  0.0069160 
15.4693735  1.8481160  0.0101020 
15.5529255  2.5155230  0.0170270 
15.6364776  2.0626570  0.0206550 
15.7200197  1.6074900  0.0180890 
15.8035718  1.6392870  0.0150700 
15.8871248  1.6480230  0.0140600 
15.9706749  1.6712220  0.0119290 
16.0542181  1.7177550  0.0121980 
16.1377711  1.7169700  0.0106520 
16.2213222  1.7446880  0.0169520 
16.3048653  1.7612370  0.0421090 
16.3884154  1.7776090  0.0582880 
16.4719684  1.7976060  0.0100450 
16.5555116  1.8203000  0.0145520 
16.6390617  1.8617670  0.0106560 
16.7226147  1.8647910  0.0130190 
16.8061559  1.8929460  0.0127160 
16.8897089  1.9491860  0.0121750 
16.9732610  2.0013520  0.0139240 
17.0568022  2.0625750  0.0172210 
17.1403552  2.0074780  0.0257030 
17.2239073  2.0079370  0.0113090 
17.3074583  2.0154790  0.0181060 
17.3910015  2.0297170  0.0233100 
17.4745545  2.0575800  0.0189070 
17.5581046  2.0658710  0.0145880 
17.6416478  2.0511220  0.0327820 
17.7252008  2.0830570  0.0404990 
17.8087519  2.1297790  0.0229040 
17.8922950  2.1534830  0.0119530 
17.9758451  2.1729630  0.0259400 
18.0593981  2.1247410  0.0209550 
18.1429413  2.1540780  0.0233240 
18.2264914  2.1609530  0.0237190 
18.3100444  2.1401900  0.0500750 
18.3935856  2.1419990  0.0591390 
18.4771386  2.1226500  0.0177200 
18.5606907  2.1242980  0.0174660 
18.6442437  2.4133590  0.0186630 
18.7277849  2.6294610  0.0468650 
18.8113370  2.3459370  0.0196180 
18.8948880  2.1192220  0.0247190 
18.9784312  2.1220200  0.0137290 
19.0619842  2.1428570  0.0193160 
19.1455343  2.1241140  0.0194640 
19.2290775  2.1282290  0.0167250 
19.3126305  2.1648680  0.0185410 
19.3961815  2.1721870  0.0232470 
19.4797247  2.1708120  0.0218570 
19.5632748  2.1841740  0.0235020 
19.6468278  2.1804420  0.1010020 
19.7303710  2.1837580  0.0590450 
19.8139211  2.1984070  0.0170550 
19.8974741  2.2049550  0.0257880 
19.9810271  2.2132280  0.0242450 
20.0645683  2.2029000  0.0315870 
20.1481204  2.2138620  0.0174720 
20.2316734  2.1921550  0.0198910 
20.3152146  2.1815060  0.0617270 
20.4823177  2.2143180  0.0220800 
20.6494139  2.2701460  0.0303600 
20.8165072  2.2637240  0.0291200 
20.9836112  2.2801640  0.0254160 
21.1507045  2.2914220  0.0338710 
21.3178096  2.2789440  0.0403540 
21.4849038  2.2951240  0.0158380 
21.6519980  2.3175500  0.0360050 
21.8191031  2.3435720  0.0169770 
21.9861963  2.3707830  0.0524120 
22.1532906  2.3437500  0.0471320 
22.3203937  2.3583990  0.0360300 
22.4874899  2.3946520  0.0176860 
22.6545930  2.3966590  0.0177430 
22.8216872  2.3957040  0.0316040 
22.9887805  2.3874350  0.0591770 
23.1558865  2.3996770  0.0241880 
23.3229798  2.4138730  0.0149470 
23.4900740  2.4047010  0.0343480 
23.6571771  2.3965820  0.0480960 
23.8242733  2.3966710  0.0119120 
23.9913764  2.4356970  0.0178450 
24.1584706  2.4773030  0.0142640 
24.3255639  2.7203770  0.0320070 
24.4926690  2.5182430  0.0136960 
24.6597632  2.3973440  0.0285400 
24.8268574  2.4413010  0.0296310 
24.9939625  2.4103260  0.0396820 
25.1610567  2.3758650  0.0176730 
25.3281598  2.4090440  0.0136690 
25.4952531  2.4142510  0.0225870 
25.6623473  2.6186140  0.0611170 
25.8294524  3.6604440  0.0409050 
25.9965466  3.4439120  0.0640400 
26.1636408  2.5716720  0.0416360 
26.3307459  2.4781590  0.0459770 
26.4978392  2.5027090  0.0152330 
26.6649433  2.4876950  0.0631600 
26.8320365  2.4996950  0.0537790 
26.9991327  2.5386650  0.0410710 
27.1662358  2.5666360  0.0264290 
27.3333300  2.5548610  0.0216430 
27.5004233  2.5640590  0.0173180 
27.6675284  2.5494020  0.0149520 
27.8346226  2.5813880  0.0313650 
28.0017257  2.5923730  0.0251090 
28.1688219  2.6081800  0.0187470 
28.3359161  2.5959060  0.0743030 
28.5030192  2.6048030  0.0213660 
28.6701125  2.5946110  0.0164480 
28.8372067  2.5828500  0.0192950 
29.0043118  2.6359140  0.0251120 
29.1714060  2.6403970  0.0166950 
29.3385091  2.6654390  0.0197900 
29.5056053  2.6893310  0.0198920 
29.6726986  2.6567910  0.0414060 
29.8398027  2.6581570  0.0496930 
30.0068959  2.6572180  0.0254550 
30.1739921  2.6462800  0.0352150 
30.3410952  2.7040560  0.0193910 
30.5081894  2.7097400  0.0711970 
30.6752945  2.7237320  0.0192810 
30.8423878  2.7492630  0.0794920 
31.0094820  2.7837360  0.0187420 
31.1765851  2.8164920  0.0386300 
31.3436813  2.7916320  0.0441430 
31.5107755  2.8073590  0.0259500 
31.6778786  2.7960360  0.0361700 
31.8449719  2.7728970  0.0297540 
32.0120779  2.8210850  0.0235210 
32.1791712  2.8747180  0.0476930 
32.3462654  2.8941110  0.0297800 
32.5133705  2.9682040  0.0257210 
32.6804647  2.9967320  0.0339440 
32.8475580  3.0933600  0.0334260 
33.0146630  3.0621630  0.0551310 
33.1817573  3.0873780  0.1349170 
33.3488584  3.4547320  0.0477790 
33.5159526  3.6170550  0.0517560 
33.6830508  3.1826350  0.0367090 
33.8501519  3.1653010  0.0558680 
34.0172462  3.1578980  0.0834450 
34.1843394  3.1167450  0.0742780 
34.3514445  3.0355440  0.0996420 
34.5185387  3.2107220  0.0723680 
34.6856438  3.9183810  0.0632680 
34.8527380  4.1906570  0.0715670 
35.0198313  3.3976260  0.0946640 
35.1869373  3.1505970  0.1241300 
35.3540306  3.0192430  0.0934630 
35.5211248  3.0387150  0.0539140 
35.6882299  3.0113800  0.1240020 
35.8553241  3.0834530  0.0691840 
36.0224292  3.0635730  0.2782810 
36.1895234  3.1038280  0.1480620 
36.3566167  3.0217210  0.0748260 
36.5237178  3.0109440  0.0968080 
36.6908120  3.1848480  0.1834440 
36.8579102  2.9686650  0.1654810 
