13.9323265  1.0048320  0.0175640 
14.0161818  1.0094930  0.0156460 
14.1000371  1.0217920  0.0212580 
14.1838825  1.0293800  0.0145020 
14.2677378  1.1076170  0.0379200 
14.3515931  1.1246930  0.0147950 
14.4354385  1.0751720  0.0401010 
14.5192938  1.0692700  0.0468170 
14.6031491  1.0868910  0.0368770 
14.6870043  1.1113310  0.0318720 
14.7708497  1.1189910  0.0239570 
14.8547050  1.1258440  0.0100210 
14.9385603  1.1265130  0.0104710 
15.0224057  1.1401680  0.0097540 
15.1062610  1.1596490  0.0110050 
15.1901163  1.1681080  0.0137680 
15.2739617  1.1769290  0.0096910 
15.3578169  1.1758130  0.0179740 
15.4416722  1.2154590  0.0446540 
15.5255176  1.2855780  0.0097170 
15.6093729  1.2606670  0.0131470 
15.6932282  1.2339840  0.0135910 
15.7770736  1.2255540  0.0148500 
15.8609289  1.2360360  0.0107320 
15.9447852  1.2350630  0.0187640 
16.0286385  1.2485110  0.0200610 
16.1124848  1.2622690  0.0252360 
16.1963411  1.2630440  0.0132590 
16.2801954  1.2829150  0.0128830 
16.3640418  1.3000920  0.0117380 
16.4478951  1.3167790  0.0240940 
16.5317514  1.3184030  0.0432900 
16.6155978  1.3221270  0.0494370 
16.6994511  1.3365890  0.0776910 
16.7833073  1.3624740  0.0171560 
16.8671517  1.3652360  0.0152050 
16.9510080  1.3775450  0.0351040 
17.0348633  1.3985710  0.0191110 
17.1187077  1.3843740  0.0145110 
17.2025640  1.4015660  0.0143510 
17.2864193  1.4157550  0.0198580 
17.3702736  1.4186160  0.0143850 
17.4541200  1.4144260  0.0201110 
17.5379762  1.4427030  0.0159970 
17.6218295  1.4465420  0.0190700 
17.7056759  1.4508750  0.0358020 
17.7895322  1.4735600  0.0305850 
17.8733865  1.4732500  0.0205800 
17.9572329  1.4828840  0.0181540 
18.0410862  1.4996240  0.0167680 
18.1249425  1.4831300  0.0257280 
18.2087888  1.5019710  0.0303610 
18.2926421  1.5156350  0.0182810 
18.3764984  1.5107540  0.0271900 
18.4603428  1.5218170  0.0179610 
18.5441991  1.5272430  0.0227850 
18.6280544  1.5595380  0.0228720 
18.7119107  1.5984550  0.0195320 
18.7957551  1.5315560  0.0501100 
18.8796104  1.5189200  0.0283460 
18.9634647  1.5594120  0.0439750 
19.0473110  1.5677300  0.0273200 
19.1311673  1.5891910  0.0259260 
19.2150206  1.6028180  0.0403720 
19.2988670  1.5933130  0.0315050 
19.3827233  1.6036820  0.0838290 
19.4665776  1.6106710  0.1246930 
19.5504239  1.6202240  0.0876410 
19.6342773  1.6024790  0.0282710 
19.7181335  1.6314590  0.0374890 
19.8019799  1.6541630  0.0344980 
19.8858332  1.6555150  0.0319810 
19.9696895  1.6637210  0.0330990 
20.0535458  1.6519520  0.0686610 
20.1373902  1.6518360  0.0740830 
20.2212455  1.6788490  0.0361550 
20.3051017  1.6772390  0.0315290 
20.3889461  1.6380350  0.0244650 
20.5566557  1.6763320  0.0369630 
20.7243584  1.6787450  0.0139540 
20.8920581  1.7111610  0.0350510 
21.0597686  1.7017950  0.0229630 
21.2274683  1.7358800  0.0194110 
21.3951799  1.7463170  0.0215020 
21.5628806  1.7499950  0.0321590 
21.7305813  1.7622390  0.0188350 
21.8982928  1.7715290  0.0166210 
22.0659925  1.7877370  0.0648260 
22.2336932  1.8084220  0.0421720 
22.4014028  1.8190660  0.0189740 
22.5691054  1.8291310  0.0228890 
22.7368150  1.8338980  0.0251300 
22.9045157  1.8482690  0.0205140 
23.0722154  1.8381550  0.0726770 
23.2399279  1.8528800  0.0390120 
23.4076276  1.8577670  0.0236220 
23.5753283  1.8525970  0.0135060 
23.7430379  1.8677750  0.0371500 
23.9107405  1.9130320  0.0226240 
24.0784501  1.9086210  0.0183240 
24.2461508  1.8957500  0.0581560 
24.4138505  1.9096430  0.0127440 
24.5815621  1.9054170  0.0492240 
24.7492627  1.9139250  0.0190120 
24.9169634  1.9044390  0.0151370 
25.0846750  1.8713420  0.0223040 
25.2523757  1.9036290  0.0245600 
25.4200852  1.9198970  0.0143720 
25.5877849  1.9305980  0.0153930 
25.7554856  2.1202020  0.0288930 
25.9231972  2.1102200  0.0248300 
26.0908978  1.9593270  0.0568690 
26.2585985  1.9103490  0.0167500 
26.4263101  1.9619250  0.0191780 
26.5940098  2.0026230  0.0207050 
26.7617204  1.9946770  0.0376990 
26.9294200  1.9982420  0.0219960 
27.0971227  1.9792350  0.0163730 
27.2648323  2.0009950  0.0492010 
27.4325330  1.9942910  0.0217960 
27.6002326  1.9987690  0.0223170 
27.7679442  2.0117620  0.0205060 
27.9356449  2.0352980  0.0309890 
28.1033545  2.0342350  0.0312140 
28.2710571  2.0342280  0.0170960 
28.4387578  2.0324460  0.0169690 
28.6064674  2.0285270  0.0385510 
28.7741671  2.0305190  0.0244140 
28.9418678  2.0153970  0.0211890 
29.1095793  2.0429470  0.0371770 
29.2772800  2.0334910  0.0191440 
29.4449896  2.0343030  0.0239650 
29.6126922  2.0506080  0.0198780 
29.7803919  2.0297500  0.0197840 
29.9481025  2.0294680  0.0341750 
30.1158022  2.0555330  0.0322920 
30.2835048  2.0583200  0.1056080 
30.4512144  2.0750910  0.0294240 
30.6189151  2.0823670  0.0282280 
30.7866267  2.0665810  0.0256530 
30.9543264  2.0640890  0.0259430 
31.1220270  2.0665150  0.0461960 
31.2897366  2.0722220  0.0251020 
31.4574393  2.0865980  0.0510360 
31.6251400  2.0811130  0.0405610 
31.7928496  2.0759290  0.0264760 
31.9605492  2.0841600  0.0285630 
32.1282618  2.1246310  0.0428680 
32.2959615  2.1265500  0.0652310 
32.4636622  2.1410800  0.0451990 
32.6313737  2.1465660  0.0325640 
32.7990744  2.1593850  0.0346300 
32.9667741  2.2095880  0.0361950 
33.1344857  2.1699900  0.0654490 
33.3021863  2.1884980  0.1129060 
33.4698939  2.2759900  0.0476400 
33.6375946  2.2130680  0.0562760 
33.8052992  2.1772900  0.0875020 
33.9730069  2.2183950  0.0671610 
34.1407075  2.2243070  0.0434480 
34.3084072  2.1710310  0.0605550 
34.4761188  2.1793250  0.0458360 
34.6438195  2.2662040  0.0609100 
34.8115310  2.2253200  0.0643180 
34.9792317  2.0713780  0.0709820 
35.1469314  2.1951580  0.0750080 
35.3146439  2.1732170  0.0717160 
35.4823436  2.0938900  0.0727690 
35.6500443  2.2021020  0.1022780 
35.8177559  2.1086910  0.0916150 
35.9854566  2.0823110  0.0914500 
36.1531681  2.0427100  0.1038570 
36.3208688  2.0380630  0.0772010 
36.4885685  2.0064170  0.1285550 
36.6562761  1.9720950  0.0871810 
36.8239768  2.0701690  0.1170830 
36.9916814  1.9187280  0.1652410 
