21.5833001  13.7690600  0.0511900 
21.7524753  12.9073240  0.0541920 
21.9216506  13.7175010  0.0627350 
22.0908367  14.6982320  0.0650990 
22.2600110  15.7553720  0.0735470 
22.4291862  17.7023320  0.0807320 
22.5983704  19.2669620  0.0815370 
22.7675476  22.0641480  0.0998080 
22.9367318  23.2204760  0.1112420 
23.1059070  21.2731090  0.0988060 
23.2750812  23.0223220  0.1646880 
23.4442684  23.9705540  0.2884340 
23.6134426  21.8892920  0.2424280 
23.7826178  20.1059780  0.2098860 
23.9518020  18.3113540  0.1799570 
24.1209792  17.7947600  0.1661250 
24.2901634  17.4857880  0.1525860 
24.4593386  15.5447630  0.1278770 
24.6285128  14.0770530  0.1108320 
24.7976990  14.2446340  0.1148170 
24.9668742  14.2476870  0.1037290 
25.1360494  13.9878450  0.0967050 
25.3052356  14.1732590  0.1000350 
25.4744108  16.0869940  0.1027330 
25.6435950  16.6557920  0.1027000 
25.8127692  17.9341070  0.1059960 
25.9819445  18.0918640  0.1039140 
26.1511307  17.7965660  0.1018470 
26.3203059  19.2236540  0.1158730 
26.4894811  20.5806640  0.1284520 
26.6586673  20.8982300  0.1293030 
26.8278415  21.5404850  0.1293390 
26.9970267  22.5805870  0.1309850 
27.1662009  23.5399570  0.1384880 
27.3353781  24.6021080  0.1455080 
27.5045623  26.5351160  0.1618090 
27.6737375  28.4632110  0.1752180 
27.8429117  29.8485600  0.1740280 
28.0120979  30.3438280  0.1705460 
28.1812731  31.4595680  0.1716250 
28.3504573  32.1686900  0.1805400 
28.5196345  31.9784430  0.1784080 
28.6888097  34.0956610  0.1948510 
28.8579939  37.4436450  0.2137840 
29.0271681  36.6511190  0.2035000 
29.1963433  35.6650730  0.1966430 
29.3655295  36.8622400  0.2022460 
29.5347047  39.5533710  0.2175320 
29.7038889  41.0301360  0.2194380 
29.8730661  40.0058480  0.2196290 
30.0422404  41.2393720  0.4007820 
30.2114256  43.9002000  0.5652360 
30.3805998  41.4965820  0.2209230 
30.5497770  41.6742590  0.2278950 
30.7189612  42.1839490  0.2378590 
30.8881364  42.6540830  0.2400970 
31.0573226  43.0077170  0.2397280 
31.2264968  43.1736150  0.2396340 
31.3956720  44.2067030  0.2487420 
31.5648562  45.2904660  0.2534920 
31.7340334  45.7331090  0.2500730 
31.9032086  44.6057240  0.2456090 
32.0723928  44.9158020  0.2509420 
32.2415670  46.0541760  0.2613740 
32.4107542  47.6573070  0.2736360 
32.5799284  49.9818150  0.2856750 
32.7491036  51.5443950  0.2926490 
32.9182898  50.7438580  0.2919080 
33.0874650  51.6655880  0.2849990 
33.2566392  61.5994490  0.2804630 
33.4258254  63.7796020  0.2605830 
33.5950006  62.6174620  0.2674940 
33.7641828  58.1688650  0.2370810 
33.9333581  66.1362230  0.2757990 
34.1025373  61.0149960  0.2551600 
34.2717195  61.5149960  0.2591520 
34.4408947  62.4477960  0.2619650 
34.6100689  62.6527940  0.2627840 
34.7792551  65.9262470  0.2738150 
34.9484303  66.7628780  0.2825800 
35.1176165  63.0851250  0.2750220 
35.2867917  64.1150360  0.2839540 
35.4559659  72.4696200  0.3439300 
35.6251531  77.0324250  0.3756650 
35.7943273  71.0799790  0.3674080 
35.9635025  73.4121630  0.3894350 
36.1326887  72.3440170  0.3864540 
36.3018639  73.8204500  0.3994370 
36.4710501  73.4151310  0.4197400 
36.6402253  73.1858290  0.4230080 
36.8093995  67.3029100  0.3927200 
36.9785817  71.3791580  0.4458190 
37.1477569  80.5771870  0.5574500 
37.3169361  79.8877490  0.6056000 
