14.3099504  2.3005560  0.0211940 
14.3945510  2.2887860  0.0326410 
14.4791516  2.2020890  0.0131800 
14.5637422  2.1982500  0.0149370 
14.6483428  2.2174540  0.0277830 
14.7329434  2.2604940  0.0307060 
14.8175440  2.2587180  0.0141600 
14.9021346  2.2349460  0.0224090 
14.9867352  2.2705530  0.0171130 
15.0713359  2.2869040  0.0243240 
15.1559265  2.2957370  0.0214580 
15.2405271  2.2987780  0.0111450 
15.3251277  2.3022110  0.0134880 
15.4097183  2.3019550  0.0224660 
15.4943189  2.7660270  0.0144300 
15.5789195  3.2605290  0.0351350 
15.6635101  2.7274960  0.0139440 
15.7481107  2.3709470  0.0112540 
15.8327113  2.4150330  0.0125290 
15.9173019  2.4150530  0.0139450 
16.0019025  2.4119900  0.0122770 
16.0865041  2.3954790  0.0187170 
16.1711027  2.4045730  0.0173830 
16.2556944  2.4357870  0.0408150 
16.3402960  2.5398910  0.0214800 
16.4248956  2.7357460  0.0314410 
16.5094872  2.7019630  0.0165420 
16.5940858  2.6837700  0.0123980 
16.6786874  2.6484570  0.0249970 
16.7632790  2.6582580  0.0289810 
16.8478776  2.6879170  0.0153020 
16.9324792  2.7776210  0.0412120 
17.0170688  3.0219300  0.0376320 
17.1016704  3.0356920  0.0310190 
17.1862710  2.7792530  0.0372460 
17.2708606  2.7577670  0.0324540 
17.3554622  2.7921310  0.0150460 
17.4400628  2.7663650  0.0262820 
17.5246625  2.7121940  0.0190870 
17.6092541  2.6893850  0.0174360 
17.6938557  2.7480300  0.0197120 
17.7784543  2.7399440  0.0229260 
17.8630459  2.7028260  0.0695200 
17.9476475  2.6973000  0.0279690 
18.0322471  2.6631790  0.0200910 
18.1168387  2.6401680  0.0173710 
18.2014373  2.6629980  0.0289000 
18.2860389  2.6735510  0.0470500 
18.3706305  2.6649290  0.0226840 
18.4552291  2.6719620  0.0212500 
18.5398307  2.6896810  0.0173370 
18.6244204  2.7960670  0.0338250 
18.7090220  3.1494920  0.0664440 
18.7936226  3.0206290  0.0223250 
18.8782242  2.8123250  0.0320950 
18.9628138  2.7936080  0.0307640 
19.0474144  2.8127640  0.0256790 
19.1320140  2.8600240  0.0225710 
19.2166056  2.8341350  0.0331280 
19.3012072  2.8612270  0.0211930 
19.3858058  2.8312740  0.0298730 
19.4703974  2.8918550  0.0326290 
19.5549990  2.9439140  0.0275310 
19.6395986  2.9541240  0.0432210 
19.7241902  2.9511660  0.0320440 
19.8087888  2.9968560  0.0323540 
19.8933905  3.0422470  0.1499120 
19.9779821  3.0771350  0.0902630 
20.0625807  3.0950160  0.0250390 
20.1471823  3.1213340  0.0235400 
20.2317839  3.1546770  0.0345080 
20.3163735  3.1442640  0.0329110 
20.4009741  3.1668640  0.0262330 
20.4855757  3.1362690  0.0242830 
20.5701653  3.1175110  0.0143330 
20.7393655  3.1652520  0.0169140 
20.9085587  3.2299850  0.0393790 
21.0777490  3.2839910  0.0271080 
21.2469502  3.3390350  0.0677860 
21.4161404  3.3219220  0.0281660 
21.5853426  3.3409690  0.0439910 
21.7545338  3.4035250  0.0427210 
21.9237250  3.4963320  0.0534340 
22.0929272  3.5529860  0.1945890 
22.2621174  3.5974370  0.1731610 
22.4313087  3.6212480  0.0437670 
22.6005089  3.6609810  0.1738980 
22.7697021  3.7160990  0.0391310 
22.9389023  3.7718970  0.0305080 
23.1080935  3.8061720  0.0161270 
23.2772837  3.8232050  0.0693190 
23.4464869  3.8452490  0.0549530 
23.6156772  3.9150950  0.0256840 
23.7848684  3.9584630  0.0299760 
23.9540686  3.9945380  0.0535850 
24.1232618  3.9899100  0.0451280 
24.2924620  4.0652080  0.0262440 
24.4616532  4.0348360  0.0211770 
24.6308434  4.0651490  0.0327290 
24.8000457  4.1210130  0.0432210 
24.9692369  4.1036290  0.0824720 
25.1384281  4.1356720  0.0798470 
25.3076303  4.2127910  0.0478800 
25.4768215  4.2255990  0.1365120 
25.6460217  4.2613950  0.0516370 
25.8152119  4.7550990  0.0305010 
25.9844032  5.0214240  0.1106510 
26.1536054  4.6101530  0.0993000 
26.3227966  4.5182670  0.0247130 
26.4919878  4.4852320  0.0446060 
26.6611900  4.4862360  0.0748650 
26.8303802  4.5175950  0.0517280 
26.9995814  4.5317630  0.0321060 
27.1687717  4.6328280  0.0244060 
27.3379649  4.6657610  0.0342210 
27.5071651  4.7789270  0.2074640 
27.6763563  4.8224330  0.1549720 
27.8455465  4.8754680  0.0191880 
28.0147487  4.8405330  0.0487430 
28.1839399  4.9456300  0.0258020 
28.3531401  4.9274970  0.0935650 
28.5223334  4.9205740  0.0196450 
28.6915246  4.9613890  0.0471460 
28.8607248  5.0018000  0.0423880 
29.0299150  5.0536130  0.0343060 
29.1991062  5.0345780  0.0403730 
29.3683084  5.0992930  0.0675710 
29.5374996  5.1620620  0.0763680 
29.7066999  5.1929570  0.0353390 
29.8758931  5.2959700  0.0773130 
30.0450833  5.3469700  0.0501900 
30.2142845  5.3712300  0.0783270 
30.3834747  5.4270030  0.0252920 
30.5526679  5.4183480  0.0849080 
30.7218681  5.5702610  0.0499230 
30.8910594  5.6169920  0.0722960 
31.0602616  5.6337760  0.0681490 
31.2294518  5.6778710  0.1173840 
31.3986430  5.7102830  0.0681390 
31.5678432  5.8452480  0.0299360 
31.7370364  5.8588600  0.2593820 
31.9062276  5.8836660  0.0369490 
32.0754279  5.9422340  0.0367550 
32.2446181  6.0344180  0.0724970 
32.4138213  6.2431020  0.0356180 
32.5830115  6.4656700  0.0805010 
32.7522027  6.6226010  0.0457430 
32.9214049  6.8031200  0.0602850 
33.0905961  6.7683430  0.0732790 
33.2597864  7.0692900  0.1384380 
33.4289886  7.9961350  0.0898850 
33.5981798  7.2615320  0.0602110 
33.7673780  7.0682460  0.4002770 
33.9365692  7.0770580  0.2704850 
34.1057644  6.9457970  0.0516210 
34.2749626  7.1982310  0.0770460 
34.4441539  7.2805590  0.5433980 
34.6133441  8.5107600  0.1998600 
34.7825463  10.2910790  0.1195540 
34.9517375  9.4174010  0.1781130 
35.1209397  7.1798920  0.2605180 
35.2901309  6.9176180  0.1260860 
35.4593211  7.5414350  0.1867540 
35.6285243  7.5483310  0.1778350 
35.7977146  7.2670370  0.1242350 
35.9669058  7.6758390  0.1430420 
36.1361080  7.5774690  0.3020140 
36.3052992  7.4878670  0.0891280 
36.4745014  7.5134440  0.8057690 
36.6436926  7.5506180  0.3972820 
36.8128828  7.5397920  0.1054830 
36.9820811  7.7148960  0.2506440 
37.1512723  8.4838530  0.2380820 
37.3204675  7.6693100  0.8051590 
