13.9535357  0.3897190  0.0077410 
14.0375186  0.3965490  0.0177920 
14.1215015  0.4019760  0.0180450 
14.2054746  0.4077680  0.0112850 
14.2894575  0.4321110  0.0127500 
14.3734404  0.4400400  0.0088780 
14.4574135  0.4263700  0.0077210 
14.5413964  0.4253730  0.0077930 
14.6253794  0.4263200  0.0081990 
14.7093623  0.4353420  0.0071710 
14.7933353  0.4343480  0.0105910 
14.8773183  0.4414460  0.0097830 
14.9613012  0.4443810  0.0048950 
15.0452742  0.4457270  0.0066930 
15.1292572  0.4532410  0.0066540 
15.2132401  0.4694400  0.0082930 
15.2972131  0.4666070  0.0060840 
15.3811961  0.4600980  0.0058270 
15.4651790  0.5732700  0.0073080 
15.5491520  0.7445490  0.0097420 
15.6331350  0.6239350  0.0152190 
15.7171179  0.4999230  0.0115990 
15.8010909  0.5068550  0.0083480 
15.8850739  0.5164490  0.0090230 
15.9690578  0.5115320  0.0099000 
16.0530388  0.5172630  0.0084690 
16.1370128  0.5245010  0.0088680 
16.2209967  0.5287970  0.0073650 
16.3049787  0.5485700  0.0115670 
16.3889527  0.5696780  0.0106520 
16.4729337  0.5834730  0.0083210 
16.5569176  0.5787840  0.0070890 
16.6408916  0.5748240  0.0134430 
16.7248726  0.5792570  0.0100460 
16.8088565  0.5769500  0.0124890 
16.8928285  0.5916060  0.0308110 
16.9768125  0.6385870  0.0213100 
17.0607954  0.6593890  0.0154590 
17.1447674  0.6175270  0.0105280 
17.2287514  0.5984670  0.0105170 
17.3127343  0.6049700  0.0104730 
17.3967163  0.6089110  0.0118730 
17.4806903  0.6186520  0.0092280 
17.5646742  0.6223250  0.0104690 
17.6486552  0.6182420  0.0159630 
17.7326292  0.6180390  0.0167350 
17.8166131  0.6293830  0.0112490 
17.9005951  0.6385900  0.0097300 
17.9845691  0.6351190  0.0094810 
18.0685500  0.6225450  0.0145980 
18.1525340  0.6057750  0.0084410 
18.2365080  0.6179340  0.0133350 
18.3204889  0.6094180  0.0149610 
18.4044729  0.6168680  0.0087440 
18.4884449  0.6152730  0.0113730 
18.5724288  0.6319650  0.0181180 
18.6564118  0.7346410  0.0207540 
18.7403957  0.7847370  0.0219480 
18.8243677  0.6651170  0.0215840 
18.9083507  0.6208650  0.0153610 
18.9923326  0.6464870  0.0089290 
19.0763067  0.6388670  0.0164840 
19.1602906  0.6420540  0.0099860 
19.2442715  0.6371020  0.0210910 
19.3282456  0.6393470  0.0135120 
19.4122295  0.6414140  0.0205270 
19.4962114  0.6495700  0.0169390 
19.5801855  0.6599250  0.0100990 
19.6641664  0.6573220  0.0151280 
19.7481504  0.6527320  0.0207950 
19.8321244  0.6559920  0.0160200 
19.9161053  0.6542080  0.0110080 
20.0000893  0.6531960  0.0113080 
20.0840732  0.6579300  0.0136550 
20.1680452  0.6559210  0.0129530 
20.2520282  0.6530310  0.0147860 
20.3360121  0.6610450  0.0129830 
20.5879490  0.6549870  0.0170350 
20.7559070  0.6692410  0.0142930 
20.9238619  0.6690720  0.0112930 
21.0918278  0.6733300  0.0124940 
21.2597828  0.6677970  0.0127160 
21.4277497  0.6772310  0.0142130 
21.5957056  0.6881840  0.0110280 
21.7636616  0.6934240  0.0116150 
21.9316285  0.6894980  0.0079560 
22.0995835  0.6985640  0.0131030 
22.2675394  0.6888820  0.0142680 
22.4355043  0.7034070  0.0156560 
22.6034623  0.7052790  0.0097260 
22.7714272  0.7069790  0.0119630 
22.9393831  0.7158800  0.0084300 
23.1073381  0.7047800  0.0192490 
23.2753060  0.7025610  0.0080990 
23.4432609  0.7071300  0.0115700 
23.6112169  0.7037250  0.0110250 
23.7791818  0.7121150  0.0091660 
23.9471397  0.7278620  0.0115730 
24.1151046  0.7274210  0.0396600 
24.2830606  0.7495260  0.0164800 
24.4510156  0.7484610  0.0091880 
24.6189824  0.7399000  0.0098900 
24.7869384  0.7424610  0.0068140 
24.9548944  0.7381220  0.0090210 
25.1228613  0.7405590  0.0076660 
25.2908172  0.7410680  0.0181730 
25.4587821  0.7408950  0.0168380 
25.6267371  0.7520240  0.0135250 
25.7946930  0.9268190  0.0110080 
25.9626599  1.0064590  0.0145770 
26.1306159  0.8264360  0.0094710 
26.2985719  0.7672250  0.0207710 
26.4665387  0.7802130  0.0127710 
26.6344937  0.7827150  0.0185430 
26.8024596  0.7835570  0.0203020 
26.9704146  0.7905580  0.0073580 
27.1383725  0.8079410  0.0108460 
27.3063374  0.8175410  0.0141850 
27.4742934  0.8204250  0.0077950 
27.6422483  0.8333420  0.0095040 
27.8102152  0.8386860  0.0126460 
27.9781712  0.8578340  0.0161280 
28.1461361  0.8639130  0.0147910 
28.3140940  0.8561050  0.0127600 
28.4820500  0.8560100  0.0092650 
28.6500149  0.8597020  0.0087220 
28.8179699  0.8823120  0.0153570 
28.9859258  0.8892760  0.0176150 
29.1538927  0.8898370  0.0393840 
29.3218487  0.8936300  0.0143060 
29.4898135  0.9001880  0.0144100 
29.6577715  0.9196700  0.0139330 
29.8257265  0.9186300  0.0098570 
29.9936924  0.9277860  0.0367120 
30.1616473  0.9420230  0.0125040 
30.3296053  0.9522160  0.0364610 
30.4975702  0.9841570  0.0142490 
30.6655261  0.9823260  0.0234510 
30.8334930  0.9864260  0.0122840 
31.0014480  1.0069160  0.0359890 
31.1694039  1.0100960  0.0151960 
31.3373688  1.0287780  0.0124600 
31.5053268  1.0290670  0.0356790 
31.6732828  1.0432300  0.0173610 
31.8412476  1.0368210  0.0157090 
32.0092026  1.0611070  0.0212250 
32.1771705  1.0790790  0.0262660 
32.3451255  1.1122210  0.0153070 
32.5130814  1.1292560  0.0158080 
32.6810483  1.1587960  0.0167200 
32.8490043  1.1867730  0.0372120 
33.0169592  1.2034560  0.0276350 
33.1849261  1.2058360  0.0237500 
33.3528821  1.3547100  0.0295750 
33.5208450  1.4843220  0.0678540 
33.6888010  1.2987380  0.0385570 
33.8567609  1.2164130  0.0315990 
34.0247238  1.2611040  0.0328550 
34.1926798  1.2811280  0.0318140 
34.3606347  1.2211640  0.0552660 
34.5286016  1.5297410  0.0594160 
34.6965576  2.4458480  0.0844760 
34.8645244  2.4720220  0.0495670 
35.0324804  1.4081880  0.0331420 
35.2004354  1.3589330  0.0641460 
35.3684033  1.3807250  0.0851280 
35.5363582  1.3056600  0.0548040 
35.7043142  1.3937200  0.0409940 
35.8722811  1.3445650  0.0546010 
36.0402370  1.3652910  0.0531000 
36.2082039  1.3570100  0.0534890 
36.3761599  1.3605860  0.0447910 
36.5441148  1.3703150  0.0803300 
36.7120778  1.3921780  0.0482650 
36.8800337  1.4852390  0.0770280 
37.0479937  1.3281300  0.1142760 
