13.8614286  0.6545030  0.0077640 
13.9448571  0.6497650  0.0107120 
14.0282857  0.6592550  0.0059850 
14.1117044  0.6619550  0.0116680 
14.1951330  0.6691670  0.0061400 
14.2785616  0.7016480  0.0120640 
14.3619803  0.7121000  0.0126410 
14.4454089  0.6768560  0.0091770 
14.5288374  0.6785910  0.0140540 
14.6122660  0.6757020  0.0058720 
14.6956847  0.6715830  0.0103520 
14.7791133  0.6900370  0.0164490 
14.8625419  0.6910960  0.0130700 
14.9459606  0.7000260  0.0107300 
15.0293892  0.7025980  0.0121130 
15.1128177  0.7036890  0.0075840 
15.1962365  0.7114990  0.0048010 
15.2796650  0.7220890  0.0064220 
15.3630936  0.7279840  0.0050200 
15.4465123  0.7492040  0.0109670 
15.5299409  0.8126640  0.0084520 
15.6133695  0.8517060  0.0120630 
15.6967882  0.7806350  0.0080190 
15.7802167  0.7766300  0.0128390 
15.8636463  0.7777890  0.0082890 
15.9470729  0.7951030  0.0160580 
16.0304926  0.7987960  0.0069480 
16.1139222  0.8023420  0.0113250 
16.1973498  0.8116730  0.0104260 
16.2807695  0.8400530  0.0080110 
16.3641961  0.8740470  0.0597150 
16.4476256  0.9125640  0.0141630 
16.5310453  0.9042570  0.0092760 
16.6144719  0.8924820  0.0121290 
16.6979015  0.9040290  0.0081870 
16.7813192  0.9028870  0.0094370 
16.8647488  0.9247870  0.0241670 
16.9481773  0.9496270  0.0103380 
17.0315951  1.0168810  0.0148840 
17.1150246  0.9941790  0.0095180 
17.1984532  0.9760680  0.0147330 
17.2818808  0.9799290  0.0130610 
17.3653005  0.9822110  0.0121040 
17.4487300  0.9884850  0.0088600 
17.5321567  0.9669550  0.0106860 
17.6155764  0.9457630  0.0172850 
17.6990059  0.9537280  0.0179020 
17.7824335  0.9548110  0.0114200 
17.8658532  0.9556100  0.0117040 
17.9492798  0.9557680  0.0129930 
18.0327094  0.9420650  0.0106300 
18.1161291  0.9489080  0.0131120 
18.1995557  0.9543740  0.0128710 
18.2829852  0.9592110  0.0108530 
18.3664030  0.9527710  0.0120500 
18.4498325  0.9341650  0.0103790 
18.5332611  0.9359600  0.0104670 
18.6166906  0.9571410  0.0135930 
18.7001084  1.0218130  0.0163280 
18.7835369  1.0883850  0.0275510 
18.8669645  0.9488930  0.0121220 
18.9503842  0.9336440  0.0125460 
19.0338138  0.9375960  0.0140320 
19.1172404  0.9383600  0.0120410 
19.2006601  0.9306430  0.0119550 
19.2840897  0.9494310  0.0195410 
19.3675172  0.9612700  0.0288090 
19.4509369  0.9499820  0.0165090 
19.5343635  0.9573910  0.0284860 
19.6177931  0.9695120  0.0493310 
19.7012128  0.9869960  0.0180290 
19.7846394  0.9926200  0.0131970 
19.8680690  0.9971420  0.0120910 
19.9514985  0.9992960  0.0189610 
20.0349163  0.9953030  0.0195790 
20.1183448  0.9902140  0.0163150 
20.2017744  0.9904450  0.0133330 
20.2851921  0.9845320  0.0095030 
20.4520483  0.9933240  0.0127190 
20.6188975  0.9948930  0.0209500 
20.7857438  1.0103280  0.0087840 
20.9526010  1.0323280  0.0207230 
21.1194473  1.0196350  0.0220910 
21.1194473  1.0368340  0.0096150 
21.2863054  1.0326800  0.0130500 
21.4531527  1.0477880  0.0129310 
21.6200000  1.0676120  0.0115340 
21.7868581  1.0732170  0.0152060 
21.9537044  1.0817600  0.0315290 
22.1205517  1.0866500  0.0207360 
22.2874079  1.1062330  0.0209050 
22.4542571  1.1162210  0.0112880 
22.6211133  1.1312080  0.0072300 
22.7879606  1.1402040  0.0146040 
22.9548069  1.1341950  0.0177590 
23.1216660  1.1372030  0.0147430 
23.2885123  1.1597440  0.0114970 
23.4553596  1.1666880  0.0142520 
23.6222158  1.1778590  0.0665900 
23.7890650  1.1951710  0.0224780 
23.9559212  1.2059150  0.0143350 
24.1227685  1.2040740  0.0064010 
24.2896148  1.2252100  0.0121920 
24.4564729  1.2270310  0.0169610 
24.6233202  1.2227460  0.0077440 
24.7901675  1.2504880  0.0104300 
24.9570256  1.2607030  0.0154170 
25.1238729  1.2633850  0.0092310 
25.2907291  1.2540890  0.0269650 
25.4575754  1.2606040  0.0292360 
25.6244227  1.3053880  0.0384180 
25.7912808  1.4872920  0.0249260 
25.9581281  1.5589470  0.0355840 
26.1249754  1.3886970  0.0278890 
26.2918335  1.3274640  0.0292810 
26.4586798  1.3559520  0.0316300 
26.6255369  1.3745170  0.0271150 
26.7923833  1.3871690  0.0099270 
26.9592325  1.4043780  0.0085530 
27.1260887  1.4156150  0.0134990 
27.2929360  1.4149260  0.0124910 
27.4597823  1.4362450  0.0103020 
27.6266404  1.4514230  0.0188030 
27.7934877  1.4752290  0.0243800 
27.9603438  1.4720700  0.0152220 
28.1271931  1.4931240  0.0107240 
28.2940404  1.4994940  0.0741380 
28.4608966  1.5082110  0.0183540 
28.6277429  1.5310410  0.0164700 
28.7945901  1.5300850  0.0247140 
28.9614483  1.5587970  0.0168870 
29.1282956  1.5658800  0.0256600 
29.2951517  1.5740800  0.0198270 
29.4620010  1.5909150  0.0773770 
29.6288473  1.6120590  0.0132390 
29.7957044  1.6204640  0.0176580 
29.9625507  1.6308020  0.0202300 
30.1294000  1.6405160  0.0239320 
30.2962562  1.6785940  0.0154590 
30.4631034  1.6892880  0.0304460 
30.6299616  1.7059500  0.0144650 
30.7968079  1.7195750  0.0277920 
30.9636552  1.7491170  0.0261890 
31.1305113  1.7585510  0.0164510 
31.2973606  1.7768720  0.0260290 
31.4642079  1.7778540  0.0235850 
31.6310640  1.7895380  0.0304060 
31.7979103  1.8043960  0.0195670 
31.9647695  1.8583060  0.0220340 
32.1316158  1.9001900  0.0296970 
32.2984631  1.9040030  0.0251680 
32.4653212  1.9275200  0.0299900 
32.6321685  1.9477990  0.0333090 
32.7990148  2.0054640  0.0477750 
32.9658729  2.0695370  0.0565780 
33.1327202  2.0864910  0.0359300 
33.2995744  2.1549820  0.0456040 
33.4664217  2.3956040  0.0380870 
33.6332729  2.2095770  0.0355800 
33.8001271  2.1539020  0.0366400 
33.9669744  2.1330390  0.0573690 
34.1338207  2.1395160  0.0583430 
34.3006788  2.1270050  0.0611850 
34.4675261  2.1145870  0.0588330 
34.6343842  2.4088280  0.0587110 
34.8012315  2.8564260  0.0534640 
34.9680778  2.7706230  0.0708780 
35.1349369  2.2774370  0.0817470 
35.3017833  2.1698220  0.0523480 
35.4686305  2.1856010  0.0479110 
35.6354887  2.2617570  0.1383480 
35.8023360  2.2292670  0.0709090 
35.9691941  2.2693260  0.0675380 
36.1360414  2.2952610  0.0652330 
36.3028877  2.2031410  0.0503310 
36.4697419  2.2396780  0.1054170 
36.6365892  2.4345290  0.1655510 
36.8034404  2.2456150  0.1063360 
