13.8273710  1.1518360  0.0165530 
13.9105946  1.1727470  0.0142680 
13.9938182  1.1891370  0.0184240 
14.0770319  1.2004960  0.0100540 
14.1602555  1.2266080  0.0098270 
14.2434791  1.2534300  0.0148030 
14.3266929  1.2695140  0.0125080 
14.4099165  1.2863470  0.0105440 
14.4931400  1.3044040  0.0448830 
14.5763636  1.3152080  0.0360880 
14.6595774  1.3225590  0.0100190 
14.7428010  1.3535750  0.0082890 
14.8260246  1.3810240  0.0103340 
14.9092383  1.3983700  0.0141540 
14.9924619  1.4145830  0.0138020 
15.0756855  1.4345240  0.0575900 
15.1588993  1.4640940  0.0156830 
15.2421229  1.4884010  0.0129150 
15.3253464  1.5126640  0.0167590 
15.4085602  1.5395300  0.0161820 
15.4917838  1.6425880  0.0110640 
15.5750074  1.7191790  0.0392410 
15.6582211  1.6321280  0.0392650 
15.7414447  1.6269910  0.0239640 
15.8246693  1.6458500  0.0303690 
15.9078909  1.6768520  0.0156270 
15.9911057  1.6997320  0.0192710 
16.0743302  1.7076960  0.0123540 
16.1575528  1.7515860  0.0152470 
16.2407676  1.7809740  0.0155440 
16.3239892  1.8040760  0.0200990 
16.4072138  1.8199370  0.0147280 
16.4904285  1.8334400  0.0134980 
16.5736501  1.8568810  0.0135300 
16.6568747  1.8730070  0.0141030 
16.7400875  1.8850310  0.0428800 
16.8233120  1.9028510  0.0120870 
16.9065356  1.9190790  0.0135760 
16.9897484  2.0297060  0.0192960 
17.0729730  2.0516320  0.0407070 
17.1561966  2.0037230  0.0585680 
17.2394192  2.0084630  0.0166060 
17.3226339  2.0038720  0.0223970 
17.4058585  2.0388590  0.0140600 
17.4890801  2.0390390  0.0231210 
17.5722948  2.0558300  0.0338990 
17.6555194  2.0662010  0.0329210 
17.7387420  2.0944750  0.0206570 
17.8219568  2.1173930  0.0323210 
17.9051784  2.1584390  0.0254640 
17.9884029  2.1546270  0.0401500 
18.0716177  2.1658320  0.0327860 
18.1548393  2.1742140  0.0220100 
18.2380639  2.1870990  0.0285930 
18.3212767  2.2122390  0.0289200 
18.4045012  2.2358510  0.0419740 
18.4877248  2.2658220  0.0359920 
18.5709494  2.3121430  0.0300590 
18.6541622  2.3298230  0.0432760 
18.7373857  2.3525600  0.0575580 
18.8206084  2.3235440  0.0368480 
18.9038231  2.3106340  0.0374380 
18.9870477  2.3180710  0.0182250 
19.0702693  2.2982570  0.0411120 
19.1534840  2.3403500  0.0242830 
19.2367086  2.3664250  0.0247510 
19.3199312  2.3565090  0.0369500 
19.4031459  2.3791310  0.0186480 
19.4863676  2.3965310  0.0246720 
19.5695921  2.4065100  0.0708510 
19.6528069  2.4278430  0.0335850 
19.7360285  2.4359720  0.0247410 
19.8192531  2.4481840  0.0214990 
19.9024776  2.4683090  0.0276070 
19.9856904  2.4705890  0.0374420 
20.0689140  2.4504680  0.0367300 
20.1521386  2.4556090  0.0384860 
20.2353514  2.4241040  0.0195250 
20.4017975  2.4650950  0.0225630 
20.5682369  2.5116790  0.0250410 
20.7346732  2.5295800  0.0481200 
20.9011204  2.5874540  0.0354750 
21.0675568  2.5440420  0.0283370 
21.2340049  2.6224710  0.0172100 
21.4004423  2.6574000  0.0278100 
21.5668796  2.7100260  0.0223280 
21.7333278  2.7339440  0.0844470 
21.8997641  2.7626310  0.1375610 
22.0662015  2.7986560  0.0211980 
22.2326477  2.8348760  0.0231530 
22.3990870  2.8590040  0.0166400 
22.5655332  2.8668510  0.0173860 
22.7319705  2.8956850  0.0234000 
22.8984069  2.9311590  0.1592670 
23.0648560  2.9417190  0.0858260 
23.2312924  2.9750620  0.0174980 
23.3977297  3.0271910  0.0278610 
23.5641759  3.0264920  0.0481750 
23.7306152  3.0225680  0.0344090 
23.8970614  3.0463150  0.0311630 
24.0634988  3.0562980  0.0250160 
24.2299351  3.1069010  0.0197950 
24.3963833  3.1260440  0.0393760 
24.5628206  3.1511250  0.0276360 
24.7292580  3.1691910  0.0192990 
24.8957061  3.1646070  0.0269770 
25.0621435  3.1901320  0.0218070 
25.2285897  3.2520890  0.0277350 
25.3950260  3.2608020  0.0141750 
25.5614634  3.2910750  0.0400130 
25.7279115  3.3080870  0.0131230 
25.8943489  3.4006280  0.0216990 
26.0607862  3.3942400  0.0228510 
26.2272344  3.3854820  0.0240770 
26.3936708  3.4252820  0.0629750 
26.5601179  3.4384970  0.1018280 
26.7265543  3.4715980  0.0161980 
26.8929936  3.4985680  0.0193500 
27.0594398  3.5084970  0.0246580 
27.2258771  3.5178360  0.0460530 
27.3923135  3.5631380  0.0184990 
27.5587617  3.5876920  0.0301790 
27.7251990  3.6694340  0.0440140 
27.8916452  3.6204820  0.0351520 
28.0580845  3.6441220  0.0166570 
28.2245219  3.6674320  0.0575330 
28.3909681  3.6759840  0.0168790 
28.5574044  3.6936430  0.0232210 
28.7238418  3.6940410  0.0349690 
28.8902899  3.7329430  0.0370650 
29.0567273  3.7448850  0.0428550 
29.2231735  3.7791370  0.0194810 
29.3896128  3.8373170  0.0391210 
29.5560491  3.8474760  0.0459060 
29.7224963  3.8261470  0.0166150 
29.8889327  3.8491920  0.0177160 
30.0553720  3.8527900  0.0504800 
30.2218182  3.9381440  0.0512450 
30.3882555  3.9255440  0.0326120 
30.5547037  3.9698570  0.0327720 
30.7211400  3.9792900  0.0572090 
30.8875774  4.0197490  0.0335060 
31.0540236  4.0525990  0.0425960 
31.2204629  4.0542590  0.1689220 
31.3869002  4.0517640  0.0290310 
31.5533464  4.0635800  0.0278070 
31.7197828  4.0936890  0.0356940 
31.8862319  4.1650880  0.0402870 
32.0526683  4.2014780  0.0762450 
32.2191057  4.2250930  0.0279760 
32.3855538  4.2524670  0.0344790 
32.5519912  4.2495360  0.0296950 
32.7184275  4.3747160  0.0327150 
32.8848757  4.3695250  0.0948840 
33.0513130  4.3751750  0.3565960 
33.2177572  4.4582980  0.3262960 
33.3841946  4.6018820  0.0519550 
33.5506359  4.5221460  0.0402700 
33.7170801  4.5769560  0.0412100 
33.8835174  4.5612010  0.2475140 
34.0499538  4.4798240  0.0395480 
34.2164020  4.5098420  0.0689460 
34.3828393  4.5690610  0.0819310 
34.5492875  4.7074310  0.0985640 
34.7157248  4.9830310  0.0523460 
34.8821612  5.4024370  0.0951760 
35.0486103  4.8470050  0.0840770 
35.2150467  4.5901650  0.0633400 
35.3814840  4.6691540  0.0655430 
35.5479322  4.6019490  0.4621650 
35.7143695  4.5500300  0.0594890 
35.8808177  4.4557920  0.2440780 
36.0472550  4.5651870  0.1486260 
36.2136914  4.5120810  0.0849390 
36.3801356  4.5740360  0.1591470 
36.5465730  4.9562510  0.2897600 
36.7130143  4.6051830  0.2477800 
