13.9618438  0.5150690  0.0187670 
14.0458767  0.5332920  0.0178850 
14.1299097  0.5325990  0.0166900 
14.2139327  0.5523720  0.0173550 
14.2979657  0.6488810  0.0179190 
14.3819986  0.6557910  0.0200340 
14.4660216  0.5566170  0.0142190 
14.5500546  0.5433600  0.0148110 
14.6340875  0.5554570  0.0117910 
14.7181205  0.5697960  0.0140850 
14.8021435  0.5833540  0.0210750 
14.8861764  0.5802630  0.0160380 
14.9702094  0.5822720  0.0103980 
15.0542324  0.5963680  0.0140370 
15.1382654  0.6045280  0.0106170 
15.2222983  0.6068000  0.0210910 
15.3063213  0.6169510  0.0128310 
15.3903543  0.6241900  0.0177900 
15.4743872  0.8027370  0.0151630 
15.5584102  1.0044510  0.0193290 
15.6424432  0.8355740  0.0256440 
15.7264761  0.6540700  0.0133830 
15.8104992  0.6664370  0.0177030 
15.8945321  0.6641910  0.0132200 
15.9785660  0.6733600  0.0138330 
16.0625970  0.6670090  0.0173130 
16.1466210  0.6776500  0.0160720 
16.2306550  0.6838420  0.0128100 
16.3146869  0.7275280  0.0230350 
16.3987109  0.7539370  0.0212920 
16.4827419  0.7723810  0.0179760 
16.5667758  0.7616020  0.0179110 
16.6507998  0.7437880  0.0214920 
16.7348308  0.7523300  0.0210100 
16.8188647  0.7526610  0.0223210 
16.9028868  0.7683640  0.0147180 
16.9869207  0.8484320  0.0199380 
17.0709537  0.8840360  0.0217490 
17.1549757  0.8093900  0.0215490 
17.2390096  0.7741950  0.0210210 
17.3230426  0.8021900  0.0206260 
17.4070745  0.7916170  0.0205640 
17.4910985  0.7988250  0.0237300 
17.5751325  0.7866390  0.0216700 
17.6591634  0.7923420  0.0158720 
17.7431875  0.7908210  0.0202890 
17.8272214  0.7901560  0.0353530 
17.9112533  0.7960670  0.0260410 
17.9952774  0.7892920  0.0181670 
18.0793083  0.7963540  0.0269990 
18.1633423  0.7777820  0.0303970 
18.2473663  0.7798090  0.0290130 
18.3313972  0.7991770  0.0299190 
18.4154312  0.8069550  0.0231800 
18.4994532  0.7979900  0.0353390 
18.5834871  0.7992490  0.0568450 
18.6675201  1.0029910  0.0590940 
18.7515540  1.0450420  0.0299900 
18.8355761  0.8723060  0.0261070 
18.9196090  0.8008900  0.0994720 
19.0036410  0.8068300  0.0703390 
19.0876650  0.7860860  0.0203360 
19.1716989  0.7961370  0.0318210 
19.2557299  0.7861790  0.0284880 
19.3397539  0.7919260  0.0228430 
19.4237878  0.8161940  0.0217950 
19.5078198  0.8404340  0.0271410 
19.5918438  0.8404610  0.0238150 
19.6758748  0.8171980  0.0248870 
19.7599087  0.8213810  0.0257080 
19.8439327  0.8317940  0.0219330 
19.9279637  0.8470490  0.0289000 
20.0119976  0.8448690  0.0350780 
20.0960316  0.8421580  0.0464330 
20.1800536  0.8469880  0.0273070 
20.2640865  0.8627140  0.0310500 
20.3481205  0.8529580  0.0341200 
20.4321425  0.8457340  0.0216660 
20.6002074  0.8645100  0.0248630 
20.7682654  0.8584510  0.0244400 
20.9363203  0.8790380  0.0280640 
21.1043862  0.8826380  0.0308420 
21.2724412  0.8855040  0.0212890 
21.4405081  0.9019230  0.0209830 
21.6085641  0.9177460  0.0258050 
21.7766200  0.9170340  0.0212130 
21.9446869  0.9241380  0.0231300 
22.1127419  0.9167050  0.0165560 
22.2807979  0.9426880  0.0272350 
22.4488628  0.9614550  0.0254450 
22.6169207  0.9696570  0.0196240 
22.7849856  0.9963650  0.0191790 
22.9530416  1.0009620  0.0184070 
23.1210966  0.9958390  0.0808840 
23.2891644  1.0017670  0.0424940 
23.4572194  1.0022200  0.0203480 
23.6252754  0.9971010  0.0170780 
23.7933403  1.0345380  0.0178990 
23.9613982  1.0574780  0.0400080 
24.1294631  1.0831450  0.0196460 
24.2975191  1.1884800  0.0144060 
24.4655741  1.1358640  0.0190570 
24.6336410  1.0913510  0.0161190 
24.8016969  1.0871520  0.0252580 
24.9697529  1.0697000  0.0164210 
25.1378198  1.1140880  0.0184620 
25.3058758  1.1318570  0.0194450 
25.4739407  1.1186140  0.0157900 
25.6419956  1.1523090  0.0471950 
25.8100516  1.7739240  0.0686020 
25.9781185  1.8203150  0.0313810 
26.1461745  1.2798350  0.0330280 
26.3142304  1.1622850  0.0293680 
26.4822973  1.1797470  0.0171220 
26.6503523  1.1988730  0.0261800 
26.8184182  1.2113800  0.0205270 
26.9864732  1.2156550  0.0255370 
27.1545311  1.2226170  0.0386310 
27.3225960  1.2507980  0.0233760 
27.4906520  1.2826230  0.0264580 
27.6587070  1.3171860  0.0270910 
27.8267738  1.3028020  0.0319300 
27.9948298  1.2981360  0.0251420 
28.1628947  1.3063600  0.0221940 
28.3309527  1.3314490  0.0297460 
28.4990086  1.3498830  0.0342680 
28.6670735  1.3718020  0.0366040 
28.8351285  1.3900260  0.0227290 
29.0031845  1.3765150  0.0362120 
29.1712514  1.3931030  0.0319400 
29.3393073  1.3990550  0.0629120 
29.5073722  1.4114980  0.0257300 
29.6754302  1.4421990  0.0310250 
29.8434852  1.4509410  0.0302120 
30.0115511  1.4627650  0.0240500 
30.1796060  1.4828220  0.0253010 
30.3476640  1.4895080  0.0260420 
30.5157289  1.5418440  0.0301680 
30.6837849  1.5655620  0.0291260 
30.8518517  1.5723840  0.0313060 
31.0199067  1.5894120  0.0356680 
31.1879627  1.5790610  0.0359510 
31.3560276  1.6052680  0.0510440 
31.5240855  1.6087470  0.0316590 
31.6921415  1.6355800  0.0486180 
31.8602064  1.6363200  0.0471920 
32.0282614  1.6342760  0.0382410 
32.1963293  1.6826660  0.0450680 
32.3643842  1.7617060  0.0377630 
32.5324402  1.8110170  0.0696220 
32.7005071  1.8572100  0.0423290 
32.8685631  1.8947280  0.0484770 
33.0366180  1.9415690  0.0495010 
33.2046849  1.9703000  0.0630540 
33.3727409  2.2021040  0.0651660 
33.5408038  2.2825940  0.1453900 
33.7088598  2.0082350  0.0836820 
33.8769197  1.9146300  0.0737570 
34.0449826  2.0224120  0.0855270 
34.2130386  2.0302200  0.0603030 
34.3810936  2.0002280  0.1128050 
34.5491605  2.3004650  0.0664900 
34.7172164  2.9901590  0.1488940 
34.8852833  3.0256090  0.1014570 
35.0533393  2.1462920  0.0867520 
35.2213943  2.1430130  0.3644560 
35.3894621  2.2262500  0.1502150 
35.5575171  2.1120260  0.1280730 
35.7255731  2.0234270  0.1356190 
35.8936400  2.1388450  0.1796960 
36.0616959  2.1565890  0.1605760 
36.2297628  2.1451520  0.1351920 
36.3978188  2.2349620  0.1306570 
36.5658738  2.2058010  0.1095780 
36.7339367  2.2376490  0.1998230 
36.9019927  2.3425010  0.1820240 
37.0700526  2.1756870  0.3868660 
