13.8546036  1.3702560  0.0328280 
13.9379911  1.3852930  0.0100580 
14.0213786  1.4131330  0.0124150 
14.1047563  1.4213930  0.0309020 
14.1881438  1.4691790  0.0277200 
14.2715313  1.5565100  0.0106390 
14.3549089  1.5536090  0.0215990 
14.4382964  1.4954400  0.0140130 
14.5216839  1.4897330  0.0123940 
14.6050714  1.5044020  0.0136180 
14.6884490  1.5180960  0.0129250 
14.7718365  1.5592050  0.0112660 
14.8552240  1.5640860  0.0210000 
14.9386017  1.5798800  0.0224790 
15.0219892  1.6038450  0.0143330 
15.1053767  1.6265800  0.0553610 
15.1887543  1.6520060  0.0219430 
15.2721418  1.6824810  0.0180580 
15.3555293  1.7131120  0.0163590 
15.4389069  1.7786170  0.0139240 
15.5222944  1.9623510  0.0173640 
15.6056819  2.0259650  0.0205280 
15.6890596  1.8737060  0.0342930 
15.7724471  1.8893640  0.0133630 
15.8558355  1.9126410  0.0171170 
15.9392211  1.9582830  0.0134230 
16.0225997  2.0007730  0.0178650 
16.1059882  2.0277730  0.0189840 
16.1893747  2.0931740  0.0250790 
16.2727533  2.1543930  0.0223230 
16.3561388  2.2793440  0.0186510 
16.4395273  2.3835470  0.0195410 
16.5229060  2.3838000  0.0371190 
16.6062915  2.3701690  0.0553900 
16.6896800  2.3892560  0.0366270 
16.7730566  2.4210540  0.0333410 
16.8564451  2.4336250  0.0245530 
16.9398326  2.4828360  0.0161130 
17.0232093  2.6760070  0.0264270 
17.1065977  2.6951050  0.0244770 
17.1899852  2.6269100  0.0235820 
17.2733717  2.6483810  0.0266250 
17.3567504  2.6955400  0.0409610 
17.4401388  2.7037890  0.0134670 
17.5235244  2.6121000  0.0451950 
17.6069030  2.6092010  0.0516990 
17.6902915  2.6340170  0.0685450 
17.7736780  2.6418070  0.0680650 
17.8570566  2.6237520  0.0569460 
17.9404421  2.6708770  0.0396600 
18.0238306  2.6213600  0.0350430 
18.1072093  2.6683700  0.0379660 
18.1905948  2.6705980  0.0336590 
18.2739833  2.6783650  0.0707280 
18.3573599  2.6768520  0.0598820 
18.4407484  2.7106350  0.0631300 
18.5241359  2.7388880  0.0328460 
18.6075244  2.9225510  0.0851110 
18.6909010  3.3012370  0.0702340 
18.7742885  3.4163420  0.0478960 
18.8576750  2.9185060  0.0425000 
18.9410537  2.8994650  0.0402150 
19.0244421  2.9336620  0.0212000 
19.1078277  2.9242160  0.0212710 
19.1912063  2.9482560  0.0229820 
19.2745948  3.0413670  0.0232820 
19.3579813  3.0657810  0.0297250 
19.4413599  3.0768190  0.0245520 
19.5247454  3.1242450  0.0294710 
19.6081339  3.1913040  0.1163750 
19.6915126  3.2377810  0.1321980 
19.7748981  3.2557060  0.0661600 
19.8582866  3.2807770  0.0393050 
19.9416750  3.2733080  0.0402250 
20.0250517  3.2406540  0.1255090 
20.1084392  3.2728910  0.1252620 
20.1918277  3.2706480  0.0761870 
20.2752043  3.2367690  0.0654550 
20.4419783  3.2759790  0.0325050 
20.6087454  3.4676810  0.0175570 
20.7755096  3.4252290  0.0227080 
20.9422846  3.4803220  0.0200280 
21.1090487  3.6046790  0.0527720 
21.2758247  3.6097730  0.0884110 
21.4425899  3.7189360  0.0859030 
21.6093550  3.8487070  0.0521300 
21.7761310  3.8734100  0.1015490 
21.9428951  3.9383970  0.4575890 
22.1096603  4.0449250  0.0646230 
22.2764343  4.1262080  0.0253690 
22.4432014  4.1593030  0.0508790 
22.6099754  4.1975060  0.0212960 
22.7767405  4.2741420  0.0692030 
22.9435047  4.3500590  0.0986980 
23.1102816  4.3829540  0.0669520 
23.2770458  4.4637810  0.0253700 
23.4438109  4.5816870  0.0583550 
23.6105849  4.6005580  0.1801320 
23.7773520  4.5981090  0.0854680 
23.9441260  4.6687610  0.0655460 
24.1108912  4.7368800  0.0373890 
24.2776553  4.8438170  0.0232990 
24.4444313  4.8892680  0.0192870 
24.6111965  4.9093280  0.0470800 
24.7779616  4.9449870  0.0304320 
24.9447376  4.9560140  0.0514390 
25.1115027  5.0307160  0.0555390 
25.2782767  5.1741950  0.0523510 
25.4450409  5.2866110  0.0230700 
25.6118060  5.3975660  0.0398890 
25.7785820  5.6427500  0.0551840 
25.9453471  5.7576710  0.0356260 
26.1121123  5.5850680  0.0187660 
26.2788882  5.6478060  0.0744420 
26.4456524  5.7802410  0.2295210 
26.6124274  5.8158600  0.0766180 
26.7791915  5.8233760  0.0244240 
26.9459586  5.8921840  0.0219400 
27.1127326  6.0144870  0.0427880 
27.2794978  6.1119260  0.0545820 
27.4462619  6.2452200  0.0301730 
27.6130379  6.2898810  0.0565190 
27.7798031  6.4273470  0.0422690 
27.9465771  6.4558550  0.0362620 
28.1133442  6.5409430  0.0209690 
28.2801093  6.5602260  0.0532240 
28.4468833  6.5995850  0.0447360 
28.6136475  6.6648040  0.0492490 
28.7804126  6.6769400  0.0518390 
28.9471886  6.8099260  0.0506440 
29.1139537  6.9342590  0.0425980 
29.2807277  7.0500550  0.0369630 
29.4474948  7.1878960  0.0614490 
29.6142590  7.2164740  0.1438170 
29.7810340  7.2147490  0.0521460 
29.9477981  7.2782560  0.0439790 
30.1145652  7.3250160  0.0741560 
30.2813392  7.5434360  0.0248810 
30.4481044  7.6501090  0.0543430 
30.6148804  7.7578190  0.0781600 
30.7816445  7.8416350  0.0720480 
30.9484097  7.9328140  0.0794460 
31.1151837  8.0165130  0.0740310 
31.2819508  8.1298240  0.0986500 
31.4487159  8.2019960  0.0815980 
31.6154899  8.3302510  0.0415430 
31.7822541  8.4534220  0.0540800 
31.9490310  8.6730170  0.1125100 
32.1157952  8.8404530  0.1443200 
32.2825603  8.9054870  0.0531570 
32.4493363  9.0853010  0.0533050 
32.6161014  9.2134920  0.0725310 
32.7828656  9.6184380  0.0880050 
32.9496416  9.6146620  0.3184720 
33.1164067  9.8727280  0.0645040 
33.2831787  10.0730620  0.0676120 
33.4499439  11.2760290  0.0698780 
33.6167129  10.5011880  0.0508090 
33.7834850  10.2483260  0.1429100 
33.9502501  10.4372990  0.1236170 
34.1170143  10.2951360  0.0720480 
34.2837903  10.3597770  0.1069950 
34.4505554  10.5073640  0.0773560 
34.6173314  11.0687550  0.1070590 
34.7840965  12.2241650  0.1047110 
34.9508607  12.5546990  0.1471650 
35.1176376  10.8539760  0.1196710 
35.2844018  10.5110320  0.1149160 
35.4511669  10.7180740  0.1463300 
35.6179429  10.8694220  0.5778780 
35.7847080  10.7676290  0.1328410 
35.9514840  10.8940320  0.7738490 
36.1182491  10.9540620  0.8301210 
36.2850133  10.8790460  0.1865370 
36.4517853  10.9785440  0.1213980 
36.6185505  11.7253210  0.5396460 
36.7853195  10.9021220  0.4399920 
