20.8617918  2.6504940  0.0448180 
21.0292594  2.6789590  0.0371540 
21.1967161  2.7042680  0.0207560 
21.3641847  2.7090200  0.0222880 
21.5316424  2.7419780  0.0204850 
21.6991002  2.7625850  0.0273550 
21.8665688  2.7922730  0.0237740 
22.0340255  2.8534270  0.0541060 
22.2014832  2.8886610  0.0370770 
22.3689499  2.9214050  0.1385890 
22.5364096  2.9479080  0.1453680 
22.7038762  3.0230480  0.0143410 
22.8713339  3.0445310  0.0247800 
23.0387907  3.0294940  0.0441320 
23.2062603  3.0552150  0.0316250 
23.3737170  3.0981230  0.0303050 
23.5411747  3.1303500  0.0420920 
23.7086414  3.1768230  0.0476870 
23.8761011  3.1916840  0.0194520 
24.0435677  3.2190350  0.0377220 
24.2110254  3.2744390  0.0317520 
24.3784822  3.3547060  0.0299920 
24.5459508  3.2383920  0.0288640 
24.7134085  3.2753710  0.0279260 
24.8808662  3.2915320  0.0215320 
25.0483348  3.2683000  0.0289690 
25.2157925  3.2862540  0.0270430 
25.3832592  3.3352040  0.0212700 
25.5507159  3.3632240  0.0212810 
25.7181736  3.6200030  0.0257520 
25.8856422  4.0272160  0.0275930 
26.0531000  3.6077220  0.0235600 
26.2205577  3.4147140  0.0264470 
26.3880263  3.4846930  0.0164730 
26.5554830  3.5346010  0.0176750 
26.7229507  3.5158650  0.0249010 
26.8904074  3.5097150  0.0211780 
27.0578671  3.5976610  0.0239300 
27.2253337  3.6376240  0.0956070 
27.3927915  3.6431310  0.0302450 
27.5602482  3.6461610  0.0589540 
27.7277168  3.6401640  0.0176560 
27.8951745  3.6801190  0.0774990 
28.0626412  3.6799200  0.0228790 
28.2301009  3.7074790  0.0277570 
28.3975586  3.7057520  0.0641860 
28.5650252  3.7246570  0.0218110 
28.7324820  3.7444220  0.0365310 
28.8999397  3.7025460  0.0344290 
29.0674083  3.7243920  0.0402890 
29.2348660  3.7254630  0.0398110 
29.4023326  3.7535210  0.0210880 
29.5697923  3.8000480  0.0254970 
29.7372491  3.8027400  0.0573060 
29.9047167  3.7822690  0.0190670 
30.0721734  3.7901180  0.0351520 
30.2396331  3.8193500  0.0660920 
30.4070998  3.8445320  0.0312340 
30.5745575  3.8508620  0.0345590 
30.7420261  3.8586470  0.0431380 
30.9094828  3.8926590  0.0288110 
31.0769406  3.9232130  0.0304950 
31.2444072  3.9290510  0.0298860 
31.4118669  3.9736190  0.1704560 
31.5793246  3.9732410  0.0501280 
31.7467913  4.0038100  0.0236510 
31.9142480  4.0225430  0.0238660 
32.0817176  4.0940200  0.0353750 
32.2491743  4.1526640  0.0319290 
32.4166321  4.1584790  0.0248560 
32.5841007  4.2091320  0.0551550 
32.7515584  4.2124470  0.0593960 
32.9190151  4.3319440  0.1619070 
33.0864837  4.3857510  0.0811070 
33.2539415  4.3961470  0.1923160 
33.4214061  4.6163440  0.0467250 
33.5888638  4.7578900  0.1620690 
33.7563255  4.4628210  0.0520050 
33.9237902  4.5445290  0.0861720 
34.0912479  4.5118700  0.1666980 
34.2587046  4.4538050  0.0577690 
34.4261732  4.4062870  0.0374150 
34.5936310  4.5824690  0.1057060 
34.7610996  4.8457190  0.1233100 
34.9285573  4.6789930  0.0915420 
35.0960140  4.5801620  0.1205730 
35.2634836  4.6215650  0.1262100 
35.4309404  4.3740980  0.0855090 
35.5983981  4.4430100  0.1257580 
35.7658667  4.5056780  0.3644280 
35.9333244  4.4805520  0.0543590 
36.1007930  4.2671340  0.0875800 
36.2682508  4.4153710  0.0609270 
36.4357075  4.3811140  0.0612810 
36.6031722  4.4098130  0.0909520 
36.7706299  4.7657380  0.1420100 
36.9380916  4.4174150  0.2882810 
