44.500 0.00502990
44.560 0.00542516
44.620 0.00552542
44.680 0.00085515
44.740 0.00417805
44.800 0.00770183
44.860 0.00873243
44.920 0.00910214
44.980 0.00845683
45.040 0.00446842
45.100 0.00000000
45.160 0.00155566
45.220 0.00980617
45.280 0.01368030
45.340 0.01613380
45.400 0.01794730
45.460 0.01953010
45.520 0.02079190
45.580 0.02230050
45.640 0.02305350
45.700 0.02468840
45.760 0.02580490
45.820 0.02713640
45.880 0.02841780
45.940 0.02978030
46.000 0.03116030
46.060 0.03221270
46.120 0.03356850
46.180 0.03503150
46.240 0.03686800
46.300 0.03795780
46.360 0.03911430
46.420 0.03950290
46.480 0.00006337
46.540 0.00022692
46.600 0.00508657
46.660 0.04067500
46.720 0.01194840
46.780 0.02151570
46.840 0.04823060
46.900 0.05527350
46.960 0.05824680
47.020 0.02487500
47.080 0.05905380
47.140 0.06598050
47.200 0.06992260
47.260 0.07348480
47.320 0.07536010
47.380 0.07409530
47.440 0.06132570
47.500 0.08382730
47.560 0.08810520
47.620 0.08878220
47.680 0.08768990
47.740 0.08175500
47.800 0.06677040
47.860 0.03354760
47.920 0.00034183
47.980 0.00000000
48.040 0.00400742
48.100 0.05304140
48.160 0.09417210
48.220 0.12024800
48.280 0.04794430
48.340 0.15066300
48.400 0.16259700
48.460 0.17209700
48.520 0.17994100
48.580 0.18828900
48.640 0.19508800
48.700 0.20014000
48.760 0.20417100
48.820 0.20661600
48.880 0.20096500
48.940 0.19865200
49.000 0.18344600
49.060 0.15402200
49.120 0.10413600
49.180 0.03431480
49.240 0.00005801
49.300 0.00000000
49.360 0.00000000
49.420 0.00000000
49.480 0.02448790
49.540 0.10996000
49.600 0.18526600
49.660 0.23495500
49.720 0.28549400
49.780 0.31734200
49.840 0.31577800
49.900 0.28776900
49.960 0.33689200
50.020 0.37333800
50.080 0.40565900
50.140 0.41474400
50.200 0.41626700
50.260 0.44274700
50.320 0.44906400
50.380 0.46071800
50.440 0.46739100
50.500 0.13585400
50.560 0.45345500
50.620 0.14068400
50.680 0.42913300
50.740 0.46000300
50.800 0.49907000
50.860 0.50752800
50.920 0.50907300
50.980 0.50320700
51.040 0.40939100
51.100 0.39680100
51.160 0.51714600
51.220 0.53362700
51.280 0.53208300
51.340 0.51881500
51.400 0.43215300
51.460 0.00000000
51.520 0.48408100
51.580 0.50629700
51.640 0.39226200
51.700 0.03446280
51.760 0.49983100
51.820 0.54064000
51.880 0.55311000
51.940 0.56408300
52.000 0.56374600
52.060 0.56840500
52.120 0.57511800
52.180 0.57105100
52.240 0.57328800
52.300 0.57685300
52.360 0.56958600
52.420 0.56753300
52.480 0.56935000
52.540 0.56216800
52.600 0.56122400
52.660 0.56039500
52.720 0.55131400
52.780 0.54543700
52.840 0.53416900
52.900 0.50590300
52.960 0.45269000
53.020 0.32657400
53.080 0.04964150
53.140 0.00000000
53.200 0.07652100
53.260 0.25793700
53.320 0.45409800
53.380 0.50865300
53.440 0.50927600
53.500 0.54255800
53.560 0.55707400
53.620 0.56103000
53.680 0.55955400
53.740 0.53774400
53.800 0.56881000
53.860 0.56985500
53.920 0.56500400
53.980 0.57402200
54.040 0.57150100
54.100 0.56984000
54.160 0.56637300
54.220 0.56339100
54.280 0.56410500
54.340 0.55765900
54.400 0.53601600
54.460 0.43202700
54.520 0.03066230
54.580 0.50430100
54.640 0.54542400
54.700 0.55478300
54.760 0.55145000
54.820 0.54625900
54.880 0.53905400
54.940 0.51502700
55.000 0.46385700
55.060 0.29714600
55.120 0.00000000
55.180 0.15886300
55.240 0.41970100
55.300 0.48230000
55.360 0.50049300
55.420 0.50986000
55.480 0.47145300
55.540 0.50905900
55.600 0.50750900
55.660 0.50522200
55.720 0.49789300
55.780 0.47923600
55.840 0.00000000
55.900 0.45158600
55.960 0.42564000
56.020 0.34835300
56.080 0.36754300
56.140 0.29077600
56.200 0.15731500
56.260 0.00753426
56.320 0.00000000
56.380 0.00191147
56.440 0.12372900
56.500 0.24897700
56.560 0.30683000
56.620 0.32449700
56.680 0.30695000
56.740 0.12693800
56.800 0.00004089
56.860 0.12053900
56.920 0.30024100
56.980 0.33518400
57.040 0.33674200
57.100 0.33903000
57.160 0.33435400
57.220 0.32337600
57.280 0.31087700
57.340 0.29595800
57.400 0.27237900
57.460 0.23468200
57.520 0.15764600
57.580 0.01809740
57.640 0.00000000
57.700 0.00000000
57.760 0.10813700
57.820 0.18738500
57.880 0.21765600
57.940 0.22696600
58.000 0.22814600
58.060 0.22054400
58.120 0.20940500
58.180 0.19854600
58.240 0.18421100
58.300 0.16282600
58.360 0.13735100
58.420 0.10649600
58.480 0.06427150
58.540 0.02007100
58.600 0.00044855
58.660 0.00000000
58.720 0.00000000
58.780 0.00002657
58.840 0.00908983
58.900 0.04253700
58.960 0.07334860
59.020 0.09096520
59.080 0.09468470
59.140 0.11969800
59.200 0.12167600
59.260 0.12260300
59.320 0.11159400
59.380 0.11115500
59.440 0.12018000
59.500 0.12031200
59.560 0.12081500
59.620 0.11606900
59.680 0.11018300
59.740 0.10722800
59.800 0.10180000
59.860 0.08591350
59.920 0.04511430
59.980 0.00000000
60.040 0.02916310
60.100 0.06655740
60.160 0.00000000
60.220 0.07636940
60.280 0.08303570
60.340 0.08074380
60.400 0.07837250
60.460 0.07172460
60.520 0.07739970
60.580 0.07343360
60.640 0.07029430
60.700 0.07045060
60.760 0.06911410
60.820 0.06515660
60.880 0.06267430
60.940 0.06237440
61.000 0.06037740
61.060 0.05711690
61.120 0.05449410
61.180 0.04998680
61.240 0.05359660
61.300 0.04914360
61.360 0.04744950
61.420 0.04725920
61.480 0.04622660
61.540 0.04313240
61.600 0.04111520
61.660 0.04092630
61.720 0.03904980
61.780 0.02307910
61.840 0.02399780
61.900 0.03437000
61.960 0.03508750
62.020 0.03308920
62.080 0.03218290
62.140 0.03194360
62.200 0.03120760
62.260 0.02952800
62.320 0.02771410
62.380 0.02522360
62.440 0.00965386
62.500 0.02555520
62.560 0.02419440
62.620 0.02357250
62.680 0.02346460
62.740 0.02250460
62.800 0.02084870
62.860 0.01918290
62.920 0.00153922
62.980 0.01765440
63.040 0.01669390
63.100 0.01480740
63.160 0.01262870
63.220 0.00748764
63.280 0.00012309
63.340 0.00000000
63.400 0.00145899
63.460 0.00000000
63.520 0.00563184
63.580 0.00969823
63.640 0.01088510
63.700 0.01158760
63.760 0.01176710
63.820 0.01087370
63.880 0.00030018
63.940 0.00287498
64.000 0.00755774
64.060 0.01021260
64.120 0.00987514
64.180 0.00959288
64.240 0.00949624
64.300 0.00923315
64.360 0.00864992
64.420 0.00822102
64.480 0.00814910
64.540 0.00791521
64.600 0.00749728
64.660 0.00698833
64.720 0.00648195
64.780 0.00605582
64.840 0.00551429
64.900 0.00188464
64.960 0.00316396
65.020 0.00150931
65.080 0.00010325
65.140 0.00000000
65.200 0.00000000
65.260 0.00019748
65.320 0.00145192
65.380 0.00248674
65.440 0.00301914
65.500 0.00320795
65.560 0.00279197
65.620 0.00341776
65.680 0.00348608
65.740 0.00207326
