53.850 0.00502774
53.900 0.00512058
53.950 0.00532627
54.000 0.00553265
54.050 0.00572825
54.100 0.00583247
54.150 0.00600444
54.200 0.00620985
54.250 0.00652552
54.300 0.00676899
54.350 0.00696425
54.400 0.00701473
54.450 0.00636753
54.500 0.00000079
54.550 0.00607453
54.600 0.00802244
54.650 0.00864829
54.700 0.00911434
54.750 0.00949988
54.800 0.00980272
54.850 0.01010510
54.900 0.01025900
54.950 0.01015540
55.000 0.00958572
55.050 0.00727773
55.100 0.00043190
55.150 0.00000692
55.200 0.00706126
55.250 0.01111180
55.300 0.01285880
55.350 0.01396530
55.400 0.01498750
55.450 0.01571480
55.500 0.01595410
55.550 0.01736110
55.600 0.01817390
55.650 0.01899290
55.700 0.01977310
55.750 0.01819070
55.800 0.01575710
55.850 0.01039810
55.900 0.02162470
55.950 0.02200760
56.000 0.02048260
56.050 0.02127780
56.100 0.02026820
56.150 0.01693220
56.200 0.01021490
56.250 0.00145353
56.300 0.00000000
56.350 0.00000000
56.400 0.00186376
56.450 0.01292090
56.500 0.02281310
56.550 0.02924080
56.600 0.02951960
56.650 0.03492620
56.700 0.03245390
56.750 0.00553018
56.800 0.00000530
56.850 0.00765810
56.900 0.03781590
56.950 0.04901990
57.000 0.05526870
57.050 0.05585520
57.100 0.06258480
57.150 0.06571320
57.200 0.06814150
57.250 0.07059700
57.300 0.07250060
57.350 0.07352660
57.400 0.07264270
57.450 0.06922140
57.500 0.05760200
57.550 0.02913440
57.600 0.00013175
57.650 0.00000000
57.700 0.00000000
57.750 0.03107780
57.800 0.07532280
57.850 0.08424910
57.900 0.10790800
57.950 0.11276400
58.000 0.12236500
58.050 0.12645100
58.100 0.12999700
58.150 0.13186300
58.200 0.13198300
58.250 0.13041200
58.300 0.12571100
58.350 0.11668400
58.400 0.10189100
58.450 0.07900960
58.500 0.04751620
58.550 0.01501040
58.600 0.00049575
58.650 0.00000000
58.700 0.00000000
58.750 0.00000000
58.800 0.00084330
58.850 0.01896270
58.900 0.06458920
58.950 0.11195500
59.000 0.15127800
59.050 0.14075100
59.100 0.21046100
59.150 0.23746900
59.200 0.25728200
59.250 0.27271300
59.300 0.27736400
59.350 0.00366000
59.400 0.30373600
59.450 0.32661600
59.500 0.34002000
59.550 0.35114900
59.600 0.36109200
59.650 0.37011300
59.700 0.37551300
59.750 0.37866700
59.800 0.37277300
59.850 0.34798600
59.900 0.26574300
59.950 0.02925180
60.000 0.00000000
60.050 0.18462200
60.100 0.31987400
60.150 0.05979240
60.200 0.34145200
60.250 0.43023500
60.300 0.41533200
60.350 0.46787300
60.400 0.47788800
60.450 0.39695600
60.500 0.47964000
60.550 0.49858300
60.600 0.50482800
60.650 0.51025700
60.700 0.51561400
60.750 0.52086100
60.800 0.52589000
60.850 0.53068000
60.900 0.53301900
60.950 0.53452400
61.000 0.53732900
61.050 0.54296000
61.100 0.54418200
61.150 0.50990500
61.200 0.54492300
61.250 0.54534900
61.300 0.53643700
61.350 0.54090500
61.400 0.54047500
61.450 0.53916400
61.500 0.53790300
61.550 0.53210700
61.600 0.53458100
61.650 0.53076100
61.700 0.52029800
61.750 0.47499300
61.800 0.01094280
61.850 0.42083400
61.900 0.51033700
61.950 0.52741900
62.000 0.53338500
62.050 0.53562400
62.100 0.53646600
62.150 0.53590800
62.200 0.53478800
62.250 0.53286600
62.300 0.52892200
62.350 0.51603600
62.400 0.38387700
62.450 0.40051100
62.500 0.51325300
62.550 0.51781900
62.600 0.51380800
62.650 0.50060500
62.700 0.50835000
62.750 0.50914800
62.800 0.50326400
62.850 0.48864500
62.900 0.39242100
62.950 0.32627800
63.000 0.46112300
63.050 0.45631100
63.100 0.43001200
63.150 0.38235200
63.200 0.28309900
63.250 0.09364390
63.300 0.00000000
63.350 0.00000000
63.400 0.04970580
63.450 0.00000000
63.500 0.08123200
63.550 0.28097900
63.600 0.22901700
63.650 0.43949100
63.700 0.45744800
63.750 0.46693300
63.800 0.46956000
63.850 0.43098600
63.900 0.13009100
63.950 0.01687550
64.000 0.33691700
64.050 0.47842900
64.100 0.48733200
64.150 0.48881300
64.200 0.42018800
64.250 0.48578300
64.300 0.48944100
64.350 0.48828900
64.400 0.48592900
64.450 0.48269800
64.500 0.47861300
64.550 0.45424800
64.600 0.46534100
64.650 0.45367400
64.700 0.44009500
64.750 0.42327500
64.800 0.40016300
64.850 0.36604200
64.900 0.13397700
64.950 0.25567700
65.000 0.15910800
65.050 0.05067460
65.100 0.00043955
65.150 0.00000000
65.200 0.00000000
65.250 0.00732482
65.300 0.07857220
65.350 0.18079400
65.400 0.24681800
65.450 0.28302800
65.500 0.30414500
65.550 0.30055900
65.600 0.30497300
65.650 0.31906800
65.700 0.30599500
65.750 0.04637760
65.800 0.27046800
65.850 0.23736300
65.900 0.20450900
65.950 0.14541500
66.000 0.05992640
66.050 0.00040163
66.100 0.00000000
66.150 0.00321297
66.200 0.01549340
66.250 0.00608851
66.300 0.00028311
66.350 0.00000000
66.400 0.00000000
66.450 0.00000000
66.500 0.00000000
66.550 0.00000000
66.600 0.00211634
66.650 0.01597760
66.700 0.04054260
66.750 0.06427520
66.800 0.07505590
66.850 0.06325500
66.900 0.05327570
66.950 0.01988220
67.000 0.00069339
67.050 0.00000000
67.100 0.00000000
67.150 0.00000000
67.200 0.00098834
67.250 0.00363702
67.300 0.03531330
67.350 0.12013000
67.400 0.16257600
67.450 0.18877000
67.500 0.18184400
67.550 0.21781000
67.600 0.22621800
67.650 0.23366600
67.700 0.23638100
67.750 0.22464400
67.800 0.23668600
67.850 0.22120000
67.900 0.17729100
67.950 0.23171300
68.000 0.23376200
68.050 0.23199800
68.100 0.23010600
68.150 0.22684500
68.200 0.22483100
68.250 0.22171300
68.300 0.21893000
68.350 0.21587600
68.400 0.21271000
68.450 0.20940000
68.500 0.20207100
68.550 0.20247700
68.600 0.19903900
68.650 0.19189700
68.700 0.19200300
68.750 0.18124200
68.800 0.18465300
68.850 0.18084600
68.900 0.17663100
68.950 0.16976500
69.000 0.15189600
69.050 0.16478000
69.100 0.16146500
69.150 0.15590400
69.200 0.15271300
69.250 0.14968600
69.300 0.14592200
69.350 0.14214500
69.400 0.13854400
69.450 0.13501800
69.500 0.12749900
69.550 0.12814600
69.600 0.12493600
69.650 0.12175500
69.700 0.11859000
69.750 0.11542600
69.800 0.11240100
69.850 0.10934400
69.900 0.10639600
69.950 0.10343900
70.000 0.10051700
70.050 0.09144970
70.100 0.09474850
70.150 0.09145210
70.200 0.08886350
70.250 0.08609740
70.300 0.08243130
70.350 0.07919380
70.400 0.07721560
70.450 0.07397720
70.500 0.07055180
70.550 0.06606640
70.600 0.05923960
70.650 0.04123090
70.700 0.00000000
70.750 0.03272410
70.800 0.04110250
70.850 0.03556650
70.900 0.02499550
70.950 0.01004160
71.000 0.00029121
71.050 0.00000000
71.100 0.00000000
71.150 0.00176225
71.200 0.01218140
71.250 0.02057050
71.300 0.02360690
71.350 0.02384010
71.400 0.01875870
71.450 0.00791133
71.500 0.00001893
71.550 0.00000000
71.600 0.00146069
71.650 0.01031140
71.700 0.01338280
71.750 0.00707089
71.800 0.00597225
71.850 0.00072899
71.900 0.00000000
71.950 0.00000000
72.000 0.00000000
72.050 0.00040572
72.100 0.00416243
72.150 0.01214130
72.200 0.01545700
72.250 0.01159590
72.300 0.01994000
72.350 0.02113800
72.400 0.02160770
72.450 0.02175540
72.500 0.02165740
72.550 0.02146400
72.600 0.02118070
72.650 0.02079220
72.700 0.02035790
72.750 0.01977590
72.800 0.01741220
72.850 0.01902450
72.900 0.01852890
72.950 0.01812540
73.000 0.01781340
73.050 0.01738090
73.100 0.01693730
73.150 0.01651250
73.200 0.01555460
73.250 0.01560750
73.300 0.01523770
73.350 0.01480910
73.400 0.01394860
73.450 0.01397510
73.500 0.01337950
73.550 0.01291980
73.600 0.00672104
73.650 0.01178350
73.700 0.01191200
73.750 0.01139890
73.800 0.01133880
73.850 0.01099480
73.900 0.01061860
73.950 0.00784084
74.000 0.00985297
74.050 0.00948869
74.100 0.00940617
74.150 0.00906424
74.200 0.00873423
74.250 0.00811809
74.300 0.00806980
74.350 0.00772371
74.400 0.00689890
74.450 0.00706772
74.500 0.00683761
74.550 0.00598515
74.600 0.00597240
74.650 0.00576824
74.700 0.00535678
74.750 0.00483336
74.800 0.00413152
74.850 0.00297757
74.900 0.00068763
74.950 0.00000000
75.000 0.00079190
75.050 0.00149391
75.100 0.00115202
75.150 0.00059704
75.200 0.00015316
75.250 0.00000607
75.300 0.00000000
75.350 0.00000000
75.400 0.00000000
75.450 0.00000000
