118.800 0.00124994
119.020 0.00397418
119.240 0.00402938
119.460 0.00225319
119.680 0.00383396
119.900 0.00369127
120.120 0.00439386
120.340 0.00451699
120.560 0.00432101
120.780 0.00448845
121.000 0.00379039
121.220 0.00227602
121.440 0.00097433
121.660 0.00000000
121.880 0.00003139
122.100 0.00237087
122.320 0.00279802
122.540 0.00182044
122.760 0.00586002
122.980 0.00637089
123.200 0.00679287
123.420 0.00001829
123.640 0.00735442
123.860 0.00783606
124.080 0.00813583
124.300 0.00724567
124.520 0.00756223
124.740 0.00591513
124.960 0.00231934
125.180 0.00000390
125.400 0.00000000
125.620 0.00038806
125.840 0.00437520
126.060 0.00829789
126.280 0.00907982
126.500 0.00432147
126.720 0.00000000
126.940 0.00575687
127.160 0.01324600
127.380 0.01557350
127.600 0.01433220
127.820 0.00012483
128.040 0.00892108
128.260 0.01972220
128.480 0.02340840
128.700 0.02547210
128.920 0.02694580
129.140 0.02718910
129.360 0.00976646
129.580 0.03095440
129.800 0.03182380
130.020 0.03262360
130.240 0.03142600
130.460 0.03367140
130.680 0.03492670
130.900 0.03605850
131.120 0.03557850
131.340 0.03697470
131.560 0.03364060
131.780 0.02685320
132.000 0.01155870
132.220 0.00001541
132.440 0.00000000
132.660 0.00112253
132.880 0.02116300
133.100 0.03718490
133.320 0.05328410
133.540 0.02672320
133.760 0.05904270
133.980 0.07059110
134.200 0.06729330
134.420 0.05148990
134.640 0.01416190
134.860 0.00000000
135.080 0.00005449
135.300 0.02715060
135.520 0.06546630
135.740 0.07953880
135.960 0.06711020
136.180 0.01545450
136.400 0.00000000
136.620 0.00000000
136.840 0.03327230
137.060 0.09424310
137.280 0.12556800
137.500 0.13407000
137.720 0.08180940
137.940 0.07705050
138.160 0.01371340
138.380 0.00000000
138.600 0.00000000
138.820 0.00241073
139.040 0.04372240
139.260 0.14455900
139.480 0.20375500
139.700 0.25976000
139.920 0.29325200
140.140 0.33945200
140.360 0.32124200
140.580 0.39193100
140.800 0.41051800
141.020 0.42665900
141.240 0.39402800
141.460 0.45868200
141.680 0.43769000
141.900 0.47862200
142.120 0.49323100
142.340 0.50663300
142.560 0.50674500
142.780 0.46794900
143.000 0.31131500
143.220 0.18571700
143.440 0.51223900
143.660 0.51592700
143.880 0.49067700
144.100 0.40724500
144.320 0.02545030
144.540 0.00000000
144.760 0.19746500
144.980 0.43596400
145.200 0.46146000
145.420 0.54914100
145.640 0.56424800
145.860 0.56538600
146.080 0.33128400
146.300 0.50034900
146.520 0.38127800
146.740 0.05876220
146.960 0.00000000
147.180 0.20289400
147.400 0.42935900
147.620 0.51895400
147.840 0.56562700
148.060 0.60852900
148.280 0.60865500
148.500 0.58547300
148.720 0.06655440
148.940 0.59907700
149.160 0.20830300
149.380 0.65165300
149.600 0.65709300
149.820 0.66305500
150.040 0.66575300
150.260 0.66547700
150.480 0.66417700
150.700 0.65723300
150.920 0.59665200
151.140 0.22049000
151.360 0.64520900
151.580 0.63005300
151.800 0.64364400
152.020 0.64095300
152.240 0.64334400
152.460 0.38126400
152.680 0.67553400
152.900 0.66985800
153.120 0.67928900
153.340 0.68076900
153.560 0.09928960
153.780 0.65074200
154.000 0.65971500
154.220 0.26965700
154.440 0.62116300
154.660 0.62891400
154.880 0.60153600
155.100 0.56734600
155.320 0.49974400
155.540 0.04082450
155.760 0.19803500
155.980 0.00980689
156.200 0.00000000
156.420 0.00541100
156.640 0.22386900
156.860 0.42657400
157.080 0.51272700
157.300 0.56565200
157.520 0.60081900
157.740 0.62490600
157.960 0.62652700
158.180 0.60928800
158.400 0.59648600
158.620 0.65054100
158.840 0.64794100
159.060 0.45126500
159.280 0.60170600
159.500 0.55707800
159.720 0.01684910
159.940 0.37472900
160.160 0.12389100
160.380 0.00000000
160.600 0.00000000
160.820 0.09021160
161.040 0.35336400
161.260 0.33487600
161.480 0.57269800
161.700 0.60898600
161.920 0.57440800
162.140 0.64820800
162.360 0.65778700
162.580 0.61916800
162.800 0.66292500
163.020 0.67720200
163.240 0.68876600
163.460 0.60334800
163.680 0.68423500
163.900 0.67700100
164.120 0.14343300
164.340 0.65420800
164.560 0.64165000
164.780 0.60178300
165.000 0.01423660
165.220 0.44883700
165.440 0.00003775
165.660 0.51494700
165.880 0.56569800
166.100 0.55883500
166.320 0.41626700
166.540 0.29823100
166.760 0.00005611
166.980 0.00000000
167.200 0.08953700
167.420 0.39793400
167.640 0.48925900
167.860 0.51775300
168.080 0.52662100
168.300 0.53278600
168.520 0.33081000
168.740 0.40758700
168.960 0.50975800
169.180 0.48166100
169.400 0.45491500
169.620 0.33389700
169.840 0.27026300
170.060 0.00172379
170.280 0.06421980
170.500 0.05066250
170.720 0.35858800
170.940 0.34429300
171.160 0.02718280
171.380 0.35504300
171.600 0.35834500
171.820 0.33624500
172.040 0.15162100
172.260 0.29131600
172.480 0.27309000
172.700 0.24545000
172.920 0.21386300
173.140 0.17562200
173.360 0.13077700
173.580 0.08194220
173.800 0.03522730
174.020 0.00526873
174.240 0.00000000
174.460 0.00000000
174.680 0.00000000
174.900 0.00000000
175.120 0.00046491
175.340 0.01201320
175.560 0.03839420
175.780 0.05829750
176.000 0.08648850
176.220 0.08701380
176.440 0.09670630
176.660 0.09596940
176.880 0.11053200
177.100 0.06799600
177.320 0.09992620
177.540 0.08934150
177.760 0.07574840
177.980 0.05911630
178.200 0.04211690
178.420 0.02108250
178.640 0.00875202
178.860 0.00101571
179.080 0.00000000
179.300 0.00000000
179.520 0.00000000
179.740 0.00000000
179.960 0.00000000
180.180 0.00000000
180.400 0.00000000
180.620 0.00000000
180.840 0.00007731
181.060 0.00126368
181.280 0.01326160
181.500 0.02341110
181.720 0.00239798
181.940 0.03627420
182.160 0.04290150
182.380 0.04735780
182.600 0.04382070
182.820 0.05252720
183.040 0.05344070
183.260 0.05264850
183.480 0.04088280
183.700 0.04783360
183.920 0.04999570
184.140 0.04836940
184.360 0.04444660
184.580 0.04432990
184.800 0.04363590
185.020 0.04179460
185.240 0.03971430
185.460 0.03723300
185.680 0.03616030
185.900 0.03385980
186.120 0.03068490
186.340 0.02524170
186.560 0.01447430
186.780 0.00370058
187.000 0.00000000
187.220 0.00000000
187.440 0.00322760
187.660 0.01364220
187.880 0.01936080
188.100 0.01958610
188.320 0.00000204
188.540 0.01503240
188.760 0.02304720
188.980 0.02373950
189.200 0.02382770
189.420 0.02187310
189.640 0.00965427
189.860 0.01803760
190.080 0.02014810
190.300 0.02166200
190.520 0.02155790
190.740 0.02154830
190.960 0.02087450
191.180 0.02008710
191.400 0.01903480
191.620 0.01926890
191.840 0.01902490
192.060 0.01850250
192.280 0.01798240
192.500 0.01676400
192.720 0.01720660
192.940 0.01680640
193.160 0.01632330
193.380 0.01577800
193.600 0.01491450
193.820 0.01474240
194.040 0.01401830
194.260 0.01229080
194.480 0.00684628
194.700 0.01239320
194.920 0.01246640
195.140 0.01226990
195.360 0.01217340
195.580 0.01149040
195.800 0.00486105
196.020 0.01056420
196.240 0.01093970
196.460 0.00652138
196.680 0.00655987
196.900 0.01024260
197.120 0.01052760
197.340 0.01013570
197.560 0.00985732
197.780 0.00951625
198.000 0.00937703
198.220 0.00878515
198.440 0.00864015
198.660 0.00837487
198.880 0.00748609
199.100 0.00783856
199.320 0.00779912
199.540 0.00772543
199.760 0.00754109
199.980 0.00716536
200.200 0.00712116
200.420 0.00728480
200.640 0.00735468
200.860 0.00726477
201.080 0.00696736
201.300 0.00768536
201.520 0.00761494
201.740 0.00717831
201.960 0.00709340
202.180 0.00440527
202.400 0.00463762
202.620 0.00676616
202.840 0.00687969
203.060 0.00687434
203.280 0.00680499
203.500 0.00670142
203.720 0.00657070
203.940 0.00613779
204.160 0.00411631
204.380 0.00000000
204.600 0.00380016
204.820 0.00583072
205.040 0.00607311
205.260 0.00599618
205.480 0.00582582
205.700 0.00534874
205.920 0.00549177
206.140 0.00541446
206.360 0.00530802
206.580 0.00520223
206.800 0.00487036
207.020 0.00493829
207.240 0.00481843
207.460 0.00463462
207.680 0.00433580
207.900 0.00416431
208.120 0.00293630
208.340 0.00310114
208.560 0.00408922
208.780 0.00390187
209.000 0.00392680
209.220 0.00382601
209.440 0.00360225
209.660 0.00369873
209.880 0.00366606
210.100 0.00340460
210.320 0.00256428
