172.080 0.00150643
172.340 0.00169272
172.600 0.00181480
172.860 0.00184404
173.120 0.00171256
173.380 0.00142969
173.640 0.00081996
173.900 0.00027773
174.160 0.00000547
174.420 0.00000000
174.680 0.00000000
174.940 0.00000000
175.200 0.00007922
175.460 0.00096013
175.720 0.00228905
175.980 0.00418960
176.240 0.00330962
176.500 0.00403959
176.760 0.00772338
177.020 0.00850656
177.280 0.00899039
177.540 0.00887263
177.800 0.00809259
178.060 0.00659512
178.320 0.00413225
178.580 0.00188363
178.840 0.00023891
179.100 0.00000000
179.360 0.00000000
179.620 0.00000000
179.880 0.00000000
180.140 0.00000000
180.400 0.00000000
180.660 0.00000000
180.920 0.00018915
181.180 0.00284735
181.440 0.00860312
181.700 0.00423684
181.960 0.01758240
182.220 0.02283240
182.480 0.02296370
182.740 0.03084810
183.000 0.03449910
183.260 0.03736640
183.520 0.02623540
183.780 0.03571410
184.040 0.04709470
184.300 0.04891540
184.560 0.05113320
184.820 0.05507950
185.080 0.05527010
185.340 0.04960430
185.600 0.06022730
185.860 0.06029060
186.120 0.05727530
186.380 0.04704990
186.640 0.02182190
186.900 0.00039892
187.160 0.00000000
187.420 0.00656354
187.680 0.04398860
187.940 0.06768940
188.200 0.05528100
188.460 0.00476815
188.720 0.09678690
188.980 0.10934600
189.240 0.11706400
189.500 0.05226220
189.760 0.10483200
190.020 0.09665700
190.280 0.14073300
190.540 0.15036600
190.800 0.15796100
191.060 0.16725500
191.320 0.00662147
191.580 0.18324200
191.840 0.19326700
192.100 0.19563500
192.360 0.17450200
192.620 0.21122700
192.880 0.22923500
193.140 0.23893000
193.400 0.24891400
193.660 0.25804900
193.920 0.26835200
194.180 0.26845800
194.440 0.01514020
194.700 0.29394400
194.960 0.31471500
195.220 0.32897300
195.480 0.33545900
195.740 0.26913200
196.000 0.31623600
196.260 0.34774300
196.520 0.03052150
196.780 0.33889500
197.040 0.40080400
197.300 0.42225900
197.560 0.42767700
197.820 0.44234900
198.080 0.45111100
198.340 0.46719600
198.600 0.48061000
198.860 0.46259800
199.120 0.48860800
199.380 0.51310900
199.640 0.51994400
199.900 0.50608900
200.160 0.49665600
200.420 0.52110500
200.680 0.52097100
200.940 0.48297700
201.200 0.54734400
201.460 0.54888500
201.720 0.55692200
201.980 0.54294100
202.240 0.04152960
202.500 0.52236700
202.760 0.58062400
203.020 0.58627100
203.280 0.58587000
203.540 0.55457200
203.800 0.55538300
204.060 0.46914000
204.320 0.00159625
204.580 0.28833500
204.840 0.53821500
205.100 0.58598400
205.360 0.60292200
205.620 0.60662000
205.880 0.60100300
206.140 0.61396900
206.400 0.61432100
206.660 0.60684000
206.920 0.61277600
207.180 0.60931600
207.440 0.60513000
207.700 0.58345300
207.960 0.51417700
208.220 0.55061100
208.480 0.59644100
208.740 0.56802900
209.000 0.59523500
209.260 0.57288800
209.520 0.57234800
209.780 0.56498300
210.040 0.53553300
210.300 0.42243200
210.560 0.00005724
210.820 0.34541300
211.080 0.43052900
211.340 0.37114200
211.600 0.27644100
211.860 0.14653400
212.120 0.01441800
212.380 0.00000000
212.640 0.00000000
212.900 0.00826835
213.160 0.00000000
213.420 0.25263900
213.680 0.29599900
213.940 0.43254500
214.200 0.45306400
214.460 0.11893700
214.720 0.41517900
214.980 0.35878800
215.240 0.46876400
215.500 0.50653800
215.760 0.53168600
216.020 0.57144600
216.280 0.56622100
216.540 0.57571200
216.800 0.57342000
217.060 0.54892800
217.320 0.35930000
217.580 0.56571100
217.840 0.57852100
218.100 0.58147200
218.360 0.55962200
218.620 0.57819200
218.880 0.54038800
219.140 0.56966000
219.400 0.56768500
219.660 0.53266800
219.920 0.02143700
220.180 0.53732500
220.440 0.56168100
220.700 0.56224600
220.960 0.44656300
221.220 0.56023800
221.480 0.55904900
221.740 0.56197400
222.000 0.55752800
222.260 0.55562700
222.520 0.55521700
222.780 0.53162100
223.040 0.53828900
223.300 0.36969000
223.560 0.54211300
223.820 0.54452000
224.080 0.54451100
224.340 0.54047300
224.600 0.53735800
224.860 0.53374200
225.120 0.45173400
225.380 0.51984900
225.640 0.51643900
225.900 0.50567900
226.160 0.48441600
226.420 0.42567400
226.680 0.09199360
226.940 0.26100500
227.200 0.39135400
227.460 0.46566400
227.720 0.45444100
227.980 0.11100000
228.240 0.37226500
228.500 0.47066700
228.760 0.47286800
229.020 0.47940900
229.280 0.47244400
229.540 0.31409000
229.800 0.46835900
230.060 0.47602400
230.320 0.47309100
230.580 0.46964500
230.840 0.46071300
231.100 0.43829700
231.360 0.39021200
231.620 0.45416500
231.880 0.45565100
232.140 0.44829500
232.400 0.44816300
232.660 0.44002200
232.920 0.40633000
233.180 0.43128600
233.440 0.42525700
233.700 0.41621900
233.960 0.36527100
234.220 0.40424400
234.480 0.34810400
234.740 0.38491100
235.000 0.39765200
235.260 0.39243700
235.520 0.38590900
235.780 0.38007800
236.040 0.33444200
236.300 0.37193200
236.560 0.35923000
236.820 0.35548400
237.080 0.32733300
237.340 0.34333200
237.600 0.33440800
237.860 0.32083500
238.120 0.30059300
238.380 0.23695800
238.640 0.00006240
238.900 0.06886870
239.160 0.24927000
239.420 0.27188400
239.680 0.27815700
239.940 0.21033300
240.200 0.26695500
240.460 0.25707500
240.720 0.15397800
240.980 0.24235600
241.240 0.23494800
241.500 0.22657500
241.760 0.21669100
242.020 0.20351500
242.280 0.18356300
242.540 0.16358300
242.800 0.12518600
243.060 0.09831900
243.320 0.04704220
243.580 0.00174610
243.840 0.00000000
244.100 0.00000000
244.360 0.00331333
244.620 0.03894500
244.880 0.07679260
245.140 0.09957290
245.400 0.11125900
245.660 0.07040250
245.920 0.11804800
246.180 0.11439400
246.440 0.10775800
246.700 0.09339930
246.960 0.00514924
247.220 0.03796390
247.480 0.02910180
247.740 0.01227940
248.000 0.00003085
248.260 0.00000000
248.520 0.00016871
248.780 0.01407110
249.040 0.03787280
249.300 0.05667290
249.560 0.06418620
249.820 0.06840790
250.080 0.06174580
250.340 0.06571180
250.600 0.03725340
250.860 0.04462490
251.120 0.06581190
251.380 0.06577260
251.640 0.06364930
251.900 0.06192220
252.160 0.05484810
252.420 0.05781460
252.680 0.05571040
252.940 0.05249880
253.200 0.05007040
253.460 0.04632830
253.720 0.03764610
253.980 0.00313835
254.240 0.01718760
254.500 0.03467470
254.760 0.03512880
255.020 0.03296780
255.280 0.02966100
255.540 0.02536060
255.800 0.00806323
256.060 0.01559820
256.320 0.01149480
256.580 0.00642388
256.840 0.00206024
257.100 0.00019793
257.360 0.00000000
257.620 0.00000000
257.880 0.00000000
258.140 0.00000000
258.400 0.00000742
258.660 0.00056845
258.920 0.00130613
259.180 0.00352867
259.440 0.00261728
259.700 0.00016672
259.960 0.00000000
260.220 0.00004245
260.480 0.00316312
260.740 0.00752949
261.000 0.00929611
261.260 0.00402908
261.520 0.00510311
261.780 0.00543375
262.040 0.01381890
262.300 0.01432880
262.560 0.01438580
262.820 0.01421970
263.080 0.01395930
263.340 0.01347040
263.600 0.01163610
263.860 0.01092160
264.120 0.01225750
264.380 0.01174580
264.640 0.01155050
264.900 0.01126660
265.160 0.01088970
265.420 0.01047000
265.680 0.00980155
265.940 0.00783051
266.200 0.00885570
266.460 0.00820042
266.720 0.00725086
266.980 0.00570503
267.240 0.00210217
267.500 0.00000000
267.760 0.00147777
268.020 0.00294547
268.280 0.00206028
268.540 0.00085302
268.800 0.00005040
269.060 0.00000000
269.320 0.00000000
269.580 0.00000000
269.840 0.00016933
270.100 0.00096406
270.360 0.00176975
270.620 0.00234331
270.880 0.00250241
271.140 0.00239157
271.400 0.00199822
271.660 0.00141337
271.920 0.00075687
272.180 0.00022126
272.440 0.00002110
272.700 0.00000000
272.960 0.00000000
273.220 0.00000000
273.480 0.00000000
273.740 0.00000000
274.000 0.00003407
274.260 0.00028016
274.520 0.00074559
274.780 0.00122343
275.040 0.00152125
275.300 0.00094976
275.560 0.00000026
275.820 0.00054878
276.080 0.00234673
276.340 0.00275343
276.600 0.00316885
276.860 0.00333429
277.120 0.00342981
277.380 0.00338033
277.640 0.00339425
277.900 0.00351297
278.160 0.00289933
278.420 0.00350771
278.680 0.00349220
278.940 0.00349239
279.200 0.00329004
279.460 0.00346685
279.720 0.00341820
279.980 0.00331053
280.240 0.00143303
280.500 0.00313734
280.760 0.00311214
281.020 0.00305089
281.280 0.00299765
281.540 0.00294411
281.800 0.00286340
282.060 0.00268968
282.320 0.00183527
282.580 0.00006140
282.840 0.00222079
283.100 0.00094640
283.360 0.00251936
283.620 0.00253498
283.880 0.00263839
284.140 0.00270753
284.400 0.00274168
284.660 0.00275229
284.920 0.00271048
285.180 0.00266738
285.440 0.00257598
285.700 0.00251286
285.960 0.00245909
286.220 0.00247324
286.480 0.00239496
286.740 0.00241691
287.000 0.00133723
287.260 0.00246850
287.520 0.00247096
287.780 0.00245901
288.040 0.00244451
288.300 0.00243521
288.560 0.00242794
288.820 0.00236834
289.080 0.00225328
289.340 0.00170772
289.600 0.00222140
289.860 0.00223901
290.120 0.00222981
290.380 0.00215203
290.640 0.00219315
290.900 0.00214586
291.160 0.00175599
291.420 0.00011698
291.680 0.00032461
291.940 0.00055940
292.200 0.00155360
292.460 0.00177858
