5.1847545  0.1655220  0.0112090 
5.2146329  0.1795450  0.0386520 
5.2445114  0.1885580  0.0292490 
5.2743899  0.1877710  0.0215070 
5.3042782  0.1922660  0.0215140 
5.3341567  0.1912760  0.0126460 
5.3640352  0.1999320  0.0115700 
5.3939136  0.2050310  0.0103730 
5.4237921  0.2136240  0.0145380 
5.4536805  0.2033690  0.0173580 
5.4835589  0.2072800  0.0112600 
5.5134374  0.2071160  0.0097870 
5.5433159  0.2125480  0.0084640 
5.5731943  0.2354370  0.0106430 
5.6030827  0.2310030  0.0083330 
5.6329612  0.2167540  0.0047950 
5.6628396  0.2148010  0.0048290 
5.6927181  0.2146080  0.0048420 
5.7225966  0.2154860  0.0044910 
5.7524849  0.2148850  0.0076720 
5.7823634  0.2103130  0.0088460 
5.8122419  0.2085320  0.0101990 
5.8421203  0.2102950  0.0126070 
5.8719988  0.2109010  0.0244800 
5.9018872  0.2123070  0.0215330 
5.9317656  0.2123200  0.0222400 
5.9616441  0.2150970  0.0149640 
5.9915226  0.2167870  0.0415270 
6.0214010  0.2176560  0.0331000 
6.0512894  0.2217060  0.0495430 
6.0811679  0.2310320  0.0337220 
6.1110463  0.2352320  0.0153200 
6.1409248  0.2341710  0.0415440 
6.1708033  0.2352010  0.0144710 
6.2006916  0.2357670  0.0118410 
6.2305701  0.2380670  0.0101700 
6.2604486  0.2456700  0.0152390 
6.2903270  0.2511430  0.0084080 
6.3202055  0.2551600  0.0067060 
6.3500939  0.2592700  0.0069010 
6.3799723  0.2537490  0.0061940 
6.4098508  0.2465770  0.0061960 
6.4397293  0.2527670  0.0117740 
6.4696077  0.2519000  0.0169720 
6.4994961  0.2622140  0.0135990 
6.5293746  0.2672130  0.0158730 
6.5592530  0.2728970  0.0155850 
6.5891315  0.2692530  0.0169620 
6.6190100  0.2632250  0.0354090 
6.6488983  0.2673410  0.0333060 
6.6787768  0.2688600  0.0337750 
6.7086553  0.2718320  0.0363880 
6.7385337  0.2784780  0.0643300 
6.7684122  0.2769970  0.0477280 
6.7983006  0.2787260  0.0467260 
6.8281790  0.2805640  0.0177000 
6.8580575  0.2872130  0.0178290 
6.8879360  0.2948340  0.0176710 
6.9178144  0.3020430  0.0244710 
6.9477028  0.3153260  0.0189840 
6.9775813  0.3216710  0.0153570 
7.0074597  0.3130120  0.0118050 
7.0373382  0.3143620  0.0112780 
7.0672167  0.3205660  0.0105590 
7.0971050  0.3238130  0.0116210 
7.1269835  0.3222070  0.0121600 
7.1568620  0.3225060  0.0171510 
7.1867404  0.3286470  0.0148710 
7.2166189  0.3335790  0.0162130 
7.2465073  0.3366730  0.0161960 
7.2763857  0.3395000  0.0191380 
7.3062642  0.3414060  0.0202050 
7.3361427  0.3322420  0.0189340 
7.3660211  0.3357390  0.0655370 
7.3959095  0.3349770  0.0413860 
7.4257880  0.3312570  0.0214630 
7.4855449  0.3305330  0.0228330 
7.5453018  0.3700970  0.0176880 
7.6050687  0.4014890  0.0441510 
7.6648256  0.3817330  0.0206500 
7.7245826  0.3570980  0.0254110 
7.7843494  0.3609740  0.0326180 
7.8441063  0.3743820  0.0299870 
7.9038731  0.3731040  0.0281020 
7.9636301  0.3633190  0.0270590 
8.0233870  0.3540730  0.0262580 
8.0831538  0.3438580  0.0204130 
8.1429108  0.3369730  0.0188630 
8.2026677  0.3344170  0.0233750 
8.2624345  0.3272000  0.0215900 
8.3221915  0.3088720  0.0244350 
