14.0684814  1.3544425  0.0133970 
14.1521391  1.3556672  0.0236460 
14.2358067  1.4805870  0.0218380 
14.3194744  1.6770351  0.0221390 
14.4031321  1.5985232  0.0237360 
14.4867997  1.4387082  0.0220090 
14.5704673  1.4562172  0.0858150 
14.6541350  1.4573956  0.0232000 
14.7377927  1.4714070  0.0208500 
14.8214603  1.4717092  0.0200510 
14.9051280  1.4731836  0.0185790 
14.9887857  1.4764976  0.0167390 
15.0724533  1.4578825  0.0158470 
15.1561209  1.4420011  0.0172470 
15.2397787  1.4464023  0.0130950 
15.3234463  1.4702926  0.0286760 
15.4071139  1.4746696  0.0439510 
15.4907717  1.6620499  0.0253020 
15.5744393  1.8700590  0.0191800 
15.6581069  1.5974560  0.0239040 
15.7417646  1.4956898  0.0263430 
15.8254323  1.4807581  0.0136550 
15.9091009  1.4651873  0.0210720 
15.9927665  1.4664445  0.0176810 
16.0764253  1.4750799  0.0171510 
16.1600939  1.4488547  0.0166910 
16.2437605  1.4359588  0.0177680 
16.3274192  1.4204961  0.0226980 
16.4110849  1.4552160  0.0139200 
16.4947535  1.4539788  0.0150800 
16.5784122  1.4417650  0.0219330 
16.6620779  1.4431681  0.0165870 
16.7457465  1.4598438  0.0409480 
16.8294032  1.4549904  0.0158500 
16.9130718  1.4844036  0.0251070 
16.9967395  1.5278220  0.0219030 
17.0803962  1.5311296  0.0191050 
17.1640648  1.4905426  0.0176380 
17.2477324  1.4874406  0.0170890 
17.3313991  1.4897419  0.0202300 
17.4150578  1.4993637  0.0203740 
17.4987264  1.5002840  0.0485620 
17.5823921  1.5016524  0.0405350 
17.6660508  1.4908972  0.0273630 
17.7497194  1.5054449  0.0165110 
17.8333860  1.5227461  0.0202300 
17.9170448  1.5005023  0.0178650 
18.0007104  1.5100265  0.0202850 
18.0843790  1.5009294  0.0293540 
18.1680377  1.5065877  0.0212230 
18.2517034  1.5141894  0.0249820 
18.3353720  1.5148022  0.0605810 
18.4190288  1.5206515  0.0217450 
18.5026974  1.5045497  0.0266810 
18.5863650  1.5277380  0.0187000 
18.6700336  1.6443824  0.0246100 
18.7536903  1.7057242  0.0293920 
18.8373580  1.5588439  0.0352030 
18.9210246  1.5612522  0.0259250 
19.0046833  1.5577599  0.0283630 
19.0883519  1.5628274  0.0199660 
19.1720176  1.5260611  0.0359330 
19.2556763  1.5782921  0.0316960 
19.3393449  1.6339547  0.0316380 
19.4230116  1.6572930  0.0278160 
19.5066703  1.6537618  0.0369750 
19.5903359  1.6656157  0.0295960 
19.6740045  1.6928598  0.0309620 
19.7576633  1.7076740  0.0361560 
19.8413289  1.7221954  0.0277400 
19.9249975  1.7509496  0.0292190 
20.0086661  1.7680672  0.0344820 
20.0923229  1.7638833  0.1007910 
20.1759905  1.7639399  0.1600920 
20.2596591  1.8287164  0.0455030 
20.3433159  1.8402659  0.0217440 
20.5106501  1.8841711  0.0165350 
20.6779775  1.8926092  0.0183690 
20.8453018  1.8921790  0.0394820 
