10.004904	3.619635	0.125476
10.012988	3.635502	0.159486
10.021071	3.758339	0.123937
10.029154	3.69237		0.12829
10.037234	3.697239	0.158204
10.045313	3.801839	0.195386
10.053392	3.758482	0.152175
10.061468	3.75911		0.134019
10.069544	3.755414	0.17218
10.077618	3.862049	0.157694
10.08569	3.883687	0.152045
10.093762	3.854893	0.162338
10.101832	3.913491	0.186016
10.109901	3.92933		0.14595
10.118013	3.901905	0.144581
10.12608	3.980404	0.21687
10.134145	3.914206	0.158614
10.142208	4.046714	0.112225
10.15027	4.02818		0.162666
10.158331	3.903336	0.131861
10.16639	4.137859	0.138365
10.174449	4.039497	0.136478
10.182506	4.076638	0.13799
10.190561	3.940227	0.197035
10.198615	4.132642	0.049041
10.206668	4.184375	0.139488
10.21472	4.1864		0.096134
10.222769	4.315119	0.095808
10.230818	4.231936	0.050547
10.238866	4.266274	0.074182
10.246912	4.282497	0.07337
10.254956	4.353972	0.03673
10.263		4.407259	0.040501
10.271043	4.345944	0.058575
10.279083	4.413562	0.043209
10.287123	4.423268	0.059048
10.295161	4.482624	0.063857
10.303198	4.496549	0.042392
10.311234	4.492099	0.036984
10.319268	4.605863	0.102357
10.327301	4.565961	0.065339
10.335333	4.573454	0.082074
10.343363	4.636027	0.095319
10.351392	4.620502	0.086903
10.359468	4.638177	0.084378
10.367495	4.687465	0.125633
10.37552	4.621029	0.079792
10.383543	4.754547	0.089174
10.391566	4.795951	0.089839
10.399588	4.717208	0.096469
10.407607	4.790285	0.091055
10.415627	4.833493	0.081936
10.423643	4.736662	0.087043
10.43166	4.900434	0.084887
10.439674	4.911476	0.139898
10.447687	5.013425	0.104636
10.455699	4.970284	0.091578
10.46371	4.97703		0.080953
10.47172	5.098279	0.123252
10.479728	5.142768	0.076158
10.487734	5.140643	0.091922
10.495739	5.026086	0.095539
10.508369	5.772644	0.386464
10.516876	6.291396	0.284311
10.525383	7.68439		0.283409
10.533886	5.94101		0.182101
10.542389	5.327291	0.165613
10.55089	5.359031	0.163616
10.559389	5.383024	0.157276
10.567888	5.365942	0.111333
10.576385	5.543427	0.170058
10.584881	5.525481	0.174472
10.593374	5.589836	0.148794
10.601867	5.667054	0.174303
10.610357	5.653663	0.152219
10.618847	5.627909	0.155015
10.627336	5.865741	0.20645
10.635822	5.750047	0.149291
10.644308	5.79162		0.175091
10.652792	5.687392	0.165576
10.661275	5.777078	0.146636
10.669756	5.860535	0.158956
10.678236	5.736226	0.170776
10.686714	5.934766	0.205639
10.695191	5.930438	0.159687
10.703667	5.88851		0.192636
10.712141	5.944141	0.212928
10.720613	5.968343	0.167936
10.729086	6.1168		0.209209
10.737556	6.121319	0.185622
10.746024	6.140981	0.254926
10.754491	6.198971	0.190529
10.762957	6.290586	0.198146
10.771421	6.133046	0.222853
10.779884	6.291476	0.229458
10.788345	6.314746	0.236332
10.796806	6.29669		0.180754
10.805264	6.382146	0.220124
10.813723	6.257909	0.186959
10.822178	6.389208	0.156419
10.830633	6.361907	0.143333
10.839087	6.43234		0.150683
10.847538	6.515526	0.225644
10.855988	6.471713	0.075597
10.864437	6.593357	0.159389
10.872885	6.509502	0.186927
10.88133	6.655392	0.121026
10.889775	6.503945	0.13701
10.898218	6.675823	0.045732
10.90666	6.651885	0.110693
10.915102	6.665374	0.079807
10.92354	6.652748	0.05662
10.931978	6.807378	0.06504
10.940414	6.852631	0.101214
10.94885	6.808074	0.043209
10.957283	6.868859	0.05112
10.965715	6.904088	0.052326
10.974146	6.961955	0.033472
10.982576	6.955735	0.15106
10.991004	7.010297	0.081375
10.999499	7.151206	0.181658
11.003922	7.05219		0.261981
11.012907	7.114942	0.232212
11.021891	7.156264	0.23972
11.030873	7.326212	0.212363
11.039854	7.134302	0.309462
11.048836	7.321373	0.32277
11.057814	7.275436	0.222896
11.06679	7.412726	0.262329
11.075765	7.339401	0.243049
11.084738	7.381384	0.285299
11.09371	7.454597	0.214461
11.10268	7.55893		0.212649
11.111649	7.590877	0.227005
11.120616	7.617756	0.220678
11.129582	7.650414	0.203434
11.138546	7.764117	0.212176
11.147509	7.79247		0.217587
11.156471	7.976741	0.235933
11.16543	7.958994	0.206692
11.174389	8.176452	0.211516
11.183346	8.253322	0.244927
11.192301	8.562901	0.276025
11.201254	8.792225	0.305388
11.210207	8.852445	0.256494
11.219158	9.019841	0.286031
11.228107	9.042349	0.285689
11.237055	9.375741	0.38735
11.246002	9.232456	0.266378
11.254948	9.275867	0.294503
11.263891	9.32895		0.323832
11.272833	9.411656	0.273708
11.281773	9.393276	0.280537
11.290711	9.50763		0.259778
11.299648	9.449258	0.314464
11.308584	9.476451	0.250973
11.317518	9.406437	0.281236
11.326451	9.55433		0.28631
11.335382	9.509593	0.352401
11.344313	9.514127	0.306972
11.353241	9.72637		0.285749
11.362167	9.563367	0.312046
11.371093	9.700227	0.299885
11.380016	9.530356	0.272625
11.388939	9.879156	0.265914
11.39786	9.630474	0.32107
11.406779	9.824788	0.2377
11.415697	9.716754	0.284966
11.424613	9.994633	0.264132
11.433529	9.860181	0.307266
11.442442	10.015305	0.25551
11.451353	10.083192	0.275989
11.460264	10.084416	0.261231
11.469173	10.21713	0.29667
11.478081	10.198831	0.303277
11.486986	10.299568	0.267722
11.495892	10.311682	0.29919
11.504794	10.362164	0.303824
11.513696	10.406557	0.362787
11.522596	10.585051	0.282848
11.531494	10.505994	0.341099
11.540392	10.628185	0.28603
11.549287	10.560293	0.305161
11.558182	10.788035	0.197802
11.567074	10.699486	0.269877
11.575966	10.794462	0.267354
11.584855	10.743373	0.238966
11.593743	10.92501	0.200877
11.60263	10.884724	0.257142
11.611515	11.065613	0.215884
11.620399	11.037025	0.118632
11.629282	11.110413	0.195038
11.638163	11.27763	0.179127
11.647041	11.16803	0.26287
11.65592	11.217357	0.191722
11.664797	11.331587	0.219141
11.673672	11.327845	0.21683
11.682545	12.070462	0.555104
11.691418	11.560668	0.135647
11.708624	11.815393	0.403963
11.718117	11.413802	0.371185
11.72761	11.760342	0.340198
11.7371		11.865086	0.384353
11.746588	11.391806	0.252652
11.756075	11.990083	0.377369
11.765561	11.995727	0.313884
11.775045	12.163321	0.391397
11.784528	11.955626	0.313082
11.794008	12.000491	0.349892
11.803488	13.26454	0.612524
11.812965	12.105868	0.284874
11.822443	12.196234	0.318008
11.83192	12.188319	0.309434
11.841393	12.259624	0.36573
11.850864	12.507255	0.287911
11.860332	12.393105	0.334879
11.869801	12.591357	0.313289
11.879268	12.482255	0.328868
11.888732	12.766797	0.289598
11.898195	12.645845	0.307955
11.907658	12.701733	0.291874
11.917116	12.903076	0.447006
11.926575	12.961934	0.306158
11.936031	13.139787	0.336964
11.945487	13.044276	0.320011
11.954941	13.21359	0.363147
11.964392	13.325994	0.33284
11.973843	13.524435	0.343959
11.983292	13.490033	0.381727
11.992739	13.632174	0.40616
12.002184	13.632707	0.437654
12.011629	13.787374	0.337008
12.02107	13.967907	0.392856
12.030512	13.996006	0.360788
12.039951	13.999299	0.417169
12.049389	14.182241	0.30881
12.058825	14.199786	0.347778
12.06826	14.329096	0.312846
12.077692	14.158696	0.402956
12.087124	14.385992	0.317686
12.096554	14.502228	0.379864
12.105982	14.716189	0.323506
12.115408	14.547904	0.387281
12.124834	14.592664	0.268094
12.134256	14.799448	0.412006
12.143679	14.941317	0.335581
12.153099	14.854931	0.40681
12.162518	15.52014	0.182082
12.171936	14.942878	0.35296
12.181351	15.095716	0.2805
12.190764	15.058102	0.359967
12.200177	15.00842	0.24833
12.209588	15.208352	0.338089
12.218998	15.382467	0.316793
12.228405	15.500268	0.435118
12.237811	15.389669	0.376871
12.247215	15.585145	0.45616
12.256618	15.559782	0.335992
12.26602	15.626249	0.336107
12.275419	15.725307	0.272982
12.284819	15.841646	0.369181
12.294215	16.190613	0.367798
12.30361	16.185169	0.488671
12.313004	16.125153	0.346243
12.322395	16.722279	0.241065
12.331787	15.907231	0.296324
12.341175	16.042875	0.269843
12.350563	16.304804	0.229804
12.359948	16.196445	0.226412
12.369333	16.397648	0.228109
12.378716	16.437635	0.28644
12.388096	16.692411	0.289142
12.397476	16.659187	0.434944
12.408842	16.923153	0.599531
12.418926	16.235662	0.697651
12.429008	16.523867	0.587615
12.439085	16.801834	0.711556
12.44916	16.887197	0.620536
12.45923	16.778265	0.716514
12.469302	17.008974	0.667873
12.479371	17.191559	0.659146
12.489439	17.366623	0.536615
12.499504	17.02207	0.603241
12.509567	17.263872	0.606856
12.51963	17.370619	0.616985
12.529691	17.522497	0.480431
12.539749	17.403347	0.54573
12.549807	16.878668	0.22432
12.559862	17.637669	0.534907
12.569916	17.905497	0.423103
12.579967	17.780792	0.423157
12.590017	17.756027	0.37645
12.600065	17.860146	0.525655
12.610113	17.994358	0.405121
12.620158	17.754831	0.458205
12.630201	18.047562	0.426781
12.640244	18.400152	0.680613
12.650288	17.883867	0.369422
12.660331	17.840176	0.351503
12.670367	18.016483	0.376857
12.680403	17.858023	0.392508
12.690435	18.362329	0.249507
12.700466	18.112879	0.328147
12.710497	18.404602	0.308444
12.720524	18.227051	0.317823
12.730551	19.302629	0.900258
12.740576	18.520527	0.311717
12.750599	18.586306	0.305975
12.76062	18.561026	0.276345
12.770639	18.555902	0.312121
12.780657	18.672691	0.272695
12.790674	18.291616	0.108793
12.800688	18.671837	0.25425
12.8107		18.91847	0.323883
12.820712	21.844378	0.73168
12.830721	27.286362	0.567528
12.840729	23.342989	0.476794
12.850735	19.011288	0.200542
12.86074	18.913118	0.188089
12.870743	18.862951	0.312957
12.880743	18.97065	0.247838
12.890743	18.850016	0.264125
12.900741	18.925514	0.23173
12.910736	18.717875	0.147305
12.920731	18.819778	0.226273
12.930723	18.761076	0.251095
12.940714	18.683655	0.2657
12.950704	19.030813	0.221514
12.960691	18.59981	0.215651
12.970676	19.049416	0.207902
12.980661	18.74192	0.250182
12.990644	19.19631	0.235404
13.000625	18.669884	0.212579
13.010603	19.218126	0.184989
13.02058	19.04648	0.197946
13.030557	19.168121	0.241176
13.040531	19.135641	0.227156
13.050504	19.180735	0.207647
13.060474	19.129572	0.202037
13.070444	18.999765	0.214113
13.080411	19.409761	0.222139
13.090377	19.112103	0.210149
13.100341	19.69372	0.19863
13.110304	19.510639	0.194848
13.120264	19.963415	0.24893
13.130223	19.330606	0.226807
13.140181	19.623785	0.171271
13.150137	19.486021	0.224642
13.160091	19.364119	0.228719
13.170043	19.840151	0.646631
13.179994	19.351381	0.247893
13.189943	19.622753	0.302929
13.19989	19.688044	0.262895
13.2003		19.155518	0.745815
13.21104	19.504459	0.662723
13.221781	19.233789	0.594211
13.232518	19.504959	0.551787
13.243254	19.605305	0.575568
13.253986	19.537609	0.687675
13.264719	19.556963	0.576363
13.275449	19.760004	0.487817
13.286178	19.862288	0.525666
13.296904	19.745659	0.671043
13.307629	19.580957	0.551281
13.318352	19.856073	0.458378
13.329072	19.899353	0.44736
13.3398		19.618322	0.879405
13.350525	20.275219	0.999234
13.36124	20.006933	0.766316
13.371954	20.076462	0.611669
13.382666	20.136288	0.967445
13.393375	20.144312	0.803502
13.404084	20.17589	0.771618
13.414791	21.470804	0.777887
13.425495	20.265127	0.521332
13.436197	20.263077	0.683591
13.446898	20.340631	0.702072
13.45741	20.31473	0.569239
13.468107	20.287403	0.502269
13.478803	20.351566	0.624645
13.489496	20.437187	0.591093
13.500188	20.366892	0.535558
13.510878	20.316818	0.327985
13.521565	20.410885	0.38157
13.532251	20.490868	0.388885
13.542935	20.647955	0.451952
13.553618	20.555101	0.343293
13.564299	20.460516	0.324041
13.574978	20.489868	0.370323
13.585655	20.592068	0.344553
13.596331	20.504517	0.319594
13.607004	20.581551	0.290673
13.617676	20.604059	0.230558
13.628345	20.74188	0.339337
13.639013	20.896437	0.271412
13.649488	20.553095	0.273031
13.660152	20.756472	0.210033
13.670815	21.377531	0.87115
13.681476	20.638859	0.354787
13.692135	21.129889	0.339296
13.702791	20.846466	0.219625
13.713448	20.886795	0.294984
13.7241		20.544279	0.446659
13.734752	21.085621	0.348228
13.745401	20.981073	0.368684
13.75605	20.978058	0.310506
13.766697	21.039196	0.365288
13.777341	21.027966	0.444948
13.787984	20.791206	0.615869
13.798624	20.927702	0.608818
13.809263	21.211645	0.633027
13.819901	21.184278	0.487708
13.830537	21.207575	0.69409
13.841171	21.267792	0.742377
13.851803	21.192387	0.585886
13.862432	21.227015	0.691162
13.873061	21.285139	0.427452
13.883688	21.139355	0.716944
13.894313	21.413198	0.543157
13.904936	21.210308	0.533978
13.915558	21.458601	0.548021
13.926176	21.529024	0.43577
13.936794	21.356943	0.784352
13.947411	21.341608	0.560076
13.958025	21.52696	0.568637
13.968637	21.488028	0.561314
13.979248	21.441208	0.48046
13.989857	21.662149	0.643291
14.000463	21.632681	0.600976
14.011068	21.576223	0.578498
14.021673	21.685307	0.470921
14.032274	21.67753	0.489402
14.042875	21.635473	0.698215
14.053473	21.486364	0.589341
14.06407	21.795736	0.654358
14.074664	21.59021	0.547587
14.085257	21.74011	0.625685
14.095848	21.778067	0.544645
14.106438	21.790209	0.64231
14.117025	21.858139	0.604351
14.127611	21.844612	0.617117
14.138195	22.124929	0.593419
14.148778	22.054417	0.641048
14.159359	21.594065	0.605395
14.169937	21.990297	0.555765
14.180515	22.277138	0.515529
14.191091	21.633938	0.526684
14.205001	22.036581	0.784454
14.216478	22.103985	0.844539
14.227953	22.212738	0.718086
14.239426	22.236874	0.839717
14.250896	22.244631	0.738836
14.262365	21.963259	0.663639
14.273833	22.770655	0.971361
14.285313	21.432384	0.73897
14.296789	22.802168	0.723086
14.30825	22.530062	0.675039
14.31971	22.936256	0.645151
14.331167	26.559229	0.673442
14.342623	29.112854	0.68861
14.354076	24.452719	0.539969
14.365528	22.572348	0.665928
14.376977	22.977402	0.538316
14.388425	22.771591	0.711006
14.39987	22.919394	0.514113
14.411314	22.86294	0.441226
14.422756	22.905256	0.54816
14.434196	23.140545	0.56966
14.445634	22.977566	0.752901
14.45707	23.063368	0.506459
14.468504	22.90579	0.456065
14.479937	23.130703	0.494995
14.491125	23.015766	0.578404
14.502553	22.85907	0.580798
14.51398	23.273354	0.469
14.525404	22.777611	0.296961
14.536826	23.49165	0.373759
14.548246	22.949875	0.342794
14.559665	22.640158	0.45804
14.571081	23.236685	0.342615
14.582496	23.276161	0.269374
14.593908	23.930071	2.389079
14.605075	23.277346	0.265961
14.616484	23.08374	0.406936
14.62789	23.489712	1.93263
14.639295	22.745111	0.372477
14.650697	23.26054	0.326521
14.662098	23.280087	0.2894
14.673496	23.317356	0.388159
14.684894	23.301552	0.300028
14.696289	23.502502	0.445032
14.707682	23.438288	0.437998
14.719073	23.433844	0.452068
14.730462	23.385277	0.467814
14.74185	23.479959	0.339426
14.753235	23.325062	0.478277
14.764618	23.525568	0.565671
14.776001	23.533028	0.524025
14.78738	23.836504	0.586836
14.798758	23.665314	0.529306
14.810133	23.313282	0.35374
14.821507	23.780306	0.556328
14.83288	23.577364	0.535698
14.84425	23.581505	0.562285
14.855618	23.789291	0.5153
14.866984	23.691055	0.391923
14.878349	23.399258	0.454631
14.889711	24.078247	0.593664
14.901073	23.881189	0.556177
14.912432	23.930483	0.474957
14.923788	23.956083	0.38654
14.935143	23.978691	0.444742
14.946496	23.996674	0.441546
14.957848	23.811415	0.495801
14.969196	24.128614	0.4494
14.980544	23.870939	0.512783
14.99189	24.032328	0.498292
15.003233	24.374716	0.376612
15.014575	24.176876	0.623543
15.025915	23.865465	0.498279
15.037252	24.309343	0.559167
15.048589	23.905851	0.696591
15.059923	24.579754	0.524492
15.071256	23.861536	0.800769
15.082586	24.119131	0.747012
15.093915	23.953423	0.636522
15.105242	24.26539	0.877803
15.116566	24.720053	0.651118
15.12789	23.698277	0.886793
15.13921	24.435642	0.801232
15.15053	24.19244	0.659365
15.161847	23.585522	0.865158
15.172903	24.172066	0.807083
15.184216	24.254215	0.919861
15.195528	23.660099	0.853163
15.211985	24.138954	0.667576
15.224035	23.985847	0.692924
15.236382	23.711855	0.600278
15.248726	23.852833	0.63976
15.261067	23.78545	0.484005
15.273407	23.370037	0.448711
15.285789	24.057076	0.532276
15.298124	23.489532	0.75515
15.310159	23.54105	0.519122
15.322489	23.721521	0.780271
15.334818	23.579931	0.746117
15.347145	23.661238	0.76479
15.35947	23.778233	0.882936
15.371793	23.773523	0.777709
15.384113	23.809994	0.714252
15.396431	23.697615	0.705369
15.408748	23.620512	0.714193
15.421062	23.991652	0.771606
15.433374	23.587189	0.739727
15.445684	24.237377	0.813867
15.457993	23.984459	0.665626
15.470299	24.015554	0.670708
15.482602	24.151615	0.687092
15.494904	23.869766	0.586818
15.507204	23.95043	0.634495
15.519501	24.020164	0.524227
15.531797	23.801163	0.543811
15.54409	24.552378	0.614036
15.556381	25.012682	0.563285
15.56867	31.252451	0.901101
15.580958	32.841297	0.704512
15.593243	26.133003	0.594454
15.605526	24.221413	0.438341
15.617499	24.012117	0.559266
15.629778	24.121073	0.467306
15.642055	23.733324	0.618674
15.654329	23.475458	0.603142
15.666601	23.646776	0.476015
15.678919	23.898941	0.601919
15.691188	24.081224	0.523482
15.703454	24.24369	0.519638
15.715718	23.744749	0.526819
15.727981	23.729013	0.606704
15.74024	23.841366	0.511518
15.752186	23.634611	0.659042
15.764441	23.815107	0.408702
15.776695	23.689941	0.538892
15.788947	23.538157	0.621927
15.801196	23.555901	0.478693
15.813444	23.665548	0.595897
15.825689	23.640854	0.634675
15.837933	23.495056	0.52767
15.850174	23.644438	0.613705
15.862413	23.581905	0.518641
15.874651	23.698473	0.636311
15.886887	23.559496	0.739051
15.899118	24.005608	0.453376
15.91135	23.460621	0.568684
15.923578	23.753462	0.444566
15.935806	23.879766	0.432251
15.94803	23.617947	0.510261
15.960254	23.206919	0.327084
15.972475	23.628078	0.387673
15.984694	23.790426	0.498935
15.99691	23.799376	0.460395
16.009125	23.615723	0.534151
16.021339	23.942341	0.629795
16.033548	23.578371	0.482363
16.045757	23.021601	0.541705
16.057964	23.898865	0.828343
16.070168	23.681158	0.612612
16.082371	23.755383	0.677112
16.09425	23.583769	0.837498
16.106398	22.350121	0.310554
16.118593	23.706934	0.517758
16.130787	23.234737	0.627572
16.142979	23.606695	0.390838
16.155169	23.446699	0.437911
16.167356	23.523317	0.376414
16.179543	23.513927	0.396447
16.191727	23.439455	0.442071
16.203583	23.583767	0.360437
16.215763	23.461552	0.424605
16.227942	23.575668	0.397459
16.240116	23.301903	0.512948
16.252291	23.72611	0.59927
16.264462	23.382771	0.376707
16.27663	23.618423	0.596639
16.288799	23.377806	0.467879
16.300964	23.674126	0.459269
16.313128	24.209759	0.542273
16.325291	23.416132	0.468753
16.337448	23.5172		0.51442
16.349606	24.013033	0.536976
16.361763	22.988045	0.438558
16.373917	24.199656	0.393316
16.386066	23.32342	0.576297
16.398216	24.437044	0.443953
16.410364	23.522728	0.550439
16.42251	23.934675	0.414013
16.434654	24.249338	0.541608
16.446796	23.662828	0.545368
16.458935	23.871117	0.72011
16.471073	24.224352	0.530355
16.483208	24.282722	0.762734
16.495316	23.768055	0.745017
16.500284	22.774738	0.481022
16.513622	23.752579	0.782522
16.52696	24.000488	0.813471
16.539913	23.655594	0.710481
16.553246	23.637871	0.727722
16.566574	23.647312	0.699347
16.579903	23.66573	0.693784
16.593227	23.754864	0.860798
16.60655	23.599493	0.812765
16.619871	23.659176	0.876136
16.63319	23.819433	0.70825
16.646505	23.560669	0.711234
16.659821	23.822517	0.838695
16.673134	25.405048	1.448463
16.686478	23.801937	0.905819
16.699787	23.992407	1.004977
16.713127	23.918144	0.80869
16.726429	24.324274	0.678368
16.739731	24.316195	0.740655
16.753031	24.002016	0.80593
16.766327	24.742731	0.854407
16.779621	24.137667	0.856905
16.792912	24.238527	0.680192
16.805811	24.302219	0.697959
16.819098	23.909239	0.753301
16.832382	24.456554	0.707156
16.845665	24.191761	0.697909
16.858946	23.712978	0.736775
16.87183	24.177656	0.669039
16.885105	24.043451	0.620386
16.89838	24.085958	0.776307
16.91165	24.280569	0.68136
16.924919	24.582893	0.733984
16.938185	24.038429	0.653349
16.95145	24.400169	0.68378
16.96471	24.116505	0.704186
16.97797	24.381638	0.65305
16.991228	25.152277	0.682928
17.004484	23.845356	0.436975
17.017738	24.835844	0.622403
17.030989	24.447384	0.563573
17.044237	24.73037	0.666635
17.057484	24.956974	0.623055
17.070728	25.196056	0.601922
17.083969	24.886971	0.631425
17.09721	24.860958	0.669197
17.110449	24.822363	0.645572
17.123684	25.037199	0.567755
17.136917	24.957848	0.509385
17.150148	25.057732	0.613592
17.162975	23.738808	0.180617
17.176201	24.925829	0.726837
17.189426	24.528934	0.659258
17.202648	24.607208	0.512531
17.215868	24.911034	0.528177
17.228682	24.536802	0.554854
17.241896	25.382599	0.578742
17.255108	24.582453	0.26995
17.268318	25.048117	0.516542
17.281528	24.660868	0.548868
17.294735	24.85813	0.687249
17.307938	24.737062	0.659589
17.32114	24.829767	0.760209
17.334339	24.800961	0.650292
17.347538	25.125795	0.645298
17.360733	24.427673	0.598509
17.373928	25.035919	0.508033
17.387117	24.845039	0.544209
17.400307	25.127659	0.552972
17.413494	24.939108	0.60836
17.426678	25.434063	0.648575
17.439861	25.299507	0.612121
17.453041	25.125889	0.497283
17.466219	25.281818	0.594009
17.479393	25.329227	0.782982
17.492569	25.475718	0.771249
17.505741	25.351849	0.824121
17.518496	25.182381	0.893599
17.531662	24.926653	0.866967
17.544827	25.530933	0.839292
17.557989	24.660891	0.846371
17.570734	25.055244	0.737248
17.584309	25.231579	0.981334
17.597466	25.227892	0.924715
17.610161	25.726217	0.661527
17.62331	25.5965		0.66536
17.636417	25.442797	0.717798
17.649565	25.134264	0.822659
17.662708	25.144463	0.744011
17.67585	25.738348	0.703596
17.688992	25.511227	0.737066
17.702129	25.465033	0.737024
17.715267	25.414719	1.064557
17.728401	25.760731	0.71097
17.741531	25.586971	0.650274
17.754662	25.131119	0.216013
17.76779	25.683622	0.732064
17.780914	25.655655	0.844346
17.794039	26.267529	0.572721
17.807159	24.985121	0.807331
17.820278	26.80442	0.576165
17.833397	26.086096	0.715559
17.846512	25.706322	0.605734
17.859623	25.975513	0.685833
17.872734	26.285587	0.715858
17.885843	25.44276	0.776686
17.898523	25.870838	0.953355
17.912579	25.476967	1.14851
17.927101	25.710251	1.118933
17.94162	25.94125	0.990847
17.955647	25.789091	0.973786
17.970161	25.698008	1.012606
17.984673	25.894718	1.143282
17.99918	25.169077	1.043204
18.013195	25.769514	0.902675
18.027699	25.938835	0.951327
18.0422		25.81842	0.779914
18.056698	26.23237	0.893161
18.071194	25.899956	0.744147
18.08569	25.582369	0.671537
18.10018	26.03779	0.931197
18.11467	26.676573	1.211263
18.129154	25.764662	0.910984
18.143639	26.036819	0.906455
18.158121	26.052025	0.664873
18.1726		26.26494	0.843409
18.187077	26.108889	0.929433
18.201611	26.063025	1.007377
18.216084	25.892769	0.835091
18.229994	26.167299	0.939871
18.244579	26.719421	0.958789
18.259045	26.498829	1.029061
18.273506	25.853086	1.161236
18.287966	25.819975	1.112191
18.301922	25.753878	0.973219
18.316376	26.258167	0.992629
18.330826	26.244022	0.847322
18.345276	26.1283		0.877193
18.359724	26.021454	0.801398
18.374168	26.417105	0.730807
18.388611	26.323284	0.86441
18.403051	26.697495	0.674893
18.417488	26.790176	0.614512
18.431923	26.623701	0.828283
18.446358	26.905313	0.797202
18.460787	26.769804	0.77366
18.475216	26.303637	0.742
18.489643	27.443739	0.698053
18.504065	26.872341	0.87685
18.517977	26.341003	1.077596
18.532394	27.112154	1.1597
18.54681	26.844561	1.085402
18.560713	26.416523	0.850075
18.575123	26.964233	0.914136
18.589531	27.451084	1.008354
18.603937	26.504393	0.876116
18.61834	27.358824	0.840943
18.63274	27.159641	0.925259
18.647141	26.648691	0.72091
18.661537	27.374834	0.936451
18.67593	27.295372	0.832776
18.690323	27.512594	0.866534
18.704712	28.326023	1.08568
18.719097	28.726955	0.688067
18.733482	31.098091	0.79906
18.747864	30.950706	0.694061
18.762245	28.559736	0.698864
18.776623	27.738102	0.610173
18.790997	27.188208	0.883249
18.80485	27.74633	1.09674
18.81922	27.879478	1.08412
18.833588	27.980459	1.187509
18.847431	27.719257	0.97564
18.861794	27.880068	1.140815
18.876154	28.079576	1.098716
18.890511	28.169624	0.987415
18.904869	28.064762	0.938914
18.91922	27.973389	0.776623
18.933571	28.271442	1.010489
18.94792	28.155825	0.693106
18.962265	27.377373	0.44334
18.97661	28.349819	0.631281
18.990952	29.333025	0.988842
19.005291	28.270605	0.683703
19.019627	28.556005	0.882665
19.033962	29.274057	0.806313
19.048294	28.855408	1.095607
19.062626	28.968607	1.106806
19.076885	29.498285	1.166153
19.090614	28.61211	0.829192
19.104935	28.864582	0.896072
19.119255	29.536732	0.826386
19.133574	29.618858	0.923381
19.147888	28.564043	1.059529
19.161669	30.980747	0.990163
19.17598	28.461176	0.63346
19.190287	29.368881	0.978914
19.204592	29.814636	0.824711
19.218895	30.643942	0.905278
19.233196	28.722383	0.956012
19.247496	29.55356	1.090004
19.261791	30.320578	0.892242
19.276085	29.010256	0.998453
19.290379	30.993721	0.946402
19.304668	28.958643	0.490952
19.318954	30.031464	0.643331
19.333241	29.87295	0.494376
19.347523	30.397928	1.068554
19.361803	30.236626	0.875984
19.376081	31.169434	0.951952
19.389816	28.842005	1.320175
19.404089	30.575682	1.430183
19.41836	30.432482	1.798565
19.432629	31.692045	1.492253
19.446754	29.097717	0.791684
19.50325	33.33823	1.875069
19.518805	32.601517	1.918537
19.53434	32.475105	1.802675
19.549858	33.06612	1.678633
19.565361	39.37014	3.350838
19.580635	40.68642	4.23501
19.596104	32.640617	1.990134
19.611557	31.62859	2.146648
19.626993	32.013634	1.679283
19.642414	31.562944	1.76776
19.657818	31.203724	1.658459
19.673204	32.040577	1.379808
19.688576	32.060184	1.281218
19.703907	30.484699	2.050013
19.719246	31.312851	2.095131
19.734364	31.851641	2.335647
19.74967	31.176233	2.22184
19.764961	32.19949	1.982967
19.780235	32.315971	1.871659
19.795492	33.648693	1.49815
19.810734	33.918316	1.32255
19.825962	33.757805	1.417704
19.841171	34.955559	1.614436
19.856365	34.780602	1.581072
19.871544	35.266956	1.788035
19.886707	36.843327	1.823771
19.901833	37.912891	4.094152
19.916962	35.917747	1.679533
19.932079	37.220592	1.630149
19.947178	38.393436	1.356065
19.962263	37.968899	1.158422
19.977333	38.006912	1.131985
19.992386	40.500122	0.379665
20.008863	32.468414	1.841619
20.025791	33.611816	1.824005
20.042702	33.40741	1.697063
20.059589	32.568184	1.621754
20.076458	33.701145	1.885177
20.093309	33.794983	1.841106
20.110138	32.881916	1.567985
20.126949	31.940426	1.031246
20.143742	33.141216	1.920924
20.160515	32.986233	1.716569
20.177267	32.933117	1.544362
20.194002	32.839149	1.453547
20.210716	33.320072	1.449122
20.227413	34.05051	1.538123
20.244089	34.273861	1.70822
20.26075	34.286999	1.832015
20.277388	35.873276	1.114763
20.294008	34.393658	1.692475
20.310612	34.485783	1.319905
20.327194	36.148819	1.127845
20.343758	36.052788	1.511989
20.360306	44.47084	4.362896
20.376833	36.492992	1.465732
20.393341	38.786015	1.609943
20.409834	37.504032	1.4601
20.426308	37.472481	1.163739
20.44276	38.46307	1.255836
20.459198	37.914497	1.173197
20.475616	38.042759	1.378303
20.492018	41.254433	2.762516
20.508394	38.164459	1.245668
20.524755	40.194466	1.677059
20.5411		38.806412	1.3363
20.55743	41.586689	3.288112
20.573742	39.436718	1.479542
20.590034	39.857182	1.654987
20.606308	39.937298	1.435374
20.622566	39.875744	1.563258
20.638807	40.523453	1.585299
20.655029	40.834103	1.529019
20.671236	40.710785	1.286899
20.687424	40.426208	1.037003
20.703594	40.525665	0.564799
20.719749	39.849098	0.350938
20.735886	42.831669	3.246733
20.752007	41.326115	0.740296
20.768108	41.372059	1.033147
20.784195	41.151768	1.270119
20.800255	39.509983	1.948851
20.816305	42.669285	0.892946
20.832336	40.888329	1.286579
20.848354	40.901661	1.639286
20.864357	41.690311	1.976764
20.880341	40.077461	2.171545
20.896196	42.699726	1.294161
20.916592	39.208496	3.481455
20.93466	36.204468	2.358042
20.952705	36.015224	1.740943
20.97073	37.339397	2.161963
20.988731	36.094833	1.841218
21.006714	48.202789	6.477973
21.024673	36.962261	2.180484
21.042614	35.96405	2.046655
21.06053	36.855518	1.826412
21.078426	37.45274	2.343037
21.096302	39.314907	1.582365
21.114159	38.431324	1.482865
21.131992	37.741062	0.647191
21.149807	38.393513	1.736323
21.167599	38.490971	1.578035
21.185371	39.122746	1.926993
21.203125	37.497231	1.897116
21.220856	38.464802	1.852926
21.238565	39.212994	1.960592
21.256256	38.282764	1.734165
21.273926	38.805355	1.570821
21.291576	39.444767	1.681633
21.309208	38.839844	1.870785
21.326817	38.72683	1.956965
21.344406	38.464108	2.05969
21.361977	40.330311	1.565667
21.379528	39.560913	1.669762
21.397058	39.065041	1.599246
21.41457	38.488491	1.99262
21.43206	40.001453	1.462643
21.449532	47.530746	5.851839
21.466984	47.363049	6.113734
21.484417	41.017853	5.1982
21.501829	38.544361	2.053793
21.519222	38.785706	1.942475
21.536598	38.974499	1.855246
21.553953	39.45179	1.492706
21.571289	39.038757	1.665894
21.588608	40.12788	1.24095
21.605904	38.968216	1.084447
21.623184	40.194233	1.388974
21.640446	39.045082	1.587234
21.657686	39.808029	1.784564
21.67491	40.997887	1.552803
21.692114	39.729958	1.53693
21.709299	41.210247	1.201901
21.726467	41.887753	0.98498
21.743614	41.674103	1.263435
21.760746	42.036144	1.137224
21.777857	42.672825	1.754199
21.79495	42.130581	1.54827
21.812023	42.284031	1.727301
21.829079	43.113621	1.79011
21.846117	43.186192	1.607254
21.863136	42.322605	1.42406
21.880138	43.911499	1.305246
21.897121	44.33847	1.762564
21.914089	44.242767	1.405851
21.931036	43.72366	1.384356
21.947966	44.910763	1.531405
21.964878	45.463188	1.391579
21.981773	45.455124	1.360814
21.99865	45.888321	1.927514
22.015511	46.193718	1.319263
22.032352	45.558037	1.322724
22.049175	45.168839	0.890399
22.065983	47.29668	1.578334
22.082771	46.755878	1.318779
22.099541	46.491463	1.224529
22.118357	42.01421	1.344184
22.137482	42.714172	1.425223
22.156586	42.990253	1.386082
22.175667	48.578693	3.219124
22.194725	44.564102	1.153736
22.21376	42.45285	1.241409
22.232773	42.724392	1.319406
22.25176	42.523407	1.364077
22.270729	42.335857	1.398613
22.289673	42.477463	1.328987
22.308594	42.153908	1.309983
22.327494	42.430286	1.229666
22.346371	42.602551	1.141713
22.365229	42.009327	1.451576
22.38406	41.775314	1.494457
22.402872	41.665581	1.416371
22.421661	43.937447	1.151227
22.440428	42.803516	1.405849
22.459175	41.94212	1.572206
22.477898	42.988892	1.532084
22.496599	42.765102	1.720372
22.51528	43.104523	1.299107
22.533939	42.76078	1.77759
22.552576	42.891281	1.820928
22.571192	42.996212	1.730217
22.589785	41.95665	1.513832
22.608356	53.624821	1.968168
22.626909	44.001945	1.571179
22.645441	44.293388	1.311226
22.663952	45.07748	1.292598
22.68244	44.42527	1.473022
22.700909	45.856285	2.390536
22.719357	44.234898	1.702815
22.737782	44.669395	2.090508
22.756187	44.770538	1.74678
22.774574	44.827778	1.368663
22.792938	46.072014	2.307516
22.811283	44.628822	0.900727
22.829607	45.529686	1.314023
22.847912	45.851791	1.693866
22.866194	45.746765	1.200544
22.884457	45.964352	1.433554
22.9027		45.934467	1.593402
22.920925	44.716164	0.710881
22.939127	46.174324	1.457966
22.95731	46.477581	1.749496
22.975473	46.390827	1.870094
22.993618	46.5014		1.681558
23.011742	46.760292	1.606657
23.029846	46.264469	1.943951
23.04793	46.11145	1.980733
23.065996	46.714462	1.572361
23.084038	47.113255	1.46935
23.102062	47.746845	2.423414
23.12007	47.110188	1.675545
23.138056	47.046867	1.458894
23.156025	46.011715	0.638145
23.173971	46.997974	1.507129
23.191902	46.29129	0.5627
23.209812	47.765007	1.478104
23.227703	47.131596	1.925515
23.245575	46.520061	1.965585
23.263428	46.960949	1.794687
23.281263	47.503773	1.726829
23.29908	45.857059	1.923188
23.316879	49.504868	5.654662
23.334652	47.285881	1.269755
23.352413	47.121105	1.449917
23.370152	47.078175	1.753601
23.387875	47.897163	1.484096
23.405579	47.557961	1.703698
23.423264	48.799042	1.998717
23.440933	49.351955	2.264125
23.458582	49.045601	1.764654
23.476212	50.919872	1.840228
23.493828	54.968124	6.431458
23.511419	51.131275	1.638224
23.528996	50.975994	2.025956
23.546551	51.728157	1.70827
23.564093	50.384563	1.549632
23.581615	53.297935	1.393845
23.599121	53.024509	1.267136
23.607841	49.914471	1.51927
23.627974	49.540524	1.800305
23.648083	48.529518	1.288277
23.668167	49.432186	1.583544
23.688229	49.53088	1.802102
23.708265	51.639549	1.996387
23.728291	48.737278	2.03572
23.74828	47.576061	1.981819
23.768255	46.312347	2.66728
23.7882		48.795006	6.79052
23.808121	44.602283	0.804291
23.828022	46.727375	2.134638
23.847897	50.400768	6.474001
23.86775	48.069645	2.074952
23.887581	48.469219	2.093924
23.907387	47.507015	2.46979
23.927174	48.009487	2.147341
23.946926	49.209118	2.163172
23.966667	49.417408	1.975703
23.986374	50.34882	1.653046
24.005835	51.422874	1.377823
24.025743	51.968567	1.713979
24.045395	52.224876	1.439936
24.065023	54.642365	1.058456
24.084629	52.60614	1.699856
24.104214	52.218517	2.001044
24.123533	50.103073	1.187502
24.143074	52.960213	1.924598
24.162592	52.957733	2.304435
24.182087	52.535439	2.173164
24.201563	53.310722	1.603363
24.221016	53.94104	2.215934
24.240448	54.360111	2.06939
24.259859	54.104439	1.865233
24.279249	54.530228	2.54793
24.298616	54.756542	2.25841
24.317965	55.897259	2.27348
24.33729	60.992485	2.136642
24.356596	67.576111	3.470898
24.375881	56.1847		2.632897
24.395144	53.956673	1.597923
24.414387	55.338947	2.163944
24.433609	56.080429	2.346398
24.45281	56.180664	2.359812
24.471992	56.298386	2.281424
24.491133	55.469543	2.541115
24.510271	56.237598	2.870364
24.529388	56.278938	3.059602
24.548487	54.897949	2.323274
24.567566	56.792965	4.129791
24.586622	57.171871	2.566232
24.605661	57.440861	2.225961
24.624678	57.008305	2.663497
24.643677	57.457741	2.43872
24.662655	58.403549	2.57269
24.681612	57.024216	2.363428
24.700268	57.13652	2.342539
24.719185	58.10059	1.803427
24.738369	55.77998	2.237792
24.757227	56.369961	2.200759
24.776085	58.318676	1.854023
24.794924	57.72205	3.453609
24.813454	59.159561	2.932103
24.832253	57.992458	2.174918
24.85103	59.702435	1.844824
24.869793	58.846687	2.293345
24.888535	58.394169	2.272618
24.907257	58.234558	2.103499
24.925961	58.666603	1.878407
24.944633	59.350937	2.43528
24.963287	57.822647	2.373564
24.981934	57.33923	2.665649
25.000559	59.517017	2.040928
25.019165	58.840721	2.143782
25.037756	60.108978	2.397418
25.056326	59.81871	1.975473
25.074879	59.483578	1.981464
25.093414	63.493256	0.571924
25.117496	54.544277	2.269069
25.138977	53.950478	2.117969
25.160435	54.745468	2.20489
25.181866	52.327477	0.870008
25.20327	55.529644	1.835261
25.224651	56.586029	1.929568
25.246006	56.892296	2.118491
25.267338	56.90266	2.036026
25.288645	56.958111	2.025846
25.309925	56.773468	2.12336
25.331184	57.812313	2.212955
25.35199	48.924683	4.713585
25.373196	59.435562	2.078973
25.394377	59.935169	2.027939
25.415535	58.814857	2.1947
25.436668	58.892879	2.03565
25.457777	59.659382	2.355296
25.478863	60.356815	2.185172
25.499926	59.891788	1.948709
25.520962	60.140568	1.535694
25.541977	60.906044	1.50544
25.562523	61.242619	1.107448
25.583488	60.923275	0.983386
25.604431	61.920341	0.672903
25.625349	61.991978	0.706937
25.646244	62.071262	0.462639
25.667114	62.436638	0.611212
25.687962	62.736931	0.192123
25.708788	63.168446	0.20791
25.729589	63.18935	0.269547
25.75037	61.656651	1.00209
25.771126	61.843113	1.457193
25.791859	63.864964	0.90683
25.812569	61.396824	1.767737
25.833227	62.114704	1.777575
25.853861	64.110588	2.351182
25.874504	62.111813	1.266878
25.895123	68.616913	2.263549
25.915718	94.369438	2.778315
25.936293	96.214867	2.013915
25.956844	68.431519	1.434541
25.977375	62.697849	1.879714
25.997883	66.085762	4.312944
26.01837	63.544659	1.922995
26.038834	64.203842	1.79729
26.059277	63.190773	1.840413
26.079697	62.738037	1.762208
26.100096	64.493858	2.087655
26.120472	63.83057	2.018464
26.140827	63.313614	1.866365
26.161163	62.943111	2.368918
26.181477	64.247704	2.610312
26.201736	61.540745	2.576803
26.22197	66.224266	1.561992
26.242218	67.909477	4.027339
26.262444	62.597301	1.700132
26.28265	63.213932	1.783591
26.302834	62.512253	2.011182
26.322996	62.184574	2.279322
26.34314	61.962837	2.736453
26.363262	60.060795	2.903267
26.383362	61.667923	2.719946
26.403442	61.02507	2.874703
26.423504	62.43338	3.830957
26.44351	60.614067	2.980399
26.46349	62.98811	2.581023
26.483488	61.491199	1.000165
26.503464	64.266609	2.874297
26.52342	63.583675	2.435136
26.543358	63.624084	2.779065
26.563272	64.233452	2.859647
26.582659	65.021248	3.275165
26.602533	64.230782	2.83311
26.622389	64.208641	2.658649
26.642153	63.089127	2.366532
26.661966	64.916138	2.628703
26.681759	64.824364	2.435985
26.701532	64.647575	2.544301
26.721287	65.984535	1.677518
26.741022	64.607925	2.620107
26.760738	65.244728	2.601044
26.780436	68.093201	4.42254
26.800112	66.990944	3.474195
26.819695	64.616508	2.128557
26.839331	64.393936	2.728784
26.858948	64.591873	2.00069
26.878546	66.006271	2.274026
26.898125	65.099213	2.260458
26.917685	65.997612	1.732386
26.937227	65.429695	2.221422
26.956751	66.07373	1.565233
26.976175	66.195404	2.66722
26.995659	65.994858	2.933398
27.015123	66.290939	2.739208
27.034569	67.1278		2.162736
27.053995	68.250015	1.583503
27.072863	65.572227	1.193938
27.092253	67.104294	0.818843
27.112087	69.119461	1.601665
27.131439	67.007233	3.464934
27.150227	77.026802	2.699321
27.169538	66.312614	2.311799
27.188835	68.72007	1.075419
27.208115	67.86834	0.899578
27.227924	68.901505	1.315032
27.246532	68.894814	1.460622
27.265755	68.605873	1.489599
27.284958	68.408768	1.294665
27.311363	68.580482	5.545762
27.333836	66.095306	2.341872
27.355576	65.565849	1.487304
27.377995	83.172813	3.096016
27.400391	65.750305	2.295889
27.42276	66.804474	2.473861
27.445105	69.037964	2.062723
27.467424	67.077812	1.840212
27.489719	66.545532	2.019422
27.511272	69.266541	2.056937
27.533518	69.366409	0.290095
27.555737	68.190018	0.38625
27.577934	68.354401	0.220185
27.600105	71.22467	0.857798
27.622253	69.137848	0.741908
27.644377	70.430321	1.277135
27.666477	67.584763	1.115916
27.688553	68.344307	1.800803
27.710602	69.091606	2.12555
27.732632	68.297157	2.119246
27.754637	66.583069	2.254508
27.776546	62.127789	1.703966
27.798502	70.619812	2.941366
27.820358	73.340858	4.21458
27.842266	68.422958	2.424578
27.864153	62.478123	3.917118
27.886015	72.158539	1.627034
27.907854	75.090271	5.632496
27.92967	71.363876	2.606894
27.951464	69.062889	2.466616
27.973236	70.974701	2.84496
27.994984	71.231873	3.331412
28.016708	69.457222	3.140459
28.03841	68.348236	3.292243
28.060091	70.50621	3.292419
28.081749	72.840599	4.031179
28.103384	88.190659	7.134783
28.124081	67.73317	3.306604
28.145666	71.336639	2.80358
28.167992	77.480888	5.159552
28.188774	72.784439	3.529559
28.210295	68.441437	2.912506
28.231794	76.039803	3.931444
28.253271	69.650475	1.952074
28.274727	73.329597	2.511879
28.29616	70.753387	1.826018
28.316801	69.893707	1.434742
28.338964	72.65184	1.142796
28.360168	75.459198	1.274453
28.380737	71.327789	1.575203
28.402061	71.650726	1.399106
28.423361	71.753082	0.793842
28.444641	72.223602	0.369398
28.4659		73.072571	0.329272
28.487139	71.649246	0.701888
28.508356	71.261116	1.713264
28.529552	70.95076	1.765526
28.550644	74.385887	1.288132
28.571711	76.521156	2.340092
28.592842	72.042084	1.435402
28.613953	73.086006	1.83005
28.635042	72.5634		1.849725
28.656113	74.380714	2.225619
28.677162	73.396317	2.495409
28.698193	72.781387	2.33028
28.719202	72.141068	2.25722
28.740013	77.154854	4.815274
28.760979	74.801109	2.258194
28.781923	73.661613	2.022862
28.802849	74.464996	1.880524
28.823757	75.120552	2.472054
28.844643	75.616936	2.406532
28.865509	75.513992	3.131959
28.886356	75.264595	4.001562
28.907		75.574318	3.876917
28.927803	75.683784	2.720111
28.948589	75.816879	2.55323
28.969353	76.595078	3.817483
28.990101	73.503555	3.687391
29.023945	73.724525	2.638809
29.048481	72.144035	2.293978
29.071966	72.560646	2.55858
29.096445	71.391426	1.819248
29.120895	73.250191	3.329895
29.145319	73.647713	0.749152
29.169714	73.321854	0.732374
29.19305	73.098175	0.319156
29.217388	72.165573	0.514766
29.241699	74.634613	0.317497
29.265984	74.68837	1.132624
29.290239	72.3209		1.254107
29.314468	72.184502	1.588459
29.338671	73.798218	1.960591
29.362846	75.253929	2.230346
29.386995	74.604599	2.475189
29.411118	73.979485	2.368295
29.435213	76.662186	1.710985
29.459282	80.828224	1.792307
29.483324	76.324944	2.323187
29.507341	75.73558	2.334747
29.53133	77.465523	2.822944
29.555294	77.824501	2.998704
29.579235	77.569138	3.438368
29.603146	75.445015	3.297291
29.625971	74.20076	3.051283
29.64983	76.071136	2.386263
29.673664	85.882339	9.197045
29.697472	74.609077	1.335225
29.721254	74.121452	0.88501
29.743942	75.857712	0.32347
29.768745	76.773132	0.298319
29.792452	76.401604	1.061465
29.814913	78.291733	0.813342
29.838566	78.191811	1.083905
29.862045	84.330185	3.858953
29.885647	77.085625	0.944195
29.909225	75.495453	0.971794
29.932779	76.38269	1.458595
29.95631	76.723412	2.080108
29.979813	78.388824	2.491653
30.003296	78.650604	2.376346
30.026752	76.976257	2.629143
30.050182	78.755714	2.561667
30.073591	78.9142		2.043882
30.096975	82.364777	2.741249
30.120337	77.426254	3.376673
30.143673	79.263924	3.210672
30.166988	79.82428	3.562499
30.190117	81.620773	3.874346
30.21212	77.351608	3.034614
30.23646	81.243851	2.340604
30.259674	77.983727	2.328406
30.281763	80.068199	2.625019
30.304932	80.565437	2.552699
30.328075	79.079849	1.5412
30.351198	77.939339	1.258916
30.373184	81.757271	1.703483
30.396259	80.193428	0.738461
30.420427	80.592896	1.201924
30.442177	81.973427	2.768308
30.465014	80.778671	1.521327
30.487993	76.943649	0.510341
30.510952	79.685097	1.197753
30.533886	80.436935	1.381019
30.556801	81.519279	2.077032
30.579693	79.648933	2.488478
30.602562	80.879532	2.097609
30.625408	82.331329	2.366402
30.648235	86.254692	3.538519
30.670866	78.815048	4.108952
30.69347	82.374855	3.199626
30.716225	83.993988	2.172297
30.73896	83.220917	2.761179
30.761673	84.011055	3.866426
30.784365	82.636246	3.805591
30.807035	82.292603	3.968498
30.829685	81.440208	3.48252
30.850815	84.653313	3.803511
30.873415	82.828613	3.072211
30.897139	81.979996	2.820649
30.918554	82.072159	2.817755
30.941092	81.347031	2.169951
30.96361	83.100838	1.685222
30.984955	82.657295	0.948313
31.008583	82.403351	1.6485
31.03067	86.915894	0.407871
31.051945	80.883507	1.094388
31.074352	83.556618	0.299737
31.096741	81.176445	0.778574
31.105776	79.424591	0.752589
31.132591	76.822365	1.473655
31.159374	76.005646	2.534702
31.184685	77.450768	2.961183
31.211641	83.479507	3.602588
31.238333	82.112099	4.383026
31.264994	75.294739	5.625085
31.291624	79.005127	4.29389
31.318226	83.56263	4.864191
31.344795	79.964653	4.836899
31.371574	89.941917	6.808076
31.398087	81.608658	5.80757
31.424572	86.236176	5.160248
31.451023	84.71463	7.119113
31.477448	81.043762	4.86163
31.502375	85.48819	3.633298
31.528738	82.517998	2.194847
31.555073	85.116646	1.619503
31.581377	85.00872	1.549739
31.607655	83.08709	0.539592
31.633902	83.551773	1.717264
31.658392	83.790794	2.02473
31.684578	82.176247	3.113771
31.710739	93.094978	2.111943
31.73687	81.238434	3.805724
31.762974	81.759567	3.944305
31.788788	84.132439	5.644125
31.814831	82.139923	7.544902
31.840849	85.21888	5.183325
31.865349	84.492638	5.161142
31.89131	84.525917	4.006239
31.917242	84.239227	3.312227
31.944643	83.941086	2.365246
31.970522	83.834435	2.443215
31.996376	84.493744	1.910313
32.020699	84.405441	2.453604
32.046497	81.148514	1.347389
32.072266	81.231148	0.142114
32.096504	81.45121	0.868325
32.122219	83.018311	1.16361
32.147903	82.932465	1.224979
32.173569	82.001045	1.546165
32.199203	84.596313	2.312124
32.224812	83.72892	2.574749
32.250397	85.944443	2.919363
32.275955	84.783554	2.883767
32.301483	84.768745	3.833867
32.326988	85.339699	5.467208
32.352188	83.627441	5.471674
32.37764	107.047493	11.880722
32.401249	85.752258	4.630327
32.426647	85.895149	3.81805
32.453545	88.358162	1.993078
32.478897	87.042984	1.880067
32.502686	85.994789	2.130765
32.527985	89.911423	5.72279
32.553253	84.987091	1.696728
32.576965	84.154732	2.704892
32.602184	85.689735	0.861884
32.628922	84.57235	1.85812
32.654095	82.821518	2.549057
32.677399	83.629913	2.912176
32.702217	84.141167	5.570924
32.72731	89.38929	6.031129
32.75238	86.517014	3.012347
32.777428	90.437965	2.808227
32.802444	93.305298	2.387864
32.827446	89.977692	2.660039
32.852417	92.965767	3.621197
32.877369	86.928055	4.201046
32.902294	87.158203	3.99524
32.925636	94.452545	8.953902
32.949894	86.687088	3.687844
32.974743	91.0075		3.955
32.999569	90.721397	4.22666
33.024368	88.979698	2.598251
33.049149	87.851799	1.896549
33.072338	89.324883	1.312794
33.097069	90.090477	1.690097
33.12178	90.294594	1.317933
33.148041	92.175461	2.266271
33.170811	86.426842	3.052444
33.195126	99.184113	6.106119
33.219738	89.637474	2.622179
33.244331	91.593658	2.406919
33.268898	94.301468	2.645419
33.293449	92.944092	2.708609
33.317974	92.066093	4.815579
33.342476	87.343498	4.18053
33.366959	101.216606	9.008587
33.391083	86.972267	4.937357
33.41518	94.584831	4.420544
33.43959	94.17511	2.915332
33.462387	91.133598	3.209068
33.486755	96.716812	4.529089
33.509506	98.802727	2.441176
33.535423	102.602539	1.930543
33.55904	99.893456	1.725425
33.581718	94.743874	1.130788
33.605972	90.853447	2.284566
33.630203	102.166489	4.811238
33.654411	90.754814	2.12649
33.678604	99.220749	2.300039
33.70438	84.634987	3.268334
33.726219	103.561844	6.678028
33.750343	84.311272	7.718084
33.774445	90.344711	3.797229
33.798523	97.51516	3.33003
33.822586	95.838585	3.658739
33.846626	97.571404	4.679831
33.870293	95.015465	5.390209
33.892311	98.012726	3.189495
33.9179		98.546997	2.545808
33.941856	99.463844	3.472594
33.964169	97.933189	3.054559
33.988083	97.226418	2.504252
34.000385	103.891731	5.924077
34.029358	88.356918	17.090334
34.056274	91.695908	1.744538
34.085178	94.216125	1.856853
34.114052	94.33683	2.155127
34.142899	91.176422	2.257631
34.171711	93.516655	2.569864
34.200493	93.223427	2.894204
34.22924	96.12397	2.935653
34.257965	95.880249	2.494497
34.286652	89.681885	2.21097
34.315311	94.774597	2.932538
34.343941	95.998154	2.141241
34.372536	92.206627	3.360616
34.399063	93.548958	3.023386
34.427597	97.779823	2.072942
34.454056	92.714119	1.722263
34.482533	89.017929	1.935637
34.510979	100.00737	4.009588
34.539394	91.697258	3.121628
34.56778	93.159157	3.9724
34.596138	93.081276	3.082395
34.624466	94.694107	2.8563
34.652771	92.51712	2.588906
34.681038	93.34639	3.838587
34.709282	93.80777	3.217171
34.737495	94.890167	3.029417
34.763615	94.379189	2.903534
34.791767	93.72242	3.529176
34.819897	95.79142	2.094005
34.847996	101.545204	2.863796
34.876068	109.18969	2.67835
34.90155	104.468689	1.626593
34.929562	96.085434	3.809088
34.957546	92.959724	4.715604
34.985008	93.376328	6.067883
35.012932	98.551689	7.355176
35.03875	100.867981	8.470832
35.068703	93.689224	3.072725
35.096546	98.815628	2.230287
35.124367	98.188454	2.992824
35.152153	97.685265	2.972777
35.179916	96.51825	3.002004
35.205563	92.037651	3.064391
35.231174	102.3144	2.540347
35.258858	95.693932	2.010757
35.288609	96.520493	13.638863
35.316238	99.199135	3.348183
35.341228	98.577545	4.166183
35.368801	99.395599	5.003476
35.395828	102.791618	8.377962
35.421242	108.006256	8.86243
35.44873	101.822769	6.423102
35.478306	91.62394	2.499994
35.505749	99.404968	2.384293
35.533165	100.122513	3.617651
35.560558	100.111168	5.33875
35.585808	95.629395	3.66392
35.613152	103.045898	2.946454
35.640465	97.691154	2.261994
35.667759	101.743408	2.157774
35.691818	106.293404	3.281086
35.719048	94.448814	4.334465
35.746258	96.950691	3.301267
35.773445	101.40583	3.868132
35.800602	99.305206	2.743744
35.82774	98.754211	2.230227
35.854851	102.085274	2.824002
35.881943	98.630112	1.964897
35.909004	114.31398	8.463107
35.932793	99.816101	5.813817
35.959801	98.245277	4.389309
35.986786	104.516411	4.06908
36.013748	105.938202	3.550323
36.038544	104.755127	2.848438
36.06546	101.936539	3.166681
36.09235	104.857643	2.709897
36.121365	101.729317	2.595268
36.145493	98.074814	4.245236
36.17231	107.368774	5.424217
36.196369	124.081116	2.292264
36.225288	102.178253	4.922227
36.252037	103.644974	2.10208
36.278763	103.600395	2.603627
36.305466	102.299171	2.868811
36.329987	100.366676	6.143188
36.356647	132.857162	25.790096
36.382088	100.665833	3.141509
36.408691	102.919693	4.460963
36.433113	104.440216	3.27557
36.459671	103.942406	3.09224
36.486214	101.681915	2.600087
36.514896	112.052948	5.26702
36.53862	97.577766	6.358481
36.56448	126.536858	14.182287
36.590927	100.392273	7.263793
36.617348	123.401649	7.810602
36.643753	94.304199	5.079424
36.670135	107.114365	4.892217
36.696499	116.597954	9.501447
36.719418	100.978699	6.015919
36.745724	107.451057	5.447466
36.772015	103.587669	1.280472
36.796101	98.866035	0.895365
36.82235	107.70797	3.851016
36.850765	105.429413	2.798354
36.874153	111.075539	4.519417
36.899696	107.563126	9.943244