9.9945776  3.6196350  0.1254760 
10.0026533  3.6355020  0.1594860 
10.0107279  3.7583390  0.1239370 
10.0188026  3.6923700  0.1282900 
10.0268742  3.6972390  0.1582040 
10.0349449  3.8018390  0.1953860 
10.0430156  3.7584820  0.1521750 
10.0510832  3.7591100  0.1340190 
10.0591509  3.7554140  0.1721800 
10.0672166  3.8620490  0.1576940 
10.0752802  3.8836870  0.1520450 
10.0833439  3.8548930  0.1623380 
10.0914056  3.9134910  0.1860160 
10.0994662  3.9293300  0.1459500 
10.1075699  3.9019050  0.1445810 
10.1156285  3.9804040  0.2168700 
10.1236852  3.9142060  0.1586140 
10.1317399  4.0467140  0.1122250 
10.1397936  4.0281800  0.1626660 
10.1478462  3.9033360  0.1318610 
10.1558969  4.1378590  0.1383650 
10.1639476  4.0394970  0.1364780 
10.1719963  4.0766380  0.1379900 
10.1800430  3.9402270  0.1970350 
10.1880887  4.1326420  0.0490410 
10.1961334  4.1843750  0.1394880 
10.2041770  4.1864000  0.0961340 
10.2122177  4.3151190  0.0958080 
10.2202584  4.2319360  0.0505470 
10.2282981  4.2662740  0.0741820 
10.2363358  4.2824970  0.0733700 
10.2443715  4.3539720  0.0367300 
10.2524072  4.4072590  0.0405010 
10.2604419  4.3459440  0.0585750 
10.2684736  4.4135620  0.0432090 
10.2765053  4.4232680  0.0590480 
10.2845350  4.4826240  0.0638570 
10.2925637  4.4965490  0.0423920 
10.3005914  4.4920990  0.0369840 
10.3086171  4.6058630  0.1023570 
10.3166418  4.5659610  0.0653390 
10.3246656  4.5734540  0.0820740 
10.3326873  4.6360270  0.0953190 
10.3407080  4.6205020  0.0869030 
10.3487756  4.6381770  0.0843780 
10.3567944  4.6874650  0.1256330 
10.3648111  4.6210290  0.0797920 
10.3728258  4.7545470  0.0891740 
10.3808405  4.7959510  0.0898390 
10.3888542  4.7172080  0.0964690 
10.3968650  4.7902850  0.0910550 
10.4048767  4.8334930  0.0819360 
10.4128844  4.7366620  0.0870430 
10.4208931  4.9004340  0.0848870 
10.4288989  4.9114760  0.1398980 
10.4369036  5.0134250  0.1046360 
10.4449073  4.9702840  0.0915780 
10.4529101  4.9770300  0.0809530 
10.4609118  5.0982790  0.1232520 
10.4689115  5.1427680  0.0761580 
10.4769093  5.1406430  0.0919220 
10.4849060  5.0260860  0.0955390 
10.4975230  5.7726440  0.3864640 
10.5060212  6.2913960  0.2843110 
10.5145194  7.6843900  0.2834090 
10.5230136  5.9410100  0.1821010 
10.5315078  5.3272910  0.1656130 
10.5400001  5.3590310  0.1636160 
10.5484903  5.3830240  0.1572760 
10.5569805  5.3659420  0.1113330 
10.5654688  5.5434270  0.1700580 
10.5739560  5.5254810  0.1744720 
10.5824402  5.5898360  0.1487940 
10.5909245  5.6670540  0.1743030 
10.5994057  5.6536630  0.1522190 
10.6078869  5.6279090  0.1550150 
10.6163672  5.8657410  0.2064500 
10.6248444  5.7500470  0.1492910 
10.6333217  5.7916200  0.1750910 
10.6417969  5.6873920  0.1655760 
10.6502711  5.7770780  0.1466360 
10.6587434  5.8605350  0.1589560 
10.6672146  5.7362260  0.1707760 
10.6756839  5.9347660  0.2056390 
10.6841521  5.9304380  0.1596870 
10.6926194  5.8885100  0.1926360 
10.7010846  5.9441410  0.2129280 
10.7095479  5.9683430  0.1679360 
10.7180121  6.1168000  0.2092090 
10.7264734  6.1213190  0.1856220 
10.7349327  6.1409810  0.2549260 
10.7433909  6.1989710  0.1905290 
10.7518482  6.2905860  0.1981460 
10.7603035  6.1330460  0.2228530 
10.7687577  6.2914760  0.2294580 
10.7772100  6.3147460  0.2363320 
10.7856623  6.2966900  0.1807540 
10.7941115  6.3821460  0.2201240 
10.8025618  6.2579090  0.1869590 
10.8110081  6.3892080  0.1564190 
10.8194543  6.3619070  0.1433330 
10.8278996  6.4323400  0.1506830 
10.8363419  6.5155260  0.2256440 
10.8447832  6.4717130  0.0755970 
10.8532234  6.5933570  0.1593890 
10.8616627  6.5095020  0.1869270 
10.8700990  6.6553920  0.1210260 
10.8785353  6.5039450  0.1370100 
10.8869696  6.6758230  0.0457320 
10.8954029  6.6518850  0.1106930 
10.9038362  6.6653740  0.0798070 
10.9122654  6.6527480  0.0566200 
10.9206947  6.8073780  0.0650400 
10.9291220  6.8526310  0.1012140 
10.9375493  6.8080740  0.0432090 
10.9459736  6.8688590  0.0511200 
10.9543969  6.9040880  0.0523260 
10.9628192  6.9619550  0.0334720 
10.9712405  6.9557350  0.1510600 
10.9796598  7.0102970  0.0813750 
10.9881460  7.1512060  0.1816580 
10.9925645  7.0521900  0.2619810 
11.0015402  7.1149420  0.2322120 
11.0105149  7.1562640  0.2397200 
11.0194877  7.3262120  0.2123630 
11.0284594  7.1343020  0.3094620 
11.0374321  7.3213730  0.3227700 
11.0464009  7.2754360  0.2228960 
11.0553676  7.4127260  0.2623290 
11.0643333  7.3394010  0.2430490 
11.0732971  7.3813840  0.2852990 
11.0822598  7.4545970  0.2144610 
11.0912206  7.5589300  0.2126490 
11.1001803  7.5908770  0.2270050 
11.1091380  7.6177560  0.2206780 
11.1180948  7.6504140  0.2034340 
11.1270495  7.7641170  0.2121760 
11.1360033  7.7924700  0.2175870 
11.1449560  7.9767410  0.2359330 
11.1539058  7.9589940  0.2066920 
11.1628555  8.1764520  0.2115160 
11.1718033  8.2533220  0.2449270 
11.1807491  8.5629010  0.2760250 
11.1896928  8.7922250  0.3053880 
11.1986366  8.8524450  0.2564940 
11.2075783  9.0198410  0.2860310 
11.2165181  9.0423490  0.2856890 
11.2254569  9.3757410  0.3873500 
11.2343946  9.2324560  0.2663780 
11.2433314  9.2758670  0.2945030 
11.2522652  9.3289500  0.3238320 
11.2611979  9.4116560  0.2737080 
11.2701287  9.3932760  0.2805370 
11.2790575  9.5076300  0.2597780 
11.2879853  9.4492580  0.3144640 
11.2969120  9.4764510  0.2509730 
11.3058368  9.4064370  0.2812360 
11.3147606  9.5543300  0.2863100 
11.3236824  9.5095930  0.3524010 
11.3326042  9.5141270  0.3069720 
11.3415229  9.7263700  0.2857490 
11.3504397  9.5633670  0.3120460 
11.3593565  9.7002270  0.2998850 
11.3682703  9.5303560  0.2726250 
11.3771841  9.8791560  0.2659140 
11.3860959  9.6304740  0.3210700 
11.3950057  9.8247880  0.2377000 
11.4039145  9.7167540  0.2849660 
11.4128213  9.9946330  0.2641320 
11.4217281  9.8601810  0.3072660 
11.4306319  10.0153050  0.2555100 
11.4395337  10.0831920  0.2759890 
11.4484355  10.0844160  0.2612310 
11.4573353  10.2171300  0.2966700 
11.4662341  10.1988310  0.3032770 
11.4751299  10.2995680  0.2677220 
11.4840267  10.3116820  0.2991900 
11.4929195  10.3621640  0.3038240 
11.5018123  10.4065570  0.3627870 
11.5107031  10.5850510  0.2828480 
11.5195920  10.5059940  0.3410990 
11.5284808  10.6281850  0.2860300 
11.5373666  10.5602930  0.3051610 
11.5462524  10.7880350  0.1978020 
11.5551352  10.6994860  0.2698770 
11.5640181  10.7944620  0.2673540 
11.5728979  10.7433730  0.2389660 
11.5817767  10.9250100  0.2008770 
11.5906545  10.8847240  0.2571420 
11.5995304  11.0656130  0.2158840 
11.6084052  11.0370250  0.1186320 
11.6172790  11.1104130  0.1950380 
11.6261509  11.2776300  0.1791270 
11.6350197  11.1680300  0.2628700 
11.6438895  11.2173570  0.1917220 
11.6527574  11.3315870  0.2191410 
11.6616232  11.3278450  0.2168300 
11.6704871  12.0704620  0.5551040 
11.6793509  11.5606680  0.1356470 
11.6965391  11.8153930  0.4039630 
11.7060223  11.4138020  0.3711850 
11.7155055  11.7603420  0.3401980 
11.7249857  11.8650860  0.3843530 
11.7344640  11.3918060  0.2526520 
11.7439412  11.9900830  0.3773690 
11.7534174  11.9957270  0.3138840 
11.7628916  12.1633210  0.3913970 
11.7723648  11.9556260  0.3130820 
11.7818350  12.0004910  0.3498920 
11.7913052  13.2645400  0.6125240 
11.8007724  12.1058680  0.2848740 
11.8102407  12.1962340  0.3180080 
11.8197079  12.1883190  0.3094340 
11.8291711  12.2596240  0.3657300 
11.8386323  12.5072550  0.2879110 
11.8480906  12.3931050  0.3348790 
11.8575498  12.5913570  0.3132890 
11.8670070  12.4822550  0.3288680 
11.8764612  12.7667970  0.2895980 
11.8859145  12.6458450  0.3079550 
11.8953677  12.7017330  0.2918740 
11.9048159  12.9030760  0.4470060 
11.9142652  12.9619340  0.3061580 
11.9237114  13.1397870  0.3369640 
11.9331577  13.0442760  0.3200110 
11.9426019  13.2135900  0.3631470 
11.9520431  13.3259940  0.3328400 
11.9614844  13.5244350  0.3439590 
11.9709236  13.4900330  0.3817270 
11.9803609  13.6321740  0.4061600 
11.9897961  13.6327070  0.4376540 
11.9992314  13.7873740  0.3370080 
12.0086626  13.9679070  0.3928560 
12.0180949  13.9960060  0.3607880 
12.0275242  13.9992990  0.4171690 
12.0369524  14.1822410  0.3088100 
12.0463787  14.1997860  0.3477780 
12.0558039  14.3290960  0.3128460 
12.0652262  14.1586960  0.4029560 
12.0746485  14.3859920  0.3176860 
12.0840687  14.5022280  0.3798640 
12.0934870  14.7161890  0.3235060 
12.1029033  14.5479040  0.3872810 
12.1123196  14.5926640  0.2680940 
12.1217318  14.7994480  0.4120060 
12.1311451  14.9413170  0.3355810 
12.1405554  14.8549310  0.4068100 
12.1499647  15.5201400  0.1820820 
12.1593729  14.9428780  0.3529600 
12.1687782  15.0957160  0.2805000 
12.1781815  15.0581020  0.3599670 
12.1875848  15.0084200  0.2483300 
12.1969861  15.2083520  0.3380890 
12.2063864  15.3824670  0.3167930 
12.2157837  15.5002680  0.4351180 
12.2251799  15.3896690  0.3768710 
12.2345742  15.5851450  0.4561600 
12.2439675  15.5597820  0.3359920 
12.2533598  15.6262490  0.3361070 
12.2627491  15.7253070  0.2729820 
12.2721394  15.8416460  0.3691810 
12.2815257  16.1906130  0.3677980 
12.2909110  16.1851690  0.4886710 
12.3002953  16.1251530  0.3462430 
12.3096766  16.7222790  0.2410650 
12.3190589  15.9072310  0.2963240 
12.3284373  16.0428750  0.2698430 
12.3378156  16.3048040  0.2298040 
12.3471909  16.1964450  0.2264120 
12.3565662  16.3976480  0.2281090 
12.3659395  16.4376350  0.2864400 
12.3753098  16.6924110  0.2891420 
12.3846801  16.6591870  0.4349440 
12.3960344  16.9231530  0.5995310 
12.4061080  16.2356620  0.6976510 
12.4161796  16.5238670  0.5876150 
12.4262462  16.8018340  0.7115560 
12.4363108  16.8871970  0.6205360 
12.4463704  16.7782650  0.7165140 
12.4564320  17.0089740  0.6678730 
12.4664906  17.1915590  0.6591460 
12.4765482  17.3666230  0.5366150 
12.4866028  17.0220700  0.6032410 
12.4966555  17.2638720  0.6068560 
12.5067081  17.3706190  0.6169850 
12.5167587  17.5224970  0.4804310 
12.5268063  17.4033470  0.5457300 
12.5368539  16.8786680  0.2243200 
12.5468985  17.6376690  0.5349070 
12.5569422  17.9054970  0.4231030 
12.5669828  17.7807920  0.4231570 
12.5770224  17.7560270  0.3764500 
12.5870600  17.8601460  0.5256550 
12.5970977  17.9943580  0.4051210 
12.6071323  17.7548310  0.4582050 
12.6171649  18.0475620  0.4267810 
12.6271976  18.4001520  0.6806130 
12.6372312  17.8838670  0.3694220 
12.6472638  17.8401760  0.3515030 
12.6572895  18.0164830  0.3768570 
12.6673151  17.8580230  0.3925080 
12.6773368  18.3623290  0.2495070 
12.6873574  18.1128790  0.3281470 
12.6973781  18.4046020  0.3084440 
12.7073947  18.2270510  0.3178230 
12.7174114  19.3026290  0.9002580 
12.7274260  18.5205270  0.3117170 
12.7374387  18.5863060  0.3059750 
12.7474493  18.5610260  0.2763450 
12.7574580  18.5559020  0.3121210 
12.7674657  18.6726910  0.2726950 
12.7774723  18.2916160  0.1087930 
12.7874760  18.6718370  0.2542500 
12.7974776  18.9184700  0.3238830 
12.8074793  21.8443780  0.7316800 
12.8174780  27.2863620  0.5675280 
12.8274757  23.3429890  0.4767940 
12.8374713  19.0112880  0.2005420 
12.8474660  18.9131180  0.1880890 
12.8574587  18.8629510  0.3129570 
12.8674484  18.9706500  0.2478380 
12.8774380  18.8500160  0.2641250 
12.8874257  18.9255140  0.2317300 
12.8974104  18.7178750  0.1473050 
12.9073951  18.8197780  0.2262730 
12.9173768  18.7610760  0.2510950 
12.9273575  18.6836550  0.2657000 
12.9373371  19.0308130  0.2215140 
12.9473138  18.5998100  0.2156510 
12.9572885  19.0494160  0.2079020 
12.9672632  18.7419200  0.2501820 
12.9772359  19.1963100  0.2354040 
12.9872066  18.6698840  0.2125790 
12.9971743  19.2181260  0.1849890 
13.0071410  19.0464800  0.1979460 
13.0171077  19.1681210  0.2411760 
13.0270714  19.1356410  0.2271560 
13.0370341  19.1807350  0.2076470 
13.0469938  19.1295720  0.2020370 
13.0569536  18.9997650  0.2141130 
13.0669103  19.4097610  0.2221390 
13.0768660  19.1121030  0.2101490 
13.0868197  19.6937200  0.1986300 
13.0967724  19.5106390  0.1948480 
13.1067221  19.9634150  0.2489300 
13.1166709  19.3306060  0.2268070 
13.1266186  19.6237850  0.1712710 
13.1365643  19.4860210  0.2246420 
13.1465080  19.3641190  0.2287190 
13.1564498  19.8401510  0.6466310 
13.1663905  19.3513810  0.2478930 
13.1763292  19.6227530  0.3029290 
13.1862660  19.6880440  0.2628950 
13.1866755  19.1555180  0.7458150 
13.1974044  19.5044590  0.6627230 
13.2081344  19.2337890  0.5942110 
13.2188603  19.5049590  0.5517870 
13.2295852  19.6053050  0.5755680 
13.2403061  19.5376090  0.6876750 
13.2510280  19.5569630  0.5763630 
13.2617470  19.7600040  0.4878170 
13.2724649  19.8622880  0.5256660 
13.2831798  19.7456590  0.6710430 
13.2938937  19.5809570  0.5512810 
13.3046057  19.8560730  0.4583780 
13.3153146  19.8993530  0.4473600 
13.3260315  19.6183220  0.8794050 
13.3367455  20.2752190  0.9992340 
13.3474494  20.0069330  0.7663160 
13.3581524  20.0764620  0.6116690 
13.3688533  20.1362880  0.9674450 
13.3795512  20.1443120  0.8035020 
13.3902492  20.1758900  0.7716180 
13.4009451  21.4708040  0.7778870 
13.4116381  20.2651270  0.5213320 
13.4223290  20.2630770  0.6835910 
13.4330190  20.3406310  0.7020720 
13.4435202  20.3147300  0.5692390 
13.4542061  20.2874030  0.5022690 
13.4648911  20.3515660  0.6246450 
13.4755730  20.4371870  0.5910930 
13.4862540  20.3668920  0.5355580 
13.4969330  20.3168180  0.3279850 
13.5076089  20.4108850  0.3815700 
13.5182839  20.4908680  0.3888850 
13.5289569  20.6479550  0.4519520 
13.5396289  20.5551010  0.3432930 
13.5502988  20.4605160  0.3240410 
13.5609668  20.4898680  0.3703230 
13.5716328  20.5920680  0.3445530 
13.5822978  20.5045170  0.3195940 
13.5929598  20.5815510  0.2906730 
13.6036207  20.6040590  0.2305580 
13.6142787  20.7418800  0.3393370 
13.6249357  20.8964370  0.2714120 
13.6353999  20.5530950  0.2730310 
13.6460529  20.7564720  0.2100330 
13.6567049  21.3775310  0.8711500 
13.6673549  20.6388590  0.3547870 
13.6780029  21.1298890  0.3392960 
13.6886479  20.8464660  0.2196250 
13.6992939  20.8867950  0.2949840 
13.7099349  20.5442790  0.4466590 
13.7205759  21.0856210  0.3482280 
13.7312139  20.9810730  0.3686840 
13.7418519  20.9780580  0.3105060 
13.7524879  21.0391960  0.3652880 
13.7631209  21.0279660  0.4449480 
13.7737530  20.7912060  0.6158690 
13.7843820  20.9277020  0.6088180 
13.7950100  21.2116450  0.6330270 
13.8056370  21.1842780  0.4877080 
13.8162620  21.2075750  0.6940900 
13.8268851  21.2677920  0.7423770 
13.8375061  21.1923870  0.5858860 
13.8481241  21.2270150  0.6911620 
13.8587421  21.2851390  0.4274520 
13.8693582  21.1393550  0.7169440 
13.8799722  21.4131980  0.5431570 
13.8905842  21.2103080  0.5339780 
13.9011953  21.4586010  0.5480210 
13.9118023  21.5290240  0.4357700 
13.9224094  21.3569430  0.7843520 
13.9330154  21.3416080  0.5600760 
13.9436185  21.5269600  0.5686370 
13.9542195  21.4880280  0.5613140 
13.9648195  21.4412080  0.4804600 
13.9754176  21.6621490  0.6432910 
13.9860127  21.6326810  0.6009760 
13.9966067  21.5762230  0.5784980 
14.0072008  21.6853070  0.4709210 
14.0177908  21.6775300  0.4894020 
14.0283809  21.6354730  0.6982150 
14.0389679  21.4863640  0.5893410 
14.0495540  21.7957360  0.6543580 
14.0601371  21.5902100  0.5475870 
14.0707191  21.7401100  0.6256850 
14.0812992  21.7780670  0.5446450 
14.0918783  21.7902090  0.6423100 
14.1024543  21.8581390  0.6043510 
14.1130294  21.8446120  0.6171170 
14.1236025  22.1249290  0.5934190 
14.1341746  22.0544170  0.6410480 
14.1447446  21.5940650  0.6053950 
14.1553117  21.9902970  0.5557650 
14.1658788  22.2771380  0.5155290 
14.1764439  21.6339380  0.5266840 
14.1903395  22.0365810  0.7844540 
14.2018047  22.1039850  0.8445390 
14.2132679  22.2127380  0.7180860 
14.2247290  22.2368740  0.8397170 
14.2361872  22.2446310  0.7388360 
14.2476443  21.9632590  0.6636390 
14.2591005  22.7706550  0.9713610 
14.2705686  21.4323840  0.7389700 
14.2820328  22.8021680  0.7230860 
14.2934820  22.5300620  0.6750390 
14.3049301  22.9362560  0.6451510 
14.3163753  26.5592290  0.6734420 
14.3278195  29.1128540  0.6886100 
14.3392607  24.4527190  0.5399690 
14.3507009  22.5723480  0.6659280 
14.3621380  22.9774020  0.5383160 
14.3735742  22.7715910  0.7110060 
14.3850074  22.9193940  0.5141130 
14.3964396  22.8629400  0.4412260 
14.4078698  22.9052560  0.5481600 
14.4192980  23.1405450  0.5696600 
14.4307242  22.9775660  0.7529010 
14.4421484  23.0633680  0.5064590 
14.4535706  22.9057900  0.4560650 
14.4649918  23.1307030  0.4949950 
14.4761682  23.0157660  0.5784040 
14.4875844  22.8590700  0.5807980 
14.4989996  23.2733540  0.4690000 
14.5104118  22.7776110  0.2969610 
14.5218221  23.4916500  0.3737590 
14.5332303  22.9498750  0.3427940 
14.5446375  22.6401580  0.4580400 
14.5560417  23.2366850  0.3426150 
14.5674449  23.2761610  0.2693740 
14.5788451  23.9300710  2.3890790 
14.5900006  23.2773460  0.2659610 
14.6013978  23.0837400  0.4069360 
14.6127921  23.4897120  1.9326300 
14.6241853  22.7451110  0.3724770 
14.6355755  23.2605400  0.3265210 
14.6469648  23.2800870  0.2894000 
14.6583510  23.3173560  0.3881590 
14.6697372  23.3015520  0.3000280 
14.6811205  23.5025020  0.4450320 
14.6925017  23.4382880  0.4379980 
14.7038810  23.4338440  0.4520680 
14.7152582  23.3852770  0.4678140 
14.7266344  23.4799590  0.3394260 
14.7380077  23.3250620  0.4782770 
14.7493789  23.5255680  0.5656710 
14.7607502  23.5330280  0.5240250 
14.7721174  23.8365040  0.5868360 
14.7834837  23.6653140  0.5293060 
14.7948470  23.3132820  0.3537400 
14.8062092  23.7803060  0.5563280 
14.8175705  23.5773640  0.5356980 
14.8289288  23.5815050  0.5622850 
14.8402850  23.7892910  0.5153000 
14.8516393  23.6910550  0.3919230 
14.8629926  23.3992580  0.4546310 
14.8743428  24.0782470  0.5936640 
14.8856931  23.8811890  0.5561770 
14.8970404  23.9304830  0.4749570 
14.9083847  23.9560830  0.3865400 
14.9197279  23.9786910  0.4447420 
14.9310692  23.9966740  0.4415460 
14.9424095  23.8114150  0.4958010 
14.9537458  24.1286140  0.4494000 
14.9650821  23.8709390  0.5127830 
14.9764164  24.0323280  0.4982920 
14.9877477  24.3747160  0.3766120 
14.9990780  24.1768760  0.6235430 
15.0104062  23.8654650  0.4982790 
15.0217315  24.3093430  0.5591670 
15.0330568  23.9058510  0.6965910 
15.0443791  24.5797540  0.5244920 
15.0557005  23.8615360  0.8007690 
15.0670188  24.1191310  0.7470120 
15.0783361  23.9534230  0.6365220 
15.0896514  24.2653900  0.8778030 
15.1009637  24.7200530  0.6511180 
15.1122760  23.6982770  0.8867930 
15.1235843  24.4356420  0.8012320 
15.1348926  24.1924400  0.6593650 
15.1461979  23.5855220  0.8651580 
15.1572425  24.1720660  0.8070830 
15.1685439  24.2542150  0.9198610 
15.1798442  23.6600990  0.8531630 
15.1962842  24.1389540  0.6675760 
15.2083218  23.9858470  0.6929240 
15.2206560  23.7118550  0.6002780 
15.2329873  23.8528330  0.6397600 
15.2453155  23.7854500  0.4840050 
15.2576428  23.3700370  0.4487110 
15.2700120  24.0570760  0.5322760 
15.2823343  23.4895320  0.7551500 
15.2943569  23.5410500  0.5191220 
15.3066741  23.7215210  0.7802710 
15.3189904  23.5799310  0.7461170 
15.3313047  23.6612380  0.7647900 
15.3436170  23.7782330  0.8829360 
15.3559273  23.7735230  0.7777090 
15.3682345  23.8099940  0.7142520 
15.3805398  23.6976150  0.7053690 
15.3928441  23.6205120  0.7141930 
15.4051454  23.9916520  0.7716060 
15.4174447  23.5871890  0.7397270 
15.4297420  24.2373770  0.8138670 
15.4420383  23.9844590  0.6656260 
15.4543316  24.0155540  0.6707080 
15.4666219  24.1516150  0.6870920 
15.4789112  23.8697660  0.5868180 
15.4911985  23.9504300  0.6344950 
15.5034828  24.0201640  0.5242270 
15.5157661  23.8011630  0.5438110 
15.5280464  24.5523780  0.6140360 
15.5403247  25.0126820  0.5632850 
15.5526011  31.2524510  0.9011010 
15.5648764  32.8412970  0.7045120 
15.5771487  26.1330030  0.5944540 
15.5894190  24.2214130  0.4383410 
15.6013797  24.0121170  0.5592660 
15.6136460  24.1210730  0.4673060 
15.6259103  23.7333240  0.6186740 
15.6381716  23.4754580  0.6031420 
15.6504310  23.6467760  0.4760150 
15.6627363  23.8989410  0.6019190 
15.6749926  24.0812240  0.5234820 
15.6872459  24.2436900  0.5196380 
15.6994973  23.7447490  0.5268190 
15.7117476  23.7290130  0.6067040 
15.7239940  23.8413660  0.5115180 
15.7359276  23.6346110  0.6590420 
15.7481700  23.8151070  0.4087020 
15.7604113  23.6899410  0.5388920 
15.7726507  23.5381570  0.6219270 
15.7848871  23.5559010  0.4786930 
15.7971224  23.6655480  0.5958970 
15.8093548  23.6408540  0.6346750 
15.8215861  23.4950560  0.5276700 
15.8338145  23.6444380  0.6137050 
15.8460409  23.5819050  0.5186410 
15.8582662  23.6984730  0.6363110 
15.8704896  23.5594960  0.7390510 
15.8827080  24.0056080  0.4533760 
15.8949274  23.4606210  0.5686840 
15.9071427  23.7534620  0.4445660 
15.9193581  23.8797660  0.4322510 
15.9315695  23.6179470  0.5102610 
15.9437809  23.2069190  0.3270840 
15.9559893  23.6280780  0.3876730 
15.9681957  23.7904260  0.4989350 
15.9803991  23.7993760  0.4603950 
15.9926014  23.6157230  0.5341510 
16.0048028  23.9423410  0.6297950 
16.0169992  23.5783710  0.4823630 
16.0291956  23.0216010  0.5417050 
16.0413900  23.8988650  0.8283430 
16.0535814  23.6811580  0.6126120 
16.0657718  23.7553830  0.6771120 
16.0776386  23.5837690  0.8374980 
16.0897740  22.3501210  0.3105540 
16.1019565  23.7069340  0.5177580 
16.1141379  23.2347370  0.6275720 
16.1263173  23.6066950  0.3908380 
16.1384947  23.4466990  0.4379110 
16.1506691  23.5233170  0.3764140 
16.1628436  23.5139270  0.3964470 
16.1750150  23.4394550  0.4420710 
16.1868587  23.5837670  0.3604370 
16.1990262  23.4615520  0.4246050 
16.2111926  23.5756680  0.3974590 
16.2233540  23.3019030  0.5129480 
16.2355165  23.7261100  0.5992700 
16.2476749  23.3827710  0.3767070 
16.2598303  23.6184230  0.5966390 
16.2719868  23.3778060  0.4678790 
16.2841392  23.6741260  0.4592690 
16.2962907  24.2097590  0.5422730 
16.3084411  23.4161320  0.4687530 
16.3205856  23.5172000  0.5144200 
16.3327310  24.0130330  0.5369760 
16.3448755  22.9880450  0.4385580 
16.3570169  24.1996560  0.3933160 
16.3691534  23.3234200  0.5762970 
16.3812909  24.4370440  0.4439530 
16.3934263  23.5227280  0.5504390 
16.4055598  23.9346750  0.4140130 
16.4176912  24.2493380  0.5416080 
16.4298207  23.6628280  0.5453680 
16.4419472  23.8711170  0.7201100 
16.4540727  24.2243520  0.5303550 
16.4661951  24.2827220  0.7627340 
16.4782906  23.7680550  0.7450170 
16.4832535  22.7747380  0.4810220 
16.4965777  23.7525790  0.7825220 
16.5099020  24.0004880  0.8134710 
16.5228416  23.6555940  0.7104810 
16.5361608  23.6378710  0.7277220 
16.5494751  23.6473120  0.6993470 
16.5627903  23.6657300  0.6937840 
16.5761006  23.7548640  0.8607980 
16.5894098  23.5994930  0.8127650 
16.6027171  23.6591760  0.8761360 
16.6160223  23.8194330  0.7082500 
16.6293236  23.5606690  0.7112340 
16.6426258  23.8225170  0.8386950 
16.6559251  25.4050480  1.4484630 
16.6692553  23.8019370  0.9058190 
16.6825506  23.9924070  1.0049770 
16.6958768  23.9181440  0.8086900 
16.7091651  24.3242740  0.6783680 
16.7224534  24.3161950  0.7406550 
16.7357396  24.0020160  0.8059300 
16.7490219  24.7427310  0.8544070 
16.7623022  24.1376670  0.8569050 
16.7755795  24.2385270  0.6801920 
16.7884652  24.3022190  0.6979590 
16.8017384  23.9092390  0.7533010 
16.8150087  24.4565540  0.7071560 
16.8282780  24.1917610  0.6979090 
16.8415453  23.7129780  0.7367750 
16.8544160  24.1776560  0.6690390 
16.8676773  24.0434510  0.6203860 
16.8809386  24.0859580  0.7763070 
16.8941949  24.2805690  0.6813600 
16.9074502  24.5828930  0.7339840 
16.9207025  24.0384290  0.6533490 
16.9339538  24.4001690  0.6837800 
16.9472002  24.1165050  0.7041860 
16.9604465  24.3816380  0.6530500 
16.9736908  25.1522770  0.6829280 
16.9869331  23.8453560  0.4369750 
17.0001734  24.8358440  0.6224030 
17.0134107  24.4473840  0.5635730 
17.0266451  24.7303700  0.6666350 
17.0398784  24.9569740  0.6230550 
17.0531087  25.1960560  0.6019220 
17.0663361  24.8869710  0.6314250 
17.0795634  24.8609580  0.6691970 
17.0927887  24.8223630  0.6455720 
17.1060101  25.0371990  0.5677550 
17.1192294  24.9578480  0.5093850 
17.1324468  25.0577320  0.6135920 
17.1452605  23.7388080  0.1806170 
17.1584729  24.9258290  0.7268370 
17.1716842  24.5289340  0.6592580 
17.1848926  24.6072080  0.5125310 
17.1980989  24.9110340  0.5281770 
17.2108997  24.5368020  0.5548540 
17.2241001  25.3825990  0.5787420 
17.2372984  24.5824530  0.2699500 
17.2504948  25.0481170  0.5165420 
17.2636912  24.6608680  0.5488680 
17.2768845  24.8581300  0.6872490 
17.2900739  24.7370620  0.6595890 
17.3032623  24.8297670  0.7602090 
17.3164476  24.8009610  0.6502920 
17.3296330  25.1257950  0.6452980 
17.3428144  24.4276730  0.5985090 
17.3559958  25.0359190  0.5080330 
17.3691712  24.8450390  0.5442090 
17.3823476  25.1276590  0.5529720 
17.3955209  24.9391080  0.6083600 
17.4086913  25.4340630  0.6485750 
17.4218607  25.2995070  0.6121210 
17.4350271  25.1258890  0.4972830 
17.4481915  25.2818180  0.5940090 
17.4613519  25.3292270  0.7829820 
17.4745143  25.4757180  0.7712490 
17.4876727  25.3518490  0.8241210 
17.5004146  25.1823810  0.8935990 
17.5135670  24.9266530  0.8669670 
17.5267184  25.5309330  0.8392920 
17.5398668  24.6608910  0.8463710 
17.5525987  25.0552440  0.7372480 
17.5661596  25.2315790  0.9813340 
17.5793031  25.2278920  0.9247150 
17.5919850  25.7262170  0.6615270 
17.6051204  25.5965000  0.6653600 
17.6182139  25.4427970  0.7177980 
17.6313483  25.1342640  0.8226590 
17.6444777  25.1444630  0.7440110 
17.6576062  25.7383480  0.7035960 
17.6707346  25.5112270  0.7370660 
17.6838580  25.4650330  0.7370240 
17.6969825  25.4147190  1.0645570 
17.7101029  25.7607310  0.7109700 
17.7232194  25.5869710  0.6502740 
17.7363368  25.1311190  0.2160130 
17.7494513  25.6836220  0.7320640 
17.7625617  25.6556550  0.8443460 
17.7756732  26.2675290  0.5727210 
17.7887796  24.9851210  0.8073310 
17.8018851  26.8044200  0.5761650 
17.8149906  26.0860960  0.7155590 
17.8280920  25.7063220  0.6057340 
17.8411895  25.9755130  0.6858330 
17.8542870  26.2855870  0.7158580 
17.8673824  25.4427600  0.7766860 
17.8800493  25.8708380  0.9533550 
17.8940908  25.4769670  1.1485100 
17.9085978  25.7102510  1.1189330 
17.9231019  25.9412500  0.9908470 
17.9371144  25.7890910  0.9737860 
17.9516134  25.6980080  1.0126060 
17.9661104  25.8947180  1.1432820 
17.9806024  25.1690770  1.0432040 
17.9946030  25.7695140  0.9026750 
18.0090920  25.9388350  0.9513270 
18.0235780  25.8184200  0.7799140 
18.0380611  26.2323700  0.8931610 
18.0525421  25.8999560  0.7441470 
18.0670232  25.5823690  0.6715370 
18.0814982  26.0377900  0.9311970 
18.0959732  26.6765730  1.2112630 
18.1104423  25.7646620  0.9109840 
18.1249123  26.0368190  0.9064550 
18.1393794  26.0520250  0.6648730 
18.1538434  26.2649400  0.8434090 
18.1683055  26.1088890  0.9294330 
18.1828245  26.0630250  1.0073770 
18.1972826  25.8927690  0.8350910 
18.2111782  26.1672990  0.9398710 
18.2257482  26.7194210  0.9587890 
18.2401992  26.4988290  1.0290610 
18.2546453  25.8530860  1.1612360 
18.2690904  25.8199750  1.1121910 
18.2830320  25.7538780  0.9732190 
18.2974711  26.2581670  0.9926290 
18.3119061  26.2440220  0.8473220 
18.3263412  26.1283000  0.8771930 
18.3407743  26.0214540  0.8013980 
18.3552034  26.4171050  0.7308070 
18.3696315  26.3232840  0.8644100 
18.3840566  26.6974950  0.6748930 
18.3984787  26.7901760  0.6145120 
18.4128988  26.6237010  0.8282830 
18.4273189  26.9053130  0.7972020 
18.4417330  26.7698040  0.7736600 
18.4561471  26.3036370  0.7420000 
18.4705592  27.4437390  0.6980530 
18.4849663  26.8723410  0.8768500 
18.4988640  26.3410030  1.0775960 
18.5132661  27.1121540  1.1597000 
18.5276672  26.8445610  1.0854020 
18.5415559  26.4165230  0.8500750 
18.5559510  26.9642330  0.9141360 
18.5703441  27.4510840  1.0083540 
18.5847353  26.5043930  0.8761160 
18.5991234  27.3588240  0.8409430 
18.6135085  27.1596410  0.9252590 
18.6278947  26.6486910  0.7209100 
18.6422758  27.3748340  0.9364510 
18.6566539  27.2953720  0.8327760 
18.6710321  27.5125940  0.8665340 
18.6854062  28.3260230  1.0856800 
18.6997764  28.7269550  0.6880670 
18.7141465  31.0980910  0.7990600 
18.7285137  30.9507060  0.6940610 
18.7428799  28.5597360  0.6988640 
18.7572430  27.7381020  0.6101730 
18.7716022  27.1882080  0.8832490 
18.7854409  27.7463300  1.0967400 
18.7997961  27.8794780  1.0841200 
18.8141492  27.9804590  1.1875090 
18.8279779  27.7192570  0.9756400 
18.8423261  27.8800680  1.1408150 
18.8566713  28.0795760  1.0987160 
18.8710135  28.1696240  0.9874150 
18.8853566  28.0647620  0.9389140 
18.8996928  27.9733890  0.7766230 
18.9140290  28.2714420  1.0104890 
18.9283632  28.1558250  0.6931060 
18.9426934  27.3773730  0.4433400 
18.9570236  28.3498190  0.6312810 
18.9713508  29.3330250  0.9888420 
18.9856750  28.2706050  0.6837030 
18.9999962  28.5560050  0.8826650 
19.0143164  29.2740570  0.8063130 
19.0286336  28.8554080  1.0956070 
19.0429508  28.9686070  1.1068060 
19.0571951  29.4982850  1.1661530 
19.0709099  28.6121100  0.8291920 
19.0852162  28.8645820  0.8960720 
19.0995214  29.5367320  0.8263860 
19.1138256  29.6188580  0.9233810 
19.1281248  28.5640430  1.0595290 
19.1418916  30.9807470  0.9901630 
19.1561878  28.4611760  0.6334600 
19.1704801  29.3688810  0.9789140 
19.1847703  29.8146360  0.8247110 
19.1990585  30.6439420  0.9052780 
19.2133448  28.7223830  0.9560120 
19.2276300  29.5535600  1.0900040 
19.2419103  30.3205780  0.8922420 
19.2561895  29.0102560  0.9984530 
19.2704688  30.9937210  0.9464020 
19.2847430  28.9586430  0.4909520 
19.2990143  30.0314640  0.6433310 
19.3132865  29.8729500  0.4943760 
19.3275538  30.3979280  1.0685540 
19.3418190  30.2366260  0.8759840 
19.3560823  31.1694340  0.9519520 
19.3698031  28.8420050  1.3201750 
19.3840614  30.5756820  1.4301830 
19.3983177  30.4324820  1.7985650 
19.4125719  31.6920450  1.4922530 
19.4266824  29.0977170  0.7916840 
19.4831200  33.3382300  1.8750690 
19.4986590  32.6015170  1.9185370 
19.5141780  32.4751050  1.8026750 
19.5296799  33.0661200  1.6786330 
19.5451669  39.3701400  3.3508380 
19.5604252  40.6864200  4.2350100 
19.5758782  32.6406170  1.9901340 
19.5913153  31.6285900  2.1466480 
19.6067353  32.0136340  1.6792830 
19.6221404  31.5629440  1.7677600 
19.6375285  31.2037240  1.6584590 
19.6528986  32.0405770  1.3798080 
19.6682548  32.0601840  1.2812180 
19.6835699  30.4846990  2.0500130 
19.6988931  31.3128510  2.0951310 
19.7139955  31.8516410  2.3356470 
19.7292857  31.1762330  2.2218400 
19.7445609  32.1994900  1.9829670 
19.7598192  32.3159710  1.8716590 
19.7750604  33.6486930  1.4981500 
19.7902867  33.9183160  1.3225500 
19.8054990  33.7578050  1.4177040 
19.8206923  34.9555590  1.6144360 
19.8358706  34.7806020  1.5810720 
19.8510339  35.2669560  1.7880350 
19.8661813  36.8433270  1.8237710 
19.8812916  37.9128910  4.0941520 
19.8964050  35.9177470  1.6795330 
19.9115064  37.2205920  1.6301490 
19.9265898  38.3934360  1.3560650 
19.9416593  37.9688990  1.1584220 
19.9567137  38.0069120  1.1319850 
19.9717512  40.5001220  0.3796650 
19.9882112  32.4684140  1.8416190 
20.0051217  33.6118160  1.8240050 
20.0220153  33.4074100  1.6970630 
20.0388848  32.5681840  1.6217540 
20.0557364  33.7011450  1.8851770 
20.0725700  33.7949830  1.8411060 
20.0893817  32.8819160  1.5679850 
20.1061753  31.9404260  1.0312460 
20.1229510  33.1412160  1.9209240 
20.1397067  32.9862330  1.7165690 
20.1564414  32.9331170  1.5443620 
20.1731591  32.8391490  1.4535470 
20.1898558  33.3200720  1.4491220 
20.2065356  34.0505100  1.5381230 
20.2231944  34.2738610  1.7082200 
20.2398382  34.2869990  1.8320150 
20.2564590  35.8732760  1.1147630 
20.2730619  34.3936580  1.6924750 
20.2896487  34.4857830  1.3199050 
20.3062136  36.1488190  1.1278450 
20.3227605  36.0527880  1.5119890 
20.3392914  44.4708400  4.3628960 
20.3558014  36.4929920  1.4657320 
20.3722923  38.7860150  1.6099430 
20.3887683  37.5040320  1.4601000 
20.4052253  37.4724810  1.1637390 
20.4216603  38.4630700  1.2558360 
20.4380814  37.9144970  1.1731970 
20.4544824  38.0427590  1.3783030 
20.4708675  41.2544330  2.7625160 
20.4872266  38.1644590  1.2456680 
20.5035707  40.1944660  1.6770590 
20.5198988  38.8064120  1.3363000 
20.5362120  41.5866890  3.2881120 
20.5525071  39.4367180  1.4795420 
20.5687823  39.8571820  1.6549870 
20.5850395  39.9372980  1.4353740 
20.6012808  39.8757440  1.5632580 
20.6175050  40.5234530  1.5852990 
20.6337103  40.8341030  1.5290190 
20.6499005  40.7107850  1.2868990 
20.6660718  40.4262080  1.0370030 
20.6822251  40.5256650  0.5647990 
20.6983635  39.8490980  0.3509380 
20.7144838  42.8316690  3.2467330 
20.7305882  41.3261150  0.7402960 
20.7466725  41.3720590  1.0331470 
20.7627429  41.1517680  1.2701190 
20.7787864  39.5099830  1.9488510 
20.7948198  42.6692850  0.8929460 
20.8108342  40.8883290  1.2865790 
20.8268357  40.9016610  1.6392860 
20.8428222  41.6903110  1.9767640 
20.8587897  40.0774610  2.1715450 
20.8746283  42.6997260  1.2941610 
20.8950033  39.2084960  3.4814550 
20.9130526  36.2044680  2.3580420 
20.9310790  36.0152240  1.7409430 
20.9490854  37.3393970  2.1619630 
20.9670678  36.0948330  1.8412180 
20.9850323  48.2027890  6.4779730 
21.0029727  36.9622610  2.1804840 
21.0208952  35.9640500  2.0466550 
21.0387927  36.8555180  1.8264120 
21.0566702  37.4527400  2.3430370 
21.0745278  39.3149070  1.5823650 
21.0923664  38.4313240  1.4828650 
21.1101810  37.7410620  0.6471910 
21.1279776  38.3935130  1.7363230 
21.1457512  38.4909710  1.5780350 
21.1635049  39.1227460  1.9269930 
21.1812405  37.4972310  1.8971160 
21.1989532  38.4648020  1.8529260 
21.2166440  39.2129940  1.9605920 
21.2343167  38.2827640  1.7341650 
21.2519685  38.8053550  1.5708210 
21.2696002  39.4447670  1.6816330 
21.2872141  38.8398440  1.8707850 
21.3048049  38.7268300  1.9569650 
21.3223757  38.4641080  2.0596900 
21.3399286  40.3303110  1.5656670 
21.3574615  39.5609130  1.6697620 
21.3749734  39.0650410  1.5992460 
21.3924673  38.4884910  1.9926200 
21.4099393  40.0014530  1.4626430 
21.4273932  47.5307460  5.8518390 
21.4448272  47.3630490  6.1137340 
21.4622422  41.0178530  5.1982000 
21.4796362  38.5443610  2.0537930 
21.4970113  38.7857060  1.9424750 
21.5143694  38.9744990  1.8552460 
21.5317064  39.4517900  1.4927060 
21.5490245  39.0387570  1.6658940 
21.5663257  40.1278800  1.2409500 
21.5836038  38.9682160  1.0844470 
21.6008660  40.1942330  1.3889740 
21.6181102  39.0450820  1.5872340 
21.6353324  39.8080290  1.7845640 
21.6525386  40.9978870  1.5528030 
21.6697248  39.7299580  1.5369300 
21.6868921  41.2102470  1.2019010 
21.7040424  41.8877530  0.9849800 
21.7211717  41.6741030  1.2634350 
21.7382860  42.0361440  1.1372240 
21.7553793  42.6728250  1.7541990 
21.7724547  42.1305810  1.5482700 
21.7895101  42.2840310  1.7273010 
21.8065485  43.1136210  1.7901100 
21.8235689  43.1861920  1.6072540 
21.8405703  42.3226050  1.4240600 
21.8575548  43.9114990  1.3052460 
21.8745202  44.3384700  1.7625640 
21.8914707  44.2427670  1.4058510 
21.9084002  43.7236600  1.3843560 
21.9253128  44.9107630  1.5314050 
21.9422073  45.4631880  1.3915790 
21.9590849  45.4551240  1.3608140 
21.9759445  45.8883210  1.9275140 
21.9927881  46.1937180  1.3192630 
22.0096117  45.5580370  1.3227240 
22.0264173  45.1688390  0.8903990 
22.0432080  47.2966800  1.5783340 
22.0599786  46.7558780  1.3187790 
22.0767313  46.4914630  1.2245290 
22.0955279  42.0142100  1.3441840 
22.1146332  42.7141720  1.4252230 
22.1337174  42.9902530  1.3860820 
22.1527787  48.5786930  3.2191240 
22.1718171  44.5641020  1.1537360 
22.1908324  42.4528500  1.2414090 
22.2098258  42.7243920  1.3194060 
22.2287932  42.5234070  1.3640770 
22.2477426  42.3358570  1.3986130 
22.2666671  42.4774630  1.3289870 
22.2855686  42.1539080  1.3099830 
22.3044490  42.4302860  1.2296660 
22.3233066  42.6025510  1.1417130 
22.3421451  42.0093270  1.4515760 
22.3609567  41.7753140  1.4944570 
22.3797492  41.6655810  1.4163710 
22.3985189  43.9374470  1.1512270 
22.4172665  42.8035160  1.4058490 
22.4359941  41.9421200  1.5722060 
22.4546978  42.9888920  1.5320840 
22.4733795  42.7651020  1.7203720 
22.4920412  43.1045230  1.2991070 
22.5106810  42.7607800  1.7775900 
22.5292987  42.8912810  1.8209280 
22.5478955  42.9962120  1.7302170 
22.5664693  41.9566500  1.5138320 
22.5850212  53.6248210  1.9681680 
22.6035550  44.0019450  1.5711790 
22.6220679  44.2933880  1.3112260 
22.6405598  45.0774800  1.2925980 
22.6590287  44.4252700  1.4730220 
22.6774786  45.8562850  2.3905360 
22.6959076  44.2348980  1.7028150 
22.7143136  44.6693950  2.0905080 
22.7326996  44.7705380  1.7467800 
22.7510676  44.8277780  1.3686630 
22.7694126  46.0720140  2.3075160 
22.7877387  44.6288220  0.9007270 
22.8060438  45.5296860  1.3140230 
22.8243299  45.8517910  1.6938660 
22.8425930  45.7467650  1.2005440 
22.8608372  45.9643520  1.4335540 
22.8790614  45.9344670  1.5934020 
22.8972675  44.7161640  0.7108810 
22.9154508  46.1743240  1.4579660 
22.9336150  46.4775810  1.7494960 
22.9517592  46.3908270  1.8700940 
22.9698855  46.5014000  1.6815580 
22.9879908  46.7602920  1.6066570 
23.0060761  46.2644690  1.9439510 
23.0241415  46.1114500  1.9807330 
23.0421888  46.7144620  1.5723610 
23.0602122  47.1132550  1.4693500 
23.0782176  47.7468450  2.4234140 
23.0962070  47.1101880  1.6755450 
23.1141744  47.0468670  1.4588940 
23.1321249  46.0117150  0.6381450 
23.1500524  46.9979740  1.5071290 
23.1679649  46.2912900  0.5627000 
23.1858564  47.7650070  1.4781040 
23.2037289  47.1315960  1.9255150 
23.2215825  46.5200610  1.9655850 
23.2394170  46.9609490  1.7946870 
23.2572336  47.5037730  1.7268290 
23.2750322  45.8570590  1.9231880 
23.2928129  49.5048680  5.6546620 
23.3105675  47.2858810  1.2697550 
23.3283102  47.1211050  1.4499170 
23.3460309  47.0781750  1.7536010 
23.3637356  47.8971630  1.4840960 
23.3814213  47.5579610  1.7036980 
23.3990881  48.7990420  1.9987170 
23.4167388  49.3519550  2.2641250 
23.4343696  49.0456010  1.7646540 
23.4519814  50.9198720  1.8402280 
23.4695792  54.9681240  6.4314580 
23.4871521  51.1312750  1.6382240 
23.5047109  50.9759940  2.0259560 
23.5222478  51.7281570  1.7082700 
23.5397717  50.3845630  1.5496320 
23.5572756  53.2979350  1.3938450 
23.5747636  53.0245090  1.2671360 
23.5834746  49.9144710  1.5192700 
23.6035868  49.5405240  1.8003050 
23.6236750  48.5295180  1.2882770 
23.6437383  49.4321860  1.5835440 
23.6637796  49.5308800  1.8021020 
23.6837949  51.6395490  1.9963870 
23.7038002  48.7372780  2.0357200 
23.7237686  47.5760610  1.9818190 
23.7437230  46.3123470  2.6672800 
23.7636474  48.7950060  6.7905200 
23.7835478  44.6022830  0.8042910 
23.8034283  46.7273750  2.1346380 
23.8232828  50.4007680  6.4740010 
23.8431153  48.0696450  2.0749520 
23.8629258  48.4692190  2.0939240 
23.8827114  47.5070150  2.4697900 
23.9024780  48.0094870  2.1473410 
23.9222096  49.2091180  2.1631720 
23.9419302  49.4174080  1.9757030 
23.9616169  50.3488200  1.6530460 
23.9810578  51.4228740  1.3778230 
24.0009452  51.9685670  1.7139790 
24.0205769  52.2248760  1.4399360 
24.0401847  54.6423650  1.0584560 
24.0597704  52.6061400  1.6998560 
24.0793352  52.2185170  2.0010440 
24.0986343  50.1030730  1.1875020 
24.1181551  52.9602130  1.9245980 
24.1376530  52.9577330  2.3044350 
24.1571279  52.5354390  2.1731640 
24.1765838  53.3107220  1.6033630 
24.1960167  53.9410400  2.2159340 
24.2154286  54.3601110  2.0693900 
24.2348196  54.1044390  1.8652330 
24.2541896  54.5302280  2.5479300 
24.2735366  54.7565420  2.2584100 
24.2928656  55.8972590  2.2734800 
24.3121707  60.9924850  2.1366420 
24.3314567  67.5761110  3.4708980 
24.3507218  56.1847000  2.6328970 
24.3699650  53.9566730  1.5979230 
24.3891881  55.3389470  2.1639440 
24.4083903  56.0804290  2.3463980 
24.4275714  56.1806640  2.3598120 
24.4467336  56.2983860  2.2814240 
24.4658549  55.4695430  2.5411150 
24.4849731  56.2375980  2.8703640 
24.5040704  56.2789380  3.0596020 
24.5231497  54.8979490  2.3232740 
24.5422090  56.7929650  4.1297910 
24.5612453  57.1718710  2.5662320 
24.5802647  57.4408610  2.2259610 
24.5992620  57.0083050  2.6634970 
24.6182414  57.4577410  2.4387200 
24.6371998  58.4035490  2.5726900 
24.6561373  57.0242160  2.3634280 
24.6747740  57.1365200  2.3425390 
24.6936715  58.1005900  1.8034270 
24.7128357  55.7799800  2.2377920 
24.7316742  56.3699610  2.2007590 
24.7505128  58.3186760  1.8540230 
24.7693323  57.7220500  3.4536090 
24.7878432  59.1595610  2.9321030 
24.8066228  57.9924580  2.1749180 
24.8253804  59.7024350  1.8448240 
24.8441241  58.8466870  2.2933450 
24.8628467  58.3941690  2.2726180 
24.8815494  58.2345580  2.1034990 
24.9002341  58.6666030  1.8784070 
24.9188868  59.3509370  2.4352800 
24.9375216  57.8226470  2.3735640 
24.9561493  57.3392300  2.6656490 
24.9747551  59.5170170  2.0409280 
24.9933419  58.8407210  2.1437820 
25.0119137  60.1089780  2.3974180 
25.0304645  59.8187100  1.9754730 
25.0489984  59.4835780  1.9814640 
25.0675142  63.4932560  0.5719240 
25.0915714  54.5442770  2.2690690 
25.1130302  53.9504780  2.1179690 
25.1344661  54.7454680  2.2048900 
25.1558750  52.3274770  0.8700080 
25.1772569  55.5296440  1.8352610 
25.1986158  56.5860290  1.9295680 
25.2199487  56.8922960  2.1184910 
25.2412587  56.9026600  2.0360260 
25.2625437  56.9581110  2.0258460 
25.2838018  56.7734680  2.1233600 
25.3050388  57.8123130  2.2129550 
25.3258234  48.9246830  4.7135850 
25.3470075  59.4355620  2.0789730 
25.3681666  59.9351690  2.0279390 
25.3893028  58.8148570  2.1947000 
25.4104140  58.8928790  2.0356500 
25.4315012  59.6593820  2.3552960 
25.4525654  60.3568150  2.1851720 
25.4736067  59.8917880  1.9487090 
25.4946210  60.1405680  1.5356940 
25.5156143  60.9060440  1.5054400 
25.5361391  61.2426190  1.1074480 
25.5570824  60.9232750  0.9833860 
25.5780038  61.9203410  0.6729030 
25.5989002  61.9919780  0.7069370 
25.6197736  62.0712620  0.4626390 
25.6406221  62.4366380  0.6112120 
25.6614486  62.7369310  0.1921230 
25.6822531  63.1684460  0.2079100 
25.7030326  63.1893500  0.2695470 
25.7237922  61.6566510  1.0020900 
25.7445268  61.8431130  1.4571930 
25.7652384  63.8649640  0.9068300 
25.7859270  61.3968240  1.7677370 
25.8065637  62.1147040  1.7775750 
25.8271764  64.1105880  2.3511820 
25.8477981  62.1118130  1.2668780 
25.8683958  68.6169130  2.2635490 
25.8889695  94.3694380  2.7783150 
25.9095233  96.2148670  2.0139150 
25.9300531  68.4315190  1.4345410 
25.9505629  62.6978490  1.8797140 
25.9710497  66.0857620  4.3129440 
25.9915156  63.5446590  1.9229950 
26.0119584  64.2038420  1.7972900 
26.0323803  63.1907730  1.8404130 
26.0527793  62.7380370  1.7622080 
26.0731572  64.4938580  2.0876550 
26.0935122  63.8305700  2.0184640 
26.1138462  63.3136140  1.8663650 
26.1341612  62.9431110  2.3689180 
26.1544542  64.2477040  2.6103120 
26.1746923  61.5407450  2.5768030 
26.1949054  66.2242660  1.5619920 
26.2151325  67.9094770  4.0273390 
26.2353376  62.5973010  1.7001320 
26.2555228  63.2139320  1.7835910 
26.2756860  62.5122530  2.0111820 
26.2958272  62.1845740  2.2793220 
26.3159504  61.9628370  2.7364530 
26.3360516  60.0607950  2.9032670 
26.3561308  61.6679230  2.7199460 
26.3761901  61.0250700  2.8747030 
26.3962314  62.4333800  3.8309570 
26.4162168  60.6140670  2.9803990 
26.4361761  62.9881100  2.5810230 
26.4561535  61.4911990  1.0001650 
26.4761089  64.2666090  2.8742970 
26.4960443  63.5836750  2.4351360 
26.5159617  63.6240840  2.7790650 
26.5358552  64.2334520  2.8596470 
26.5552221  65.0212480  3.2751650 
26.5750756  64.2307820  2.8331100 
26.5949111  64.2086410  2.6586490 
26.6146547  63.0891270  2.3665320 
26.6344473  64.9161380  2.6287030 
26.6542199  64.8243640  2.4359850 
26.6739725  64.6475750  2.5443010 
26.6937071  65.9845350  1.6775180 
26.7134217  64.6079250  2.6201070 
26.7331173  65.2447280  2.6010440 
26.7527950  68.0932010  4.4225400 
26.7724507  66.9909440  3.4741950 
26.7920135  64.6165080  2.1285570 
26.8116292  64.3939360  2.7287840 
26.8312260  64.5918730  2.0006900 
26.8508037  66.0062710  2.2740260 
26.8703625  65.0992130  2.2604580 
26.8899024  65.9976120  1.7323860 
26.9094242  65.4296950  2.2214220 
26.9289280  66.0737300  1.5652330 
26.9483320  66.1954040  2.6672200 
26.9677959  65.9948580  2.9333980 
26.9872398  66.2909390  2.7392080 
27.0066657  67.1278000  2.1627360 
27.0260717  68.2500150  1.5835030 
27.0449202  65.5722270  1.1939380 
27.0642902  67.1042940  0.8188430 
27.0841037  69.1194610  1.6016650 
27.1034357  67.0072330  3.4649340 
27.1222043  77.0268020  2.6993210 
27.1414954  66.3126140  2.3117990 
27.1607725  68.7200700  1.0754190 
27.1800326  67.8683400  0.8995780 
27.1998211  68.9015050  1.3150320 
27.2184099  68.8948140  1.4606220 
27.2376131  68.6058730  1.4895990 
27.2567963  68.4087680  1.2946650 
27.2831740  68.5804820  5.5457620 
27.3056238  66.0953060  2.3418720 
27.3273414  65.5658490  1.4873040 
27.3497373  83.1728130  3.0960160 
27.3721101  65.7503050  2.2958890 
27.3944560  66.8044740  2.4738610 
27.4167780  69.0379640  2.0627230 
27.4390739  67.0778120  1.8402120 
27.4613459  66.5455320  2.0194220 
27.4828767  69.2665410  2.0569370 
27.5050997  69.3664090  0.2900950 
27.5272958  68.1900180  0.3862500 
27.5494699  68.3544010  0.2201850 
27.5716180  71.2246700  0.8577980 
27.5937431  69.1378480  0.7419080 
27.6158443  70.4303210  1.2771350 
27.6379215  67.5847630  1.1159160 
27.6599747  68.3443070  1.8008030 
27.6820010  69.0916060  2.1255500 
27.7040082  68.2971570  2.1192460 
27.7259905  66.5830690  2.2545080 
27.7478769  62.1277890  1.7039660 
27.7698102  70.6198120  2.9413660 
27.7916437  73.3408580  4.2145800 
27.8135291  68.4229580  2.4245780 
27.8353935  62.4781230  3.9171180 
27.8572329  72.1585390  1.6270340 
27.8790494  75.0902710  5.6324960 
27.9008428  71.3638760  2.6068940 
27.9226144  69.0628890  2.4666160 
27.9443639  70.9747010  2.8449600 
27.9660894  71.2318730  3.3314120 
27.9877910  69.4572220  3.1404590 
28.0094706  68.3482360  3.2922430 
28.0311292  70.5062100  3.2924190 
28.0527649  72.8405990  4.0311790 
28.0743776  88.1906590  7.1347830 
28.0950532  67.7331700  3.3066040 
28.1166159  71.3366390  2.8035800 
28.1389189  77.4808880  5.1595520 
28.1596794  72.7844390  3.5295590 
28.1811782  68.4414370  2.9125060 
28.2026550  76.0398030  3.9314440 
28.2241098  69.6504750  1.9520740 
28.2455437  73.3295970  2.5118790 
28.2669546  70.7533870  1.8260180 
28.2875743  69.8937070  1.4347420 
28.3097144  72.6518400  1.1427960 
28.3308965  75.4591980  1.2744530 
28.3514443  71.3277890  1.5752030 
28.3727463  71.6507260  1.3991060 
28.3940243  71.7530820  0.7938420 
28.4152823  72.2236020  0.3693980 
28.4365194  73.0725710  0.3292720 
28.4577365  71.6492460  0.7018880 
28.4789316  71.2611160  1.7132640 
28.5001057  70.9507600  1.7655260 
28.5211759  74.3858870  1.2881320 
28.5422212  76.5211560  2.3400920 
28.5633304  72.0420840  1.4354020 
28.5844196  73.0860060  1.8300500 
28.6054868  72.5634000  1.8497250 
28.6265361  74.3807140  2.2256190 
28.6475633  73.3963170  2.4954090 
28.6685726  72.7813870  2.3302800 
28.6895599  72.1410680  2.2572200 
28.7103495  77.1548540  4.8152740 
28.7312938  74.8011090  2.2581940 
28.7522162  73.6616130  2.0228620 
28.7731206  74.4649960  1.8805240 
28.7940070  75.1205520  2.4720540 
28.8148715  75.6169360  2.4065320 
28.8357159  75.5139920  3.1319590 
28.8565414  75.2645950  4.0015620 
28.8771641  75.5743180  3.8769170 
28.8979456  75.6837840  2.7201110 
28.9187102  75.8168790  2.5532300 
28.9394528  76.5950780  3.8174830 
28.9601793  73.5035550  3.6873910 
28.9939884  73.7245250  2.6388090 
29.0184991  72.1440350  2.2939780 
29.0419598  72.5606460  2.5585800 
29.0664136  71.3914260  1.8192480 
29.0908383  73.2501910  3.3298950 
29.1152371  73.6477130  0.7491520 
29.1396070  73.3218540  0.7323740 
29.1629189  73.0981750  0.3191560 
29.1872318  72.1655730  0.5147660 
29.2115177  74.6346130  0.3174970 
29.2357776  74.6883700  1.1326240 
29.2600076  72.3209000  1.2541070 
29.2842116  72.1845020  1.5884590 
29.3083896  73.7982180  1.9605910 
29.3325396  75.2539290  2.2303460 
29.3566637  74.6045990  2.4751890 
29.3807618  73.9794850  2.3682950 
29.4048319  76.6621860  1.7109850 
29.4288761  80.8282240  1.7923070 
29.4528933  76.3249440  2.3231870 
29.4768855  75.7355800  2.3347470 
29.5008497  77.4655230  2.8229440 
29.5247890  77.8245010  2.9987040 
29.5487053  77.5691380  3.4383680 
29.5725916  75.4450150  3.2972910 
29.5953930  74.2007600  3.0512830 
29.6192274  76.0711360  2.3862630 
29.6430368  85.8823390  9.1970450 
29.6668202  74.6090770  1.3352250 
29.6905777  74.1214520  0.8850100 
29.7132423  75.8577120  0.3234700 
29.7380197  76.7731320  0.2983190 
29.7617022  76.4016040  1.0614650 
29.7841400  78.2917330  0.8133420 
29.8077686  78.1918110  1.0839050 
29.8312234  84.3301850  3.8589530 
29.8548010  77.0856250  0.9441950 
29.8783547  75.4954530  0.9717940 
29.9018844  76.3826900  1.4585950 
29.9253911  76.7234120  2.0801080 
29.9488698  78.3888240  2.4916530 
29.9723286  78.6506040  2.3763460 
29.9957604  76.9762570  2.6291430 
30.0191662  78.7557140  2.5616670 
30.0425510  78.9142000  2.0438820 
30.0659109  82.3647770  2.7412490 
30.0892488  77.4262540  3.3766730 
30.1125607  79.2639240  3.2106720 
30.1358516  79.8242800  3.5624990 
30.1589568  81.6207730  3.8743460 
30.1809371  77.3516080  3.0346140 
30.2052519  81.2438510  2.3406040 
30.2284420  77.9837270  2.3284060 
30.2505082  80.0681990  2.6250190 
30.2736533  80.5654370  2.5526990 
30.2967724  79.0798490  1.5412000 
30.3198715  77.9393390  1.2589160 
30.3418348  81.7572710  1.7034830 
30.3648860  80.1934280  0.7384610 
30.3890291  80.5928960  1.2019240 
30.4107566  81.9734270  2.7683080 
30.4335700  80.7786710  1.5213270 
30.4565253  76.9436490  0.5103410 
30.4794606  79.6850970  1.1977530 
30.5023710  80.4369350  1.3810190 
30.5252623  81.5192790  2.0770320 
30.5481307  79.6489330  2.4884780 
30.5709761  80.8795320  2.0976090 
30.5937985  82.3313290  2.3664020 
30.6166019  86.2546920  3.5385190 
30.6392096  78.8150480  4.1089520 
30.6617902  82.3748550  3.1996260 
30.6845218  83.9939880  2.1722970 
30.7072333  83.2209170  2.7611790 
30.7299228  84.0110550  3.8664260 
30.7525914  82.6362460  3.8055910 
30.7752380  82.2926030  3.9684980 
30.7978646  81.4402080  3.4825200 
30.8189728  84.6533130  3.8035110 
30.8415495  82.8286130  3.0722110 
30.8652490  81.9799960  2.8206490 
30.8866419  82.0721590  2.8177550 
30.9091567  81.3470310  2.1699510 
30.9316514  83.1008380  1.6852220 
30.9529744  82.6572950  0.9483130 
30.9765780  82.4033510  1.6485000 
30.9986422  86.9158940  0.4078710 
31.0198952  80.8835070  1.0943880 
31.0422791  83.5566180  0.2997370 
31.0646450  81.1764450  0.7785740 
31.0736707  79.4245910  0.7525890 
31.1004580  76.8223650  1.4736550 
31.1272134  76.0056460  2.5347020 
31.1524982  77.4507680  2.9611830 
31.1794264  83.4795070  3.6025880 
31.2060909  82.1120990  4.3830260 
31.2327243  75.2947390  5.6250850 
31.2593269  79.0051270  4.2938900 
31.2859014  83.5626300  4.8641910 
31.3124430  79.9646530  4.8368990 
31.3391943  89.9419170  6.8080760 
31.3656800  81.6086580  5.8075700 
31.3921376  86.2361760  5.1602480 
31.4185613  84.7146300  7.1191130 
31.4449591  81.0437620  4.8616300 
31.4698603  85.4881900  3.6332980 
31.4961961  82.5179980  2.1948470 
31.5225039  85.1166460  1.6195030 
31.5487808  85.0087200  1.5497390 
31.5750317  83.0870900  0.5395920 
31.6012516  83.5517730  1.7172640 
31.6257163  83.7907940  2.0247300 
31.6518753  82.1762470  3.1137710 
31.6780093  93.0949780  2.1119430 
31.7041133  81.2384340  3.8057240 
31.7301904  81.7595670  3.9443050 
31.7559777  84.1324390  5.6441250 
31.7819938  82.1399230  7.5449020 
31.8079850  85.2188800  5.1833250 
31.8324597  84.4926380  5.1611420 
31.8583939  84.5259170  4.0062390 
31.8842991  84.2392270  3.3122270 
31.9116719  83.9410860  2.3652460 
31.9375242  83.8344350  2.4432150 
31.9633515  84.4937440  1.9103130 
31.9876494  84.4054410  2.4536040 
32.0134207  81.1485140  1.3473890 
32.0391631  81.2311480  0.1421140 
32.0633761  81.4512100  0.8683250 
32.0890646  83.0183110  1.1636100 
32.1147221  82.9324650  1.2249790 
32.1403616  82.0010450  1.5461650 
32.1659691  84.5963130  2.3121240 
32.1915517  83.7289200  2.5747490 
32.2171103  85.9444430  2.9193630 
32.2426419  84.7835540  2.8837670 
32.2681436  84.7687450  3.8338670 
32.2936222  85.3396990  5.4672080 
32.3187962  83.6274410  5.4716740 
32.3442219  107.0474930  11.8807220 
32.3678066  85.7522580  4.6303270 
32.3931784  85.8951490  3.8180500 
32.4200486  88.3581620  1.9930780 
32.4453744  87.0429840  1.8800670 
32.4691389  85.9947890  2.1307650 
32.4944118  89.9114230  5.7227900 
32.5196537  84.9870910  1.6967280 
32.5433412  84.1547320  2.7048920 
32.5685342  85.6897350  0.8618840 
32.5952446  84.5723500  1.8581200 
32.6203916  82.8215180  2.5490570 
32.6436716  83.6299130  2.9121760 
32.6684639  84.1411670  5.5709240 
32.6935310  89.3892900  6.0311290 
32.7185752  86.5170140  3.0123470 
32.7435973  90.4379650  2.8082270 
32.7685875  93.3052980  2.3878640 
32.7935637  89.9776920  2.6600390 
32.8185089  92.9657670  3.6211970 
32.8434352  86.9280550  4.2010460 
32.8683344  87.1582030  3.9952400 
32.8916523  94.4525450  8.9539020 
32.9158853  86.6870880  3.6878440 
32.9407087  91.0075000  3.9550000 
32.9655090  90.7213970  4.2266600 
32.9902824  88.9796980  2.5982510 
33.0150379  87.8517990  1.8965490 
33.0382029  89.3248830  1.3127940 
33.0629084  90.0904770  1.6900970 
33.0875939  90.2945940  1.3179330 
33.1138278  92.1754610  2.2662710 
33.1365743  86.4268420  3.0524440 
33.1608642  99.1841130  6.1061190 
33.1854508  89.6374740  2.6221790 
33.2100184  91.5936580  2.4069190 
33.2345601  94.3014680  2.6454190 
33.2590857  92.9440920  2.7086090 
33.2835854  92.0660930  4.8155790 
33.3080621  87.3434980  4.1805300 
33.3325198  101.2166060  9.0085870 
33.3566189  86.9722670  4.9373570 
33.3806911  94.5848310  4.4205440 
33.4050759  94.1751100  2.9153320 
33.4278493  91.1335980  3.2090680 
33.4521922  96.7168120  4.5290890 
33.4749197  98.8027270  2.4411760 
33.5008100  102.6025390  1.9305430 
33.5244026  99.8934560  1.7254250 
33.5470572  94.7438740  1.1307880 
33.5712861  90.8534470  2.2845660 
33.5954921  102.1664890  4.8112380 
33.6196752  90.7548140  2.1264900 
33.6438432  99.2207490  2.3000390 
33.6695926  84.6349870  3.2683340 
33.6914090  103.5618440  6.6780280 
33.7155081  84.3112720  7.7180840 
33.7395853  90.3447110  3.7972290 
33.7636384  97.5151600  3.3300300 
33.7876766  95.8385850  3.6587390 
33.8116918  97.5714040  4.6798310 
33.8353343  95.0154650  5.3902090 
33.8573296  98.0127260  3.1894950 
33.8828922  98.5469970  2.5458080 
33.9068235  99.4638440  3.4725940 
33.9291134  97.9331890  3.0545590 
33.9530028  97.2264180  2.5042520 
33.9652921  103.8917310  5.9240770 
33.9942352  88.3569180  17.0903340 
34.0211234  91.6959080  1.7445380 
34.0499975  94.2161250  1.8568530 
34.0788417  94.3368300  2.1551270 
34.1076590  91.1764220  2.2576310 
34.1364412  93.5166550  2.5698640 
34.1651935  93.2234270  2.8942040 
34.1939109  96.1239700  2.9356530 
34.2226062  95.8802490  2.4944970 
34.2512636  89.6818850  2.2109700 
34.2798930  94.7745970  2.9325380 
34.3084935  95.9981540  2.1412410 
34.3370590  92.2066270  3.3606160 
34.3635586  93.5489580  3.0233860 
34.3920631  97.7798230  2.0729420 
34.4184948  92.7141190  1.7222630 
34.4469424  89.0179290  1.9356370 
34.4753591  100.0073700  4.0095880 
34.5037447  91.6972580  3.1216280 
34.5321014  93.1591570  3.9724000 
34.5604302  93.0812760  3.0823950 
34.5887289  94.6941070  2.8563000 
34.6170047  92.5171200  2.5889060 
34.6452425  93.3463900  3.8385870 
34.6734574  93.8077700  3.2171710 
34.7016413  94.8901670  3.0294170 
34.7277343  94.3791890  2.9035340 
34.7558572  93.7224200  3.5291760 
34.7839582  95.7914200  2.0940050 
34.8120282  101.5452040  2.8637960 
34.8400712  109.1896900  2.6783500 
34.8655269  104.4686890  1.6265930 
34.8935100  96.0854340  3.8090880 
34.9214651  92.9597240  4.7156040 
34.9488988  93.3763280  6.0678830 
34.9767940  98.5516890  7.3551760 
35.0025853  100.8679810  8.4708320 
35.0325074  93.6892240  3.0727250 
35.0603217  98.8156280  2.2302870 
35.0881140  98.1884540  2.9928240 
35.1158713  97.6852650  2.9727770 
35.1436056  96.5182500  3.0020040 
35.1692262  92.0376510  3.0643910 
35.1948107  102.3144000  2.5403470 
35.2224661  95.6939320  2.0107570 
35.2521864  96.5204930  13.6388630 
35.2797869  99.1991350  3.3481830 
35.3047511  98.5775450  4.1661830 
35.3322957  99.3955990  5.0034760 
35.3592948  102.7916180  8.3779620 
35.3846825  108.0062560  8.8624300 
35.4121422  101.8227690  6.4231020 
35.4416876  91.6239400  2.4999940 
35.4691023  99.4049680  2.3842930 
35.4964900  100.1225130  3.6176510 
35.5238548  100.1111680  5.3387500 
35.5490787  95.6293950  3.6639200 
35.5763945  103.0458980  2.9464540 
35.6036793  97.6911540  2.2619940 
35.6309451  101.7434080  2.1577740 
35.6549793  106.2934040  3.2810860 
35.6821812  94.4488140  4.3344650 
35.7093631  96.9506910  3.3012670 
35.7365220  101.4058300  3.8681320 
35.7636510  99.3052060  2.7437440 
35.7907610  98.7542110  2.2302270 
35.8178440  102.0852740  2.8240020 
35.8449080  98.6301120  1.9648970 
35.8719411  114.3139800  8.4631070 
35.8957056  99.8161010  5.8138170 
35.9226857  98.2452770  4.3893090 
35.9496428  104.5164110  4.0690800 
35.9765770  105.9382020  3.5503230 
36.0013474  104.7551270  2.8484380 
36.0282356  101.9365390  3.1666810 
36.0550979  104.8576430  2.7098970 
36.0840829  101.7293170  2.5952680 
36.1081860  98.0748140  4.2452360 
36.1349753  107.3687740  5.4242170 
36.1590095  124.0811160  2.2922640 
36.1878987  102.1782530  4.9222270 
36.2146201  103.6449740  2.1020800 
36.2413185  103.6003950  2.6036270 
36.2679939  102.2991710  2.8688110 
36.2924896  100.3666760  6.1431880 
36.3191221  132.8571620  25.7900960 
36.3445368  100.6658330  3.1415090 
36.3711124  102.9196930  4.4609630 
36.3955092  104.4402160  3.2755700 
36.4220397  103.9424060  3.0922400 
36.4485554  101.6819150  2.6000870 
36.4772077  112.0529480  5.2670200 
36.5009073  97.5777660  6.3584810 
36.5267406  126.5368580  14.1822870 
36.5531603  100.3922730  7.2637930 
36.5795540  123.4016490  7.8106020 
36.6059318  94.3041990  5.0794240 
36.6322865  107.1143650  4.8922170 
36.6586233  116.5979540  9.5014470 
36.6815187  100.9786990  6.0159190 
36.7077975  107.4510570  5.4474660 
36.7340614  103.5876690  1.2804720 
36.7581225  98.8660350  0.8953650 
36.7843444  107.7079700  3.8510160 
36.8127301  105.4294130  2.7983540 
36.8360939  111.0755390  4.5194170 
36.8616106  107.5631260  9.9432440 
