5.24749		0.011837	0.001336
5.27773		0.012785	0.001434
5.30797		0.012198	0.001075
5.33821		0.01343		0.002147
5.36846		0.014276	0.001286
5.3987		0.013546	0.00214
5.42894		0.01208		0.002169
5.45918		0.012787	0.001355
5.48942		0.013093	0.00088
5.51967		0.01377		0.001707
5.54991		0.013937	0.001304
5.58015		0.014944	0.001573
5.61039		0.016265	0.001559
5.64063		0.018012	0.000867
5.67088		0.016272	0.002657
5.70112		0.016105	0.001476
5.73136		0.017587	0.001
5.7616		0.018998	0.000958
5.79184		0.02015		0.000947
5.82209		0.021172	0.00124
5.85233		0.017969	0.001122
5.88257		0.018253	0.001239
5.91281		0.021491	0.001719
5.94305		0.019619	0.003362
5.9733		0.01908		0.000833
6.00354		0.020124	0.003326
6.03378		0.019501	0.001293
6.06402		0.019996	0.001154
6.09426		0.01994		0.001571
6.12451		0.019793	0.001035
6.15475		0.020531	0.001169
6.18499		0.02047		0.000984
6.21523		0.021662	0.000982
6.24547		0.022088	0.003231
6.27572		0.022572	0.001142
6.30596		0.022511	0.000874
6.3362		0.022016	0.001405
6.36644		0.023783	0.001332
6.39668		0.024329	0.004206
6.42693		0.024322	0.001758
6.45717		0.025418	0.001308
6.48741		0.025448	0.001997
6.51765		0.024987	0.001032
6.54789		0.025267	0.001691
6.57814		0.02576		0.001407
6.60838		0.025868	0.002014
6.63862		0.026082	0.001993
6.66886		0.026342	0.001402
6.6991		0.026193	0.001435
6.72935		0.026492	0.001136
6.75959		0.026424	0.001173
6.78983		0.027623	0.002074
6.82007		0.028062	0.002073
6.85031		0.029067	0.001329
6.88056		0.027957	0.00269
6.9108		0.029361	0.003027
6.94104		0.030612	0.001586
6.97128		0.031008	0.00179
7.00152		0.030398	0.004112
7.03177		0.03096		0.003261
7.06201		0.032428	0.002632
7.09225		0.033212	0.0016
7.12249		0.03187		0.002415
7.15273		0.03373		0.001529
7.18298		0.034157	0.002135
7.21322		0.033909	0.001594
7.24346		0.03682		0.002108
7.2737		0.038851	0.003241
7.30394		0.042542	0.003046
7.33419		0.046746	0.003201
7.36443		0.056831	0.004942
7.39467		0.056375	0.002616
7.42491		0.043078	0.002237
7.45515		0.038835	0.002445
7.4854		0.040257	0.002373
7.45515		0.041292	0.002347
7.51564		0.039283	0.002308
7.57612		0.040493	0.00139
7.6366		0.040869	0.002354
7.69709		0.043174	0.001111
7.75757		0.04299		0.001315
7.81805		0.043166	0.002031
7.87854		0.046835	0.001757
7.93902		0.047936	0.001892
7.99951		0.052831	0.002619
8.05999		0.070196	0.002594
8.12047		0.070465	0.001423
8.18096		0.053359	0.00221
8.24144		0.053886	0.001523
8.30192		0.055266	0.001821
8.36241		0.056099	0.001116
8.42289		0.055888	0.001841
8.48337		0.05697		0.000992
8.54386		0.056673	0.001515
8.60434		0.056912	0.001653
8.66483		0.056868	0.000811
8.72531		0.056825	0.001254
8.78579		0.057028	0.001188
8.84628		0.058142	0.00192
8.90676		0.056836	0.00087
8.96724		0.057626	0.001099
9.02773		0.057396	0.001529
9.08821		0.057462	0.000935
9.14869		0.056869	0.002031
9.20918		0.05519		0.001331
9.26966		0.055467	0.001805
9.33015		0.056035	0.003728
9.39063		0.053914	0.001299
9.45111		0.06301		0.001368
9.5116		0.066085	0.001926
9.57208		0.055348	0.001117
9.63256		0.051818	0.000866
9.69305		0.051302	0.000947
9.75353		0.049919	0.001068
9.81401		0.051421	0.002238
9.8745		0.050872	0.000757
9.93498		0.05118		0.000868
9.99547		0.051357	0.001035
10.05595	0.05336		0.001118
10.11643	0.053956	0.000948
10.17692	0.057156	0.001041
10.2374		0.05863		0.001337
10.29788	0.05662		0.000905
10.35837	0.056598	0.001229
10.41885	0.057954	0.000823
10.47933	0.059557	0.000826
10.53982	0.060276	0.001012
10.6003		0.062439	0.001061
10.66079	0.064854	0.000911
10.72127	0.066672	0.000874
10.78175	0.069016	0.001005
10.84224	0.06988		0.001376
10.90272	0.072514	0.000907
10.9632		0.076273	0.001883
11.02369	0.088132	0.004765
11.08417	0.117729	0.001637
11.14465	0.11475		0.003631
11.20514	0.088284	0.002991
11.26562	0.088925	0.001777
11.32611	0.089817	0.001625
11.38659	0.092457	0.002488
11.44707	0.095956	0.002308
11.50756	0.098842	0.002782
11.56804	0.099778	0.001958
11.62852	0.103339	0.001774
11.68901	0.106049	0.002976
11.74949	0.110944	0.001441
11.80997	0.114876	0.001414
11.87046	0.118255	0.001725
11.93094	0.123189	0.001467
11.99143	0.127926	0.001444
12.05191	0.129266	0.003893
12.11239	0.132897	0.004625
12.17288	0.137189	0.003162
12.23336	0.140136	0.00232
12.29384	0.142557	0.001758
12.35433	0.146425	0.001455
12.41481	0.150521	0.006194
12.47529	0.153962	0.001683
12.53578	0.158834	0.001433
12.59626	0.162217	0.002924
12.65675	0.166603	0.002767
12.71723	0.169956	0.002256
12.77771	0.174388	0.001844
12.8382		0.178399	0.001949
12.89868	0.183503	0.003994
12.95916	0.187546	0.005629
13.01965	0.189121	0.001745
13.08013	0.191109	0.002705
13.14061	0.193273	0.001867
13.2011		0.198329	0.002298
13.26158	0.199998	0.002103
13.32206	0.203721	0.002129
13.38255	0.210988	0.00205
13.44303	0.231076	0.002775
13.50352	0.291631	0.002481
13.564		0.308226	0.00357
13.62448	0.232595	0.003457
13.68497	0.221658	0.002394
13.74545	0.224648	0.002641
13.80593	0.227444	0.003692
13.86642	0.234807	0.004119
13.9269		0.233624	0.004027
13.98738	0.234122	0.005932
14.06935	0.232876	0.004711
14.15403	0.245674	0.00757
14.23871	0.246502	0.005109
14.32338	0.247555	0.001707
14.40806	0.256859	0.004509
14.49274	0.264861	0.012372
14.57741	0.268917	0.007674
14.66209	0.272466	0.001709
14.74677	0.274633	0.002306
14.83145	0.278844	0.008966
14.91612	0.283317	0.00266
15.0008		0.293092	0.012178
15.08548	0.364936	0.002234
15.17015	0.355144	0.002922
15.25483	0.314641	0.003564
15.33951	0.30195		0.001551
15.42418	0.302517	0.003337
15.50886	0.312181	0.003421
15.59354	0.312602	0.0065
15.67821	0.312857	0.005002
15.76289	0.318542	0.004279
15.84757	0.323709	0.003314
15.93224	0.327187	0.001827
16.01692	0.329769	0.004254
16.101601	0.332658	0.002611
16.186279	0.337969	0.00577
16.27095	0.348632	0.005053
16.355631	0.472598	0.00824
16.44031	0.530742	0.00608
16.524981	0.400868	0.002581
16.609659	0.355628	0.001687
16.69434	0.357375	0.002063
16.779011	0.357057	0.004603
16.863689	0.359595	0.002138
16.94837	0.353478	0.00376
17.033039	0.360293	0.003095
17.11772	0.363562	0.004839
17.2024		0.36959		0.005115
17.287069	0.372197	0.002324
17.37175	0.378108	0.004311
17.45643	0.380674	0.003941
17.541109	0.383538	0.01463
17.62578	0.387203	0.00564
17.710461	0.392819	0.00839
17.795139	0.392688	0.011653
17.87981	0.397827	0.017113
17.964491	0.41159		0.003912
18.04917	0.412226	0.002171
18.133841	0.407283	0.002812
18.218519	0.410954	0.003982
18.3032		0.411867	0.002981
18.387871	0.425582	0.002673
18.472549	0.42447		0.002683
18.55723	0.426732	0.007326
18.641899	0.427391	0.009075
18.72658	0.426495	0.009294
18.81126	0.432738	0.002416
18.895941	0.445634	0.00229
18.98061	0.443799	0.003103
19.06529	0.437069	0.004425
19.149969	0.442131	0.00508
19.23464	0.448914	0.004687
19.319321	0.457873	0.006899
19.403999	0.455979	0.006053
19.48867	0.461192	0.003087
19.573351	0.471014	0.00304
19.65803	0.504066	0.010852
19.742701	0.625488	0.003912
19.827379	0.549012	0.003695
19.91206	0.531852	0.003093
20.081409	0.514058	0.00265
20.250771	0.521412	0.006574
20.42012	0.527614	0.007726
20.58947	0.50895		0.004736
20.758829	0.522533	0.00621
20.928181	0.537954	0.006832
21.09753	0.539457	0.002778
21.26689	0.549613	0.007838
21.436239	0.571465	0.016501
21.6056		0.577549	0.003039
21.77495	0.583203	0.004699
21.9443		0.595829	0.004149
22.113661	0.612121	0.003179
22.28301	0.622009	0.00684
22.45236	0.620211	0.00292
22.621719	0.633366	0.00452
22.791071	0.653399	0.006061
22.96043	0.651385	0.033185
23.12978	0.65748		0.002821
23.299129	0.670926	0.005092
23.468491	0.679631	0.00556
23.63784	0.696219	0.005519
23.80719	0.705504	0.00209
23.976549	0.704612	0.002393
24.145901	0.70857		0.002188
24.31526	0.728431	0.014799
24.48461	0.737077	0.001739
24.653959	0.741181	0.030882
24.82332	0.744672	0.0297
24.99267	0.754794	0.005904
25.16202	0.77984		0.002527
25.331381	0.799688	0.005261
25.500731	0.83974		0.010691
25.67009	0.920703	0.018889
25.839439	0.860298	0.017974
26.008789	0.834033	0.008096
26.17815	0.848163	0.009973
26.3475		0.851441	0.013313
26.51685	0.842098	0.012104
26.686211	0.846283	0.004382
26.85556	0.868976	0.002553
27.02492	0.921827	0.035902
27.194269	1.117562	0.005454
27.363621	1.283709	0.003844
27.53298	1.014659	0.002824
27.70233	0.922904	0.011162
27.871679	0.938981	0.006988
28.04104	0.947272	0.005571
28.21039	0.95314		0.007826
28.379749	0.954165	0.00419
28.549101	0.969568	0.00355
28.718451	0.98013		0.005535
28.88781	0.984886	0.008606
29.057159	1.003265	0.042263
29.226509	1.011489	0.01299
29.39587	1.030547	0.029871
29.56522	1.045548	0.003418
29.734579	1.056533	0.008242
29.903931	1.066168	0.006201
30.07328	1.07588		0.008463
30.24264	1.085745	0.006717
30.411989	1.104611	0.007843
30.581341	1.104036	0.007603
30.7507		1.117029	0.008409
30.92005	1.129312	0.006927
31.089411	1.136647	0.011014
31.25876	1.138928	0.012566
31.42811	1.150392	0.048066
31.597469	1.173566	0.014762
31.766821	1.177928	0.034755
31.936171	1.184382	0.011725
32.10553	1.18864		0.020666
32.274879	1.21158		0.02269
32.444241	1.222879	0.024465
32.61359	1.232206	0.02339
32.78294	1.236942	0.009262
32.952301	1.247527	0.010308
33.121651	1.268842	0.017322
33.291		1.293393	0.028247
33.460361	1.281702	0.01649
33.629711	1.270335	0.012972
33.799068	1.310287	0.120511
33.968418	1.36883		0.010215
34.137772	1.333593	0.013307
34.307129	1.360209	0.01604
34.476479	1.390517	0.035364
34.645828	1.417243	0.008331
34.815189	1.43325		0.02161
34.984539	1.434449	0.014407
35.1539		1.52178		0.028683
35.32325	1.650677	0.052301
35.492599	1.640986	0.062399
35.661961	1.445518	0.026125
35.83131	1.402769	0.072784
36.00066	1.522763	0.079114
36.170021	1.51616		0.03031
36.339371	1.497344	0.022608
36.508732	1.592134	0.114473
36.678082	1.968226	0.131064
36.847431	1.929111	0.069563
37.016788	1.6652		0.044941
37.186138	1.671236	0.039617
37.355492	1.44895		0.174866


