     5.247490     0.444600    0.011192       
     5.277730     0.439224    0.006788       
     5.307970     0.432192    0.006570       
     5.338210     0.442338    0.006231       
     5.368460     0.450341    0.007393       
     5.398700     0.454497    0.007409       
     5.428940     0.450144    0.006007       
     5.459180     0.453264    0.019348       
     5.489420     0.455825    0.017176       
     5.519670     0.459541    0.006083       
     5.549910     0.472299    0.005432       
     5.580150     0.471411    0.007726       
     5.610390     0.472275    0.017212       
     5.640630     0.468561    0.005692       
     5.670880     0.477636    0.007347       
     5.701120     0.489590    0.006161       
     5.731360     0.492504    0.009048       
     5.761600     0.489279    0.008876       
     5.791840     0.489466    0.005457       
     5.822090     0.487711    0.007339       
     5.852330     0.491374    0.010367       
     5.882570     0.492877    0.005792       
     5.912810     0.495445    0.009033       
     5.943050     0.498980    0.007655       
     5.973300     0.500179    0.006022       
     6.003540     0.503623    0.015209       
     6.033780     0.510508    0.009746       
     6.064020     0.509564    0.008903       
     6.094260     0.512366    0.008957       
     6.124510     0.513101    0.006629       
     6.154750     0.514758    0.006316       
     6.184990     0.516175    0.006220       
     6.215230     0.521419    0.007557       
     6.245470     0.521467    0.008808       
     6.275720     0.524343    0.008594       
     6.305960     0.528407    0.008958       
     6.336200     0.529224    0.009865       
     6.366440     0.528400    0.011458       
     6.396680     0.524693    0.010509       
     6.426930     0.524667    0.008359       
     6.457170     0.529990    0.005596       
     6.487410     0.536965    0.007444       
     6.517650     0.537400    0.007501       
     6.547890     0.542320    0.010532       
     6.578140     0.537472    0.029661       
     6.608380     0.539150    0.025232       
     6.638620     0.532166    0.011030       
     6.668860     0.537365    0.018134       
     6.699100     0.535732    0.018205       
     6.729350     0.544061    0.013475       
     6.759590     0.554234    0.013050       
     6.789830     0.555544    0.011049       
     6.820070     0.554727    0.012043       
     6.850310     0.551162    0.011707       
     6.880560     0.550639    0.007280       
     6.910800     0.560517    0.010589       
     6.941040     0.560279    0.007648       
     6.971280     0.562155    0.013055       
     7.001520     0.566171    0.011582       
     7.031770     0.565955    0.018466       
     7.062010     0.563782    0.009143       
     7.092250     0.583625    0.012482       
     7.122490     0.580780    0.009595       
     7.152730     0.572920    0.010846       
     7.182980     0.579710    0.007731       
     7.213220     0.584145    0.010622       
     7.243460     0.584379    0.013870       
     7.273700     0.585325    0.012635       
     7.303940     0.584744    0.026602       
     7.334190     0.585265    0.024611       
     7.364430     0.578589    0.021324       
     7.394670     0.581985    0.010554       
     7.424910     0.593194    0.030577       
     7.455150     0.598372    0.015529       
     7.485400     0.598080    0.012100       
     7.455150     0.556741    0.017104       
     7.515640     0.562685    0.017799       
     7.576120     0.597685    0.010355       
     7.636600     0.591060    0.009176       
     7.697090     0.590067    0.010137       
     7.757570     0.646855    0.010044       
     7.818050     0.657590    0.007401       
     7.878540     0.625967    0.007235       
     7.939020     0.611826    0.013641       
     7.999510     0.612343    0.015141       
     8.059990     0.613313    0.013009       
     8.120470     0.619179    0.012692       
     8.180960     0.623959    0.034966       
     8.241440     0.626683    0.039782       
     8.301920     0.615356    0.013743       
     8.362410     0.622021    0.016876       
     8.422890     0.640901    0.017509       
     8.483370     0.632399    0.018309       
     8.543860     0.636281    0.055167       
     8.604340     0.637778    0.035850       
     8.664830     0.636434    0.019980       
     8.725310     0.641003    0.053468       
     8.785790     0.649837    0.058536       
     8.846280     0.657776    0.054921       
     8.906760     0.664066    0.053588       
     8.967240     0.669356    0.047754       
     9.027730     0.670840    0.019693       
     9.088210     0.679107    0.020141       
     9.148690     0.701048    0.045514       
     9.209180     0.692684    0.035161       
     9.269660     0.685769    0.019698       
     9.330150     0.689024    0.019779       
     9.390630     0.692472    0.020882       
     9.451110     0.688169    0.020923       
     9.511600     0.699485    0.021126       
     9.572080     0.704807    0.020140       
     9.632560     0.715243    0.059718       
     9.693050     0.724363    0.047400       
     9.753530     0.734252    0.020671       
     9.814010     0.751975    0.065872       
     9.874500     0.759255    0.023693       
     9.934980     0.765316    0.022004       
     9.995470     0.762341    0.018006       
    10.055950     0.784964    0.023005       
    10.116430     0.809377    0.098696       
    10.176920     0.815022    0.085793       
    10.237400     0.821332    0.027318       
    10.297880     0.834782    0.029059       
    10.358370     0.853295    0.086928       
    10.418850     0.852457    0.028988       
    10.479330     0.862003    0.065081       
    10.539820     0.876072    0.063399       
    10.600300     0.893921    0.061381       
    10.660790     0.954905    0.054964       
    10.721270     0.982690    0.028023       
    10.781750     0.924316    0.073746       
    10.842240     0.914827    0.030277       
    10.902720     0.922209    0.028619       
    10.963200     0.925951    0.047900       
    11.023690     0.926115    0.031597       
    11.084170     0.935710    0.044773       
    11.144650     0.929055    0.044711       
    11.205140     0.942075    0.032776       
    11.265620     0.954287    0.091906       
    11.326110     0.972274    0.031735       
    11.386590     0.985377    0.033205       
    11.447070     0.995320    0.088698       
    11.507560     1.008039    0.088293       
    11.568040     1.009093    0.094998       
    11.628520     1.013959    0.031745       
    11.689010     1.018547    0.055670       
    11.749490     1.027910    0.068717       
    11.809970     1.019541    0.032661       
    11.870460     1.013274    0.047972       
    11.930940     1.038697    0.031257       
    11.991430     1.053296    0.074582       
    12.051910     1.060030    0.075728       
    12.112390     1.060107    0.031216       
    12.172880     1.067594    0.061939       
    12.233360     1.070785    0.031952       
    12.293840     1.072744    0.033884       
    12.354330     1.075862    0.064480       
    12.414810     1.079316    0.051757       
    12.475290     1.089151    0.077453       
    12.535780     1.089418    0.034459       
    12.596260     1.093047    0.035474       
    12.656750     1.096804    0.035954       
    12.717230     1.102126    0.034943       
    12.777710     1.112578    0.036886       
    12.838200     1.115742    0.036147       
    12.898680     1.118340    0.034947       
    12.959160     1.161624    0.097489       
    13.019650     1.229268    0.071445       
    13.080130     1.191775    0.061455       
    13.140610     1.138735    0.088508       
    13.201100     1.142178    0.084301       
    13.261580     1.145104    0.034687       
    13.322060     1.150116    0.046088       
    13.382550     1.144584    0.046091       
    13.443030     1.144574    0.031722       
    13.503520     1.152959    0.083554       
    13.564000     1.165277    0.083657       
    13.624480     1.168463    0.033265       
    13.684970     1.179496    0.034506       
    13.745450     1.192396    0.032486       
    13.805930     1.204685    0.032068       
    13.866420     1.200932    0.045791       
    13.926900     1.211367    0.046852       
    13.987380     1.231612    0.045523    
    14.069350     1.386826    0.022723       
    14.154030     1.420133    0.047266       
    14.238710     1.413798    0.020555       
    14.323380     1.415239    0.015766       
    14.408060     1.428342    0.013316       
    14.492740     1.542070    0.054420       
    14.577410     1.625655    0.026036       
    14.662090     1.522353    0.019007       
    14.746770     1.484281    0.023597       
    14.831450     1.494272    0.025309       
    14.916120     1.511316    0.011868       
    15.000800     1.527840    0.017248       
    15.085480     1.551855    0.011292       
    15.170150     1.580460    0.011662       
    15.254830     1.596107    0.008718       
    15.339510     1.602015    0.009908       
    15.424180     1.612942    0.016303       
    15.508860     1.638288    0.020785       
    15.593540     1.647415    0.014167       
    15.678210     1.681915    0.018300       
    15.762890     1.873067    0.012653       
    15.847570     2.051645    0.015910       
    15.932240     1.700344    0.029184       
    16.016920     1.689100    0.013858       
    16.101601     1.677968    0.016863       
    16.186279     1.709592    0.009805       
    16.270950     1.720324    0.012045       
    16.355631     1.703781    0.013922       
    16.440310     1.731123    0.013163       
    16.524981     1.743343    0.022205       
    16.609659     1.772944    0.023453       
    16.694340     1.795623    0.021843       
    16.779011     1.789464    0.022914       
    16.863689     1.794226    0.016972       
    16.948370     1.804452    0.015931       
    17.033039     1.814744    0.015170       
    17.117720     1.833433    0.034601       
    17.202400     1.844527    0.031588       
    17.287069     1.882498    0.032815       
    17.371750     1.881229    0.093593       
    17.456430     1.899977    0.037808       
    17.541109     1.895343    0.019674       
    17.625780     1.889509    0.019658       
    17.710461     1.907552    0.022929       
    17.795139     1.907487    0.045673       
    17.879810     1.907206    0.046437       
    17.964491     1.934385    0.047095       
    18.049170     1.925754    0.035078       
    18.133841     1.922300    0.020224       
    18.218519     1.937070    0.013355       
    18.303200     1.937300    0.011636       
    18.387871     1.935450    0.022195       
    18.472549     1.932229    0.024808       
    18.557230     1.965170    0.024327       
    18.641899     1.965716    0.028938       
    18.726580     1.913760    0.024758       
    18.811260     1.892020    0.030420       
    18.895941     1.930833    0.176054       
    18.980610     1.962530    0.024070       
    19.065290     2.100357    0.036806       
    19.149969     1.941977    0.038551       
    19.234640     1.910324    0.014523       
    19.319321     1.897749    0.032295       
    19.403999     1.885962    0.019168       
    19.488670     1.900549    0.041252       
    19.573351     1.935456    0.015889       
    19.658030     1.961680    0.025612       
    19.742701     1.952128    0.025181       
    19.827379     1.963947    0.017604       
    19.912060     1.972238    0.027138       
    19.996731     1.989560    0.023397       
    20.081409     1.991848    0.032230       
    20.166090     1.973485    0.026206       
    20.250771     1.995744    0.034012       
    20.335440     1.977565    0.018547       
    20.420120     2.019984    0.032436       
    20.504801     1.980035    0.021850       
    20.589470     1.977061    0.011393       
    20.758829     1.971348    0.012143       
    20.928181     1.979760    0.073054       
    21.097530     1.985101    0.019098       
    21.266890     2.003169    0.015408       
    21.436239     1.981033    0.032382       
    21.605600     1.989057    0.026606       
    21.774950     2.003824    0.027045       
    21.944300     2.006234    0.030912       
    22.113661     2.019712    0.025713       
    22.283010     1.992142    0.017349       
    22.452360     2.019903    0.110588       
    22.621719     2.028315    0.085336       
    22.791071     2.031571    0.017231       
    22.960430     2.066136    0.028279       
    23.129780     2.070965    0.024521       
    23.299129     2.062992    0.019706       
    23.468491     2.051415    0.016999       
    23.637840     2.040348    0.028632       
    23.807190     2.049139    0.033627       
    23.976549     2.056648    0.033484       
    24.145901     2.051738    0.032750       
    24.315260     2.062274    0.038385       
    24.484610     2.061307    0.010797       
    24.653959     2.163540    0.012351       
    24.823320     2.170654    0.023059       
    24.992670     2.044717    0.025138       
    25.162020     2.031955    0.030709       
    25.331381     1.999804    0.019021       
    25.500731     2.001266    0.022098       
    25.670090     2.030688    0.023158       
    25.839439     2.004457    0.059922       
    26.008789     1.963390    0.015035       
    26.178150     2.456572    0.023655       
    26.347500     2.778936    0.028739       
    26.516850     2.160264    0.031857       
    26.686211     1.993895    0.017613       
    26.855560     1.980434    0.015904       
    27.024920     1.956333    0.028770       
    27.194269     1.940413    0.015557       
    27.363621     1.965561    0.020440       
    27.532980     1.998810    0.017020       
    27.702330     1.977637    0.013230       
    27.871679     1.995035    0.017270       
    28.041040     2.015209    0.013673       
    28.210390     1.987331    0.015226       
    28.379749     1.999789    0.018995       
    28.549101     1.995899    0.021646       
    28.718451     1.981301    0.020456       
    28.887810     1.991064    0.010337       
    29.057159     1.969243    0.015419       
    29.226509     1.952841    0.017595       
    29.395870     1.986400    0.021269       
    29.565220     1.979632    0.060764       
    29.734579     1.977940    0.033370       
    29.903931     1.987341    0.021625       
    30.073280     1.966218    0.027357       
    30.242640     1.968347    0.017304       
    30.411989     1.965163    0.024615       
    30.581341     1.948921    0.027948       
    30.750700     2.009123    0.015288       
    30.920050     1.994506    0.035922       
    31.089411     1.986069    0.026419       
    31.258760     1.987153    0.027610       
    31.428110     1.998296    0.030081       
    31.597469     2.044578    0.015410       
    31.766821     2.008976    0.045942       
    31.936171     2.004594    0.021966       
    32.105530     1.987402    0.020531       
    32.274879     1.998402    0.032245       
    32.444241     2.027629    0.023639       
    32.613590     2.041590    0.040432       
    32.782940     2.042691    0.029952       
    32.952301     2.054152    0.020954       
    33.121651     2.046756    0.026347       
    33.291000     2.110848    0.038277       
    33.460361     2.143794    0.072163       
    33.629711     2.080456    0.048083       
    33.799068     2.189904    0.056298       
    33.968418     2.319668    0.034102       
    34.137772     2.196989    0.059644       
    34.307129     2.111312    0.034788       
    34.476479     2.078881    0.065795       
    34.645828     2.089685    0.063806       
    34.815189     2.089146    0.082011       
    34.984539     2.104853    0.024848       
    35.153900     2.228593    0.032854       
    35.323250     2.374860    0.073928       
    35.492599     2.410576    0.096103       
    35.661961     2.170614    0.092751       
    35.831310     1.999677    0.050747       
    36.000660     2.033997    0.062124       
    36.170021     2.010051    0.084024       
    36.339371     2.027322    0.065358       
    36.508732     2.023455    0.040248       
    36.678082     2.074754    0.068612       
    36.847431     1.995057    0.066369       
    37.016788     1.983845    0.067365       
    37.186138     2.150821    0.108732       
    37.355492     1.966208    0.151689   