5.24749		0.172037	0.005359
5.27773		0.183028	0.006989
5.30797		0.198474	0.004119
5.33821		0.194197	0.004525
5.36846		0.186524	0.004651
5.3987		0.191327	0.005078
5.42894		0.196483	0.00462
5.45918		0.184008	0.003703
5.48942		0.177006	0.00532
5.51967		0.177361	0.005023
5.54991		0.177673	0.004254
5.58015		0.186346	0.004214
5.61039		0.18642		0.004938
5.64063		0.183068	0.005847
5.67088		0.192283	0.003876
5.70112		0.202165	0.004436
5.73136		0.204481	0.013988
5.7616		0.209083	0.004941
5.79184		0.214635	0.00476
5.82209		0.216261	0.00988
5.85233		0.217218	0.006571
5.88257		0.216238	0.006708
5.91281		0.220694	0.017059
5.94305		0.229721	0.006346
5.9733		0.235584	0.004457
6.00354		0.239017	0.007595
6.03378		0.238603	0.006792
6.06402		0.250744	0.004471
6.09426		0.26457		0.015895
6.12451		0.271673	0.005857
6.15475		0.27214		0.00591
6.18499		0.27236		0.004797
6.21523		0.304997	0.007453
6.24547		0.35544		0.00606
6.27572		0.4204		0.008794
6.30596		0.461965	0.006827
6.3362		0.463186	0.006582
6.36644		0.420315	0.011087
6.39668		0.37433		0.008437
6.42693		0.336637	0.013932
6.45717		0.323966	0.013829
6.48741		0.307885	0.007684
6.51765		0.302039	0.008804
6.54789		0.304116	0.006836
6.57814		0.302202	0.007453
6.60838		0.297446	0.00795
6.63862		0.300916	0.010868
6.66886		0.307829	0.010231
6.6991		0.313905	0.007197
6.72935		0.318484	0.005504
6.75959		0.319713	0.005696
6.78983		0.316897	0.009787
6.82007		0.315128	0.007505
6.85031		0.315483	0.014961
6.88056		0.310078	0.007314
6.9108		0.311504	0.005344
6.94104		0.305682	0.006478
6.97128		0.301666	0.010187
7.00152		0.321701	0.007539
7.03177		0.328118	0.009723
7.06201		0.357372	0.009073
7.09225		0.440961	0.011891
7.12249		0.401975	0.008705
7.15273		0.355792	0.02745
7.18298		0.370624	0.010502
7.21322		0.371115	0.014031
7.24346		0.386197	0.010698
7.2737		0.399052	0.009989
7.30394		0.405235	0.010926
7.33419		0.426125	0.007896
7.36443		0.443546	0.01902
7.39467		0.455272	0.015407
7.42491		0.475145	0.011487
7.45515		0.502473	0.013845
7.4854		0.511279	0.015136
7.45515		0.474245	0.023443
7.51564		0.544596	0.023462
7.57612		0.534027	0.017167
7.6366		0.625359	0.007365
7.69709		0.689593	0.017029
7.75757		0.723444	0.027909
7.81805		0.700599	0.024936
7.87854		0.691614	0.066335
7.93902		0.687377	0.066717
7.99951		0.674102	0.06672
8.05999		0.626026	0.065557
8.12047		0.600309	0.035297
8.18096		0.550634	0.038631
8.24144		0.533557	0.021113
8.30192		0.52312		0.013784
8.36241		0.51664		0.015091
8.42289		0.527495	0.01713
8.48337		0.533954	0.012472
8.54386		0.533544	0.016492
8.60434		0.551058	0.018249
8.66483		0.580711	0.021216
8.72531		0.579875	0.00597
8.78579		0.580111	0.017128
8.84628		0.54164		0.010873
8.90676		0.491598	0.018065
8.96724		0.460753	0.053164
9.02773		0.45387		0.017982
9.08821		0.438258	0.011228
9.14869		0.442686	0.004137
9.20918		0.423648	0.005432
9.26966		0.421819	0.004826
9.33015		0.426812	0.004837
9.39063		0.434547	0.005437
9.45111		0.443164	0.006358
9.5116		0.448427	0.00634
9.57208		0.455024	0.004943
9.63256		0.468296	0.004567
9.69305		0.474781	0.006377
9.75353		0.490684	0.005058
9.81401		0.509384	0.00546
9.8745		0.500402	0.006912
9.93498		0.496873	0.005897
9.99547		0.505225	0.005426
10.05595	0.510126	0.004453
10.11643	0.512089	0.005228
10.17692	0.521176	0.011517
10.2374		0.527321	0.008757
10.29788	0.533956	0.0053
10.35837	0.540778	0.004696
10.41885	0.548177	0.004452
10.47933	0.560777	0.004618
10.53982	0.569405	0.005052
10.6003		0.591375	0.004826
10.66079	0.643465	0.007528
10.72127	0.645698	0.005582
10.78175	0.634983	0.008831
10.84224	0.642159	0.006817
10.90272	0.651038	0.008268
10.9632		0.659415	0.008053
11.02369	0.664763	0.00616
11.08417	0.686877	0.010306
11.14465	0.727646	0.009758
11.20514	0.759978	0.0075
11.26562	0.796589	0.007783
11.32611	0.950065	0.02837
11.38659	1.192299	0.028836
11.44707	1.252628	0.011519
11.50756	1.148645	0.010062
11.56804	1.042641	0.012397
11.62852	0.968971	0.007155
11.68901	0.918925	0.012033
11.74949	0.876304	0.006929
11.80997	0.858475	0.013044
11.87046	0.840235	0.018802
11.93094	0.856447	0.009593
11.99143	0.860193	0.00881
12.05191	0.878347	0.008888
12.11239	0.908373	0.019149
12.17288	0.924325	0.014713
12.23336	0.92819		0.010797
12.29384	0.924462	0.029234
12.35433	0.926661	0.018283
12.41481	0.935194	0.01555
12.47529	0.962118	0.026869
12.53578	0.975743	0.010521
12.59626	0.998476	0.013551
12.65675	1.01557		0.009978
12.71723	1.050618	0.013082
12.77771	1.095201	0.01323
12.8382		1.129578	0.014478
12.89868	1.144179	0.010722
12.95916	1.393058	0.013353
13.01965	1.739834	0.020608
13.08013	1.38464		0.015367
13.14061	1.020762	0.01311
13.2011		1.004257	0.013047
13.26158	1.001824	0.012314
13.32206	0.989136	0.010703
13.38255	0.987548	0.010811
13.44303	1.019713	0.013986
13.50352	0.999059	0.011611
13.564		1.021811	0.013609
13.62448	1.016854	0.013711
13.68497	1.03009		0.015854
13.74545	1.045793	0.017378
13.80593	1.068478	0.013107
13.86642	1.056311	0.021468
13.9269		1.056301	0.0198
13.98738	1.064817	0.024207
14.06935	1.370256	0.032828
14.15403	1.385293	0.010058
14.23871	1.413133	0.012415
14.32338	1.421393	0.030902
14.40806	1.469179	0.02772
14.49274	1.55651		0.010639
14.57741	1.553609	0.021599
14.66209	1.49544		0.014013
14.74677	1.489733	0.012394
14.83145	1.504402	0.013618
14.91612	1.518096	0.012925
15.0008		1.559205	0.011266
15.08548	1.564086	0.021
15.17015	1.57988		0.022479
15.25483	1.603845	0.014333
15.33951	1.62658		0.055361
15.42418	1.652006	0.021943
15.50886	1.682481	0.018058
15.59354	1.713112	0.016359
15.67821	1.778617	0.013924
15.76289	1.962351	0.017364
15.84757	2.025965	0.020528
15.93224	1.873706	0.034293
16.01692	1.889364	0.013363
16.101601	1.912641	0.017117
16.186279	1.958283	0.013423
16.27095	2.000773	0.017865
16.355631	2.027773	0.018984
16.44031	2.093174	0.025079
16.524981	2.154393	0.022323
16.609659	2.279344	0.018651
16.69434	2.383547	0.019541
16.779011	2.3838		0.037119
16.863689	2.370169	0.05539
16.94837	2.389256	0.036627
17.033039	2.421054	0.033341
17.11772	2.433625	0.024553
17.2024		2.482836	0.016113
17.287069	2.676007	0.026427
17.37175	2.695105	0.024477
17.45643	2.62691		0.023582
17.541109	2.648381	0.026625
17.62578	2.69554		0.040961
17.710461	2.703789	0.013467
17.795139	2.6121		0.045195
17.87981	2.609201	0.051699
17.964491	2.634017	0.068545
18.04917	2.641807	0.068065
18.133841	2.623752	0.056946
18.218519	2.670877	0.03966
18.3032		2.62136		0.035043
18.387871	2.66837		0.037966
18.472549	2.670598	0.033659
18.55723	2.678365	0.070728
18.641899	2.676852	0.059882
18.72658	2.710635	0.06313
18.81126	2.738888	0.032846
18.895941	2.922551	0.085111
18.98061	3.301237	0.070234
19.06529	3.416342	0.047896
19.149969	2.918506	0.0425
19.23464	2.899465	0.040215
19.319321	2.933662	0.0212
19.403999	2.924216	0.021271
19.48867	2.948256	0.022982
19.573351	3.041367	0.023282
19.65803	3.065781	0.029725
19.742701	3.076819	0.024552
19.827379	3.124245	0.029471
19.91206	3.191304	0.116375
19.996731	3.237781	0.132198
20.081409	3.255706	0.06616
20.16609	3.280777	0.039305
20.250771	3.273308	0.040225
20.33544	3.240654	0.125509
20.42012	3.272891	0.125262
20.504801	3.270648	0.076187
20.58947	3.236769	0.065455
20.758829	3.275979	0.032505
20.928181	3.467681	0.017557
21.09753	3.425229	0.022708
21.26689	3.480322	0.020028
21.436239	3.604679	0.052772
21.6056		3.609773	0.088411
21.77495	3.718936	0.085903
21.9443		3.848707	0.05213
22.113661	3.87341		0.101549
22.28301	3.938397	0.457589
22.45236	4.044925	0.064623
22.621719	4.126208	0.025369
22.791071	4.159303	0.050879
22.96043	4.197506	0.021296
23.12978	4.274142	0.069203
23.299129	4.350059	0.098698
23.468491	4.382954	0.066952
23.63784	4.463781	0.02537
23.80719	4.581687	0.058355
23.976549	4.600558	0.180132
24.145901	4.598109	0.085468
24.31526	4.668761	0.065546
24.48461	4.73688		0.037389
24.653959	4.843817	0.023299
24.82332	4.889268	0.019287
24.99267	4.909328	0.04708
25.16202	4.944987	0.030432
25.331381	4.956014	0.051439
25.500731	5.030716	0.055539
25.67009	5.174195	0.052351
25.839439	5.286611	0.02307
26.008789	5.397566	0.039889
26.17815	5.64275		0.055184
26.3475		5.757671	0.035626
26.51685	5.585068	0.018766
26.686211	5.647806	0.074442
26.85556	5.780241	0.229521
27.02492	5.81586		0.076618
27.194269	5.823376	0.024424
27.363621	5.892184	0.02194
27.53298	6.014487	0.042788
27.70233	6.111926	0.054582
27.871679	6.24522		0.030173
28.04104	6.289881	0.056519
28.21039	6.427347	0.042269
28.379749	6.455855	0.036262
28.549101	6.540943	0.020969
28.718451	6.560226	0.053224
28.88781	6.599585	0.044736
29.057159	6.664804	0.049249
29.226509	6.67694		0.051839
29.39587	6.809926	0.050644
29.56522	6.934259	0.042598
29.734579	7.050055	0.036963
29.903931	7.187896	0.061449
30.07328	7.216474	0.143817
30.24264	7.214749	0.052146
30.411989	7.278256	0.043979
30.581341	7.325016	0.074156
30.7507		7.543436	0.024881
30.92005	7.650109	0.054343
31.089411	7.757819	0.07816
31.25876	7.841635	0.072048
31.42811	7.932814	0.079446
31.597469	8.016513	0.074031
31.766821	8.129824	0.09865
31.936171	8.201996	0.081598
32.10553	8.330251	0.041543
32.274879	8.453422	0.05408
32.444241	8.673017	0.11251
32.61359	8.840453	0.14432
32.78294	8.905487	0.053157
32.952301	9.085301	0.053305
33.121651	9.213492	0.072531
33.291		9.618438	0.088005
33.460361	9.614662	0.318472
33.629711	9.872728	0.064504
33.799068	10.073062	0.067612
33.968418	11.276029	0.069878
34.137772	10.501188	0.050809
34.307129	10.248326	0.14291
34.476479	10.437299	0.123617
34.645828	10.295136	0.072048
34.815189	10.359777	0.106995
34.984539	10.507364	0.077356
35.1539		11.068755	0.107059
35.32325	12.224165	0.104711
35.492599	12.554699	0.147165
35.661961	10.853976	0.119671
35.83131	10.511032	0.114916
36.00066	10.718074	0.14633
36.170021	10.869422	0.577878
36.339371	10.767629	0.132841
36.508732	10.894032	0.773849
36.678082	10.954062	0.830121
36.847431	10.879046	0.186537
37.016788	10.978544	0.121398
37.186138	11.725321	0.539646
37.355492	10.902122	0.439992