5.24749		0.025421	0.005682
5.27773		0.030543	0.005008
5.30797		0.03348		0.002691
5.33821		0.02828		0.003158
5.36846		0.029122	0.00198
5.3987		0.031619	0.004666
5.42894		0.029084	0.005556
5.45918		0.028578	0.003849
5.48942		0.024638	0.006179
5.51967		0.023718	0.007352
5.54991		0.030684	0.010976
5.58015		0.029883	0.015325
5.61039		0.031772	0.010558
5.64063		0.033778	0.00689
5.67088		0.038719	0.005469
5.70112		0.040764	0.005638
5.73136		0.045064	0.003591
5.7616		0.044982	0.002757
5.79184		0.046717	0.003649
5.82209		0.044391	0.005688
5.85233		0.040827	0.005666
5.88257		0.039262	0.006028
5.91281		0.043707	0.007242
5.94305		0.042427	0.005942
5.9733		0.043313	0.006167
6.00354		0.041403	0.004989
6.03378		0.043893	0.004193
6.06402		0.051023	0.002577
6.09426		0.055409	0.005388
6.12451		0.056868	0.00942
6.15475		0.058994	0.011388
6.18499		0.067308	0.015491
6.21523		0.097998	0.018725
6.24547		0.120281	0.015077
6.27572		0.145413	0.015844
6.30596		0.154994	0.016531
6.3362		0.139562	0.016027
6.36644		0.129436	0.024095
6.39668		0.111777	0.016176
6.42693		0.100137	0.012206
6.45717		0.090464	0.006347
6.48741		0.082629	0.003498
6.51765		0.073877	0.005054
6.54789		0.07224		0.003759
6.57814		0.071449	0.009487
6.60838		0.073385	0.016805
6.63862		0.072908	0.011845
6.66886		0.072953	0.013489
6.6991		0.072081	0.007757
6.72935		0.071207	0.005971
6.75959		0.069989	0.003491
6.78983		0.070811	0.005583
6.82007		0.073275	0.008301
6.85031		0.071864	0.012171
6.88056		0.068753	0.015203
6.9108		0.074395	0.015822
6.94104		0.076432	0.016763
6.97128		0.081873	0.031217
7.00152		0.085638	0.019744
7.03177		0.084599	0.050551
7.06201		0.137867	0.020424
7.09225		0.116601	0.0213
7.12249		0.095672	0.013613
7.15273		0.102031	0.008647
7.18298		0.104195	0.006581
7.21322		0.106881	0.004352
7.24346		0.115266	0.011479
7.2737		0.114349	0.007978
7.30394		0.122831	0.036212
7.33419		0.124103	0.029991
7.36443		0.122812	0.018842
7.39467		0.133132	0.012526
7.42491		0.140037	0.010005
7.45515		0.149656	0.006215
7.4854		0.165221	0.00652
7.45515		0.166671	0.005764
7.51564		0.183843	0.005446
7.57612		0.237533	0.037227
7.6366		0.298931	0.040471
7.69709		0.345412	0.033391
7.75757		0.335884	0.020852
7.81805		0.319306	0.007439
7.87854		0.327986	0.009164
7.93902		0.31617		0.021212
7.99951		0.279364	0.022545
8.05999		0.243853	0.020409
8.12047		0.215542	0.051673
8.18096		0.203721	0.011095
8.24144		0.19064		0.004099
8.30192		0.180619	0.004102
8.36241		0.167485	0.008463
8.42289		0.167635	0.004577
8.48337		0.167911	0.003823
8.54386		0.17274		0.005774
8.60434		0.188043	0.008912
8.66483		0.204849	0.00977
8.72531		0.206709	0.011025
8.78579		0.190862	0.009645
8.84628		0.163642	0.009739
8.90676		0.129991	0.033744
8.96724		0.115668	0.031512
9.02773		0.106289	0.018632
9.08821		0.105252	0.009185
9.14869		0.096427	0.007449
9.20918		0.090565	0.005357
9.26966		0.086636	0.004412
9.33015		0.083562	0.004744
9.39063		0.083121	0.004283
9.45111		0.082475	0.002618
9.5116		0.081595	0.002186
9.57208		0.081773	0.003693
9.63256		0.080059	0.00309
9.69305		0.079571	0.002358
9.75353		0.087442	0.002361
9.81401		0.086685	0.001789
9.8745		0.07552		0.003538
9.93498		0.074092	0.002289
9.99547		0.075455	0.00392
10.05595	0.076494	0.003357
10.11643	0.075973	0.003245
10.17692	0.078092	0.004573
10.2374		0.079436	0.005946
10.29788	0.078702	0.006216
10.35837	0.078682	0.004064
10.41885	0.082144	0.003442
10.47933	0.086695	0.005754
10.53982	0.094608	0.005775
10.6003		0.113996	0.004216
10.66079	0.119847	0.003328
10.72127	0.115017	0.005974
10.78175	0.112821	0.006533
10.84224	0.115963	0.00597
10.90272	0.118235	0.008599
10.9632		0.118701	0.005432
11.02369	0.124129	0.012431
11.08417	0.140038	0.005477
11.14465	0.163925	0.0251
11.20514	0.176068	0.025063
11.26562	0.231443	0.007831
11.32611	0.370404	0.027255
11.38659	0.463588	0.011676
11.44707	0.412287	0.006054
11.50756	0.331653	0.027762
11.56804	0.295688	0.005126
11.62852	0.254855	0.004992
11.68901	0.238156	0.011206
11.74949	0.221616	0.010814
11.80997	0.205482	0.009821
11.87046	0.199432	0.009293
11.93094	0.201674	0.004588
11.99143	0.212451	0.012664
12.05191	0.229065	0.012425
12.11239	0.238975	0.010681
12.17288	0.242067	0.009844
12.23336	0.240815	0.009517
12.29384	0.236362	0.009487
12.35433	0.237201	0.011623
12.41481	0.253563	0.011597
12.47529	0.26445		0.012399
12.53578	0.272126	0.01233
12.59626	0.281761	0.025231
12.65675	0.301854	0.009414
12.71723	0.323179	0.00589
12.77771	0.340196	0.016175
12.8382		0.322114	0.026846
12.89868	0.406901	0.027724
12.95916	0.617954	0.013598
13.01965	0.530262	0.029352
13.08013	0.284608	0.015449
13.14061	0.247487	0.021503
13.2011		0.24284		0.012694
13.26158	0.242312	0.010736
13.32206	0.241382	0.012607
13.38255	0.241722	0.013203
13.44303	0.240166	0.012672
13.50352	0.241759	0.01524
13.564		0.248261	0.018689
13.62448	0.24783		0.012659
13.68497	0.252198	0.0151
13.74545	0.247421	0.013889
13.80593	0.248793	0.013897
13.86642	0.244636	0.01405
13.9269		0.242158	0.012871
13.98738	0.242017	0.014548
14.06935	0.524471	0.012174
14.15403	0.525349	0.007693
14.23871	0.542637	0.013558
14.32338	0.54854		0.025494
14.40806	0.57891		0.010126
14.49274	0.648708	0.009925
14.57741	0.633508	0.015643
14.66209	0.563016	0.007595
14.74677	0.555955	0.009165
14.83145	0.560385	0.00665
14.91612	0.562606	0.010292
15.0008		0.564006	0.005821
15.08548	0.570291	0.008426
15.17015	0.57655		0.010089
15.25483	0.574546	0.011349
15.33951	0.576999	0.005686
15.42418	0.587253	0.005483
15.50886	0.592261	0.0057
15.59354	0.598709	0.005725
15.67821	0.72568		0.009673
15.76289	0.936242	0.010423
15.84757	0.789856	0.008507
15.93224	0.660518	0.006543
16.01692	0.67648		0.007274
16.101601	0.682965	0.007744
16.186279	0.70133		0.010764
16.27095	0.707182	0.01397
16.355631	0.717624	0.009265
16.44031	0.754484	0.011981
16.524981	0.806561	0.0185
16.609659	0.893951	0.032321
16.69434	0.930669	0.011954
16.779011	0.88618		0.010059
16.863689	0.874109	0.015495
16.94837	0.898945	0.015742
17.033039	0.901714	0.010646
17.11772	0.904451	0.038313
17.2024		0.988822	0.017275
17.287069	1.048579	0.01259
17.37175	0.969555	0.028822
17.45643	0.937621	0.020408
17.541109	0.954761	0.011111
17.62578	0.948554	0.009003
17.710461	0.920475	0.019752
17.795139	0.859785	0.017105
17.87981	0.859995	0.011867
17.964491	0.86121		0.011449
18.04917	0.87143		0.011254
18.133841	0.881431	0.012289
18.218519	0.873461	0.01316
18.3032		0.838626	0.011149
18.387871	0.855617	0.008147
18.472549	0.864375	0.008922
18.55723	0.867525	0.017988
18.641899	0.890998	0.01884
18.72658	0.907637	0.019473
18.81126	0.927594	0.049726
18.895941	1.135816	0.05436
18.98061	1.29146		0.0246
19.06529	1.09093		0.012837
19.149969	0.996358	0.023629
19.23464	1.008331	0.019454
19.319321	1.022182	0.015137
19.403999	1.01743		0.012166
19.48867	1.015447	0.026718
19.573351	1.066193	0.014935
19.65803	1.076308	0.016241
19.742701	1.08473		0.016396
19.827379	1.10717		0.048619
19.91206	1.119651	0.015948
19.996731	1.124336	0.016852
20.081409	1.128871	0.015606
20.16609	1.132943	0.02276
20.250771	1.146562	0.015515
20.33544	1.14159		0.018237
20.42012	1.150063	0.01295
20.504801	1.15432		0.016187
20.58947	1.175908	0.016431
20.758829	1.227518	0.041622
20.928181	1.246703	0.038995
21.09753	1.252109	0.022444
21.26689	1.282519	0.01672
21.436239	1.316883	0.01132
21.6056		1.322521	0.018435
21.77495	1.365833	0.028001
21.9443		1.420523	0.033545
22.113661	1.449942	0.038795
22.28301	1.47783		0.17674
22.45236	1.501849	0.041418
22.621719	1.568032	0.03391
22.791071	1.584577	0.017741
22.96043	1.589434	0.019278
23.12978	1.631166	0.026615
23.299129	1.675612	0.026774
23.468491	1.69644		0.027696
23.63784	1.727933	0.010413
23.80719	1.765909	0.023134
23.976549	1.789392	0.024668
24.145901	1.821129	0.019463
24.31526	1.876201	0.02726
24.48461	1.906837	0.011399
24.653959	1.978501	0.010484
24.82332	1.972541	0.027499
24.99267	2.002836	0.023478
25.16202	2.018353	0.020666
25.331381	1.977683	0.027227
25.500731	2.007233	0.030864
25.67009	2.104003	0.030132
25.839439	2.170421	0.035944
26.008789	2.26022		0.026155
26.17815	2.555004	0.01753
26.3475		2.551892	0.031046
26.51685	2.325031	0.018955
26.686211	2.347877	0.01307
26.85556	2.377174	0.038516
27.02492	2.388406	0.033187
27.194269	2.386921	0.01247
27.363621	2.461423	0.020821
27.53298	2.543805	0.039093
27.70233	2.564293	0.095672
27.871679	2.579935	0.027396
28.04104	2.598063	0.016576
28.21039	2.666764	0.019158
28.379749	2.711267	0.0986
28.549101	2.771463	0.035586
28.718451	2.79926		0.036436
28.88781	2.792429	0.018703
29.057159	2.819025	0.014526
29.226509	2.850888	0.020373
29.39587	2.909009	0.038535
29.56522	2.945203	0.032573
29.734579	2.98718		0.025863
29.903931	3.059471	0.024686
30.07328	3.096451	0.023951
30.24264	3.112963	0.035759
30.411989	3.161842	0.017839
30.581341	3.177888	0.049423
30.7507		3.261233	0.029527
30.92005	3.31362		0.021691
31.089411	3.328009	0.026346
31.25876	3.361521	0.092972
31.42811	3.400856	0.026628
31.597469	3.494207	0.032035
31.766821	3.542128	0.049353
31.936171	3.574683	0.047651
32.10553	3.621063	0.022224
32.274879	3.658564	0.041485
32.444241	3.737657	0.023967
32.61359	3.830117	0.051116
32.78294	3.901012	0.024848
32.952301	4.002918	0.053793
33.121651	4.066788	0.043226
33.291		4.201039	0.060874
33.460361	4.179136	0.10371
33.629711	4.279952	0.102683
33.799068	4.871793	0.104777
33.968418	5.156176	0.137844
34.137772	4.57024		0.04633
34.307129	4.582633	0.074386
34.476479	4.594041	0.116773
34.645828	4.514288	0.107835
34.815189	4.418259	0.125237
34.984539	4.687438	0.05164
35.1539		5.567557	0.126661
35.32325	5.960219	0.106075
35.492599	5.242272	0.120918
35.661961	4.921926	0.178612
35.83131	4.836897	0.19976
36.00066	4.90351		0.107672
36.170021	4.925422	0.181935
36.339371	4.863046	0.100153
36.508732	4.749177	0.248092
36.678082	4.871627	0.108357
36.847431	4.936146	0.092674
37.016788	5.05016		0.067452
37.186138	5.325768	0.301975
37.355492	4.986606	0.191299