     5.247490     0.244198    0.009180       
     5.277730     0.250007    0.008075       
     5.307970     0.249623    0.006354       
     5.338210     0.247980    0.008008       
     5.368460     0.246829    0.007169       
     5.398700     0.247944    0.007124       
     5.428940     0.252194    0.006281       
     5.459180     0.246772    0.006884       
     5.489420     0.243673    0.004107       
     5.519670     0.248339    0.009608       
     5.549910     0.248926    0.006472       
     5.580150     0.249791    0.003838       
     5.610390     0.251181    0.004509       
     5.640630     0.244789    0.004250       
     5.670880     0.247429    0.005751       
     5.701120     0.254526    0.003927       
     5.731360     0.257399    0.004189       
     5.761600     0.258644    0.004527       
     5.791840     0.260767    0.005923       
     5.822090     0.263159    0.005119       
     5.852330     0.262887    0.009156       
     5.882570     0.264030    0.009193       
     5.912810     0.263846    0.005003       
     5.943050     0.265989    0.008436       
     5.973300     0.267535    0.004507       
     6.003540     0.267729    0.011159       
     6.033780     0.266868    0.007075       
     6.064020     0.270005    0.005102       
     6.094260     0.275135    0.004892       
     6.124510     0.275909    0.005358       
     6.154750     0.276173    0.006310       
     6.184990     0.277204    0.012905       
     6.215230     0.283797    0.005900       
     6.245470     0.298306    0.008646       
     6.275720     0.318900    0.008165       
     6.305960     0.327148    0.005813       
     6.336200     0.322873    0.005835       
     6.366440     0.320504    0.008335       
     6.396680     0.311194    0.006372       
     6.426930     0.301281    0.006022       
     6.457170     0.295786    0.006118       
     6.487410     0.295712    0.005296       
     6.517650     0.292543    0.005230       
     6.547890     0.292572    0.005159       
     6.578140     0.290888    0.006782       
     6.608380     0.290848    0.007259       
     6.638620     0.287615    0.005693       
     6.668860     0.290080    0.005610       
     6.699100     0.294020    0.006051       
     6.729350     0.293249    0.008345       
     6.759590     0.297365    0.004948       
     6.789830     0.293222    0.012177       
     6.820070     0.293713    0.005047       
     6.850310     0.293381    0.005559       
     6.880560     0.292502    0.005935       
     6.910800     0.293934    0.006102       
     6.941040     0.297227    0.005738       
     6.971280     0.295632    0.006902       
     7.001520     0.301879    0.006556       
     7.031770     0.303636    0.011049       
     7.062010     0.308074    0.007624       
     7.092250     0.317250    0.009914       
     7.122490     0.314512    0.014061       
     7.152730     0.313561    0.006402       
     7.182980     0.316627    0.006093       
     7.213220     0.319467    0.010947       
     7.243460     0.325834    0.010434       
     7.273700     0.327877    0.008844       
     7.303940     0.329556    0.009501       
     7.334190     0.334437    0.011132       
     7.364430     0.336899    0.008261       
     7.394670     0.343360    0.008003       
     7.424910     0.353709    0.011569       
     7.455150     0.352102    0.009644       
     7.485400     0.356498    0.008551       
     7.455150     0.340232    0.009315       
     7.515640     0.361744    0.008185       
     7.576120     0.356457    0.007465       
     7.636600     0.363782    0.009130       
     7.697090     0.384018    0.013742       
     7.757570     0.402594    0.018274       
     7.818050     0.402479    0.017514       
     7.878540     0.407745    0.018988       
     7.939020     0.406712    0.017935       
     7.999510     0.390900    0.020847       
     8.059990     0.396583    0.012850       
     8.120470     0.388805    0.012448       
     8.180960     0.377221    0.012238       
     8.241440     0.370153    0.020509       
     8.301920     0.367215    0.019090       
     8.362410     0.366033    0.010110       
     8.422890     0.366949    0.009237       
     8.483370     0.365094    0.008413       
     8.543860     0.365133    0.008978       
     8.604340     0.372482    0.010465       
     8.664830     0.378587    0.008167       
     8.725310     0.383303    0.008584       
     8.785790     0.378650    0.008205       
     8.846280     0.367589    0.008567       
     8.906760     0.359097    0.010186       
     8.967240     0.348634    0.008816       
     9.027730     0.342202    0.009108       
     9.088210     0.343629    0.009628       
     9.148690     0.346916    0.009728       
     9.209180     0.341400    0.010696       
     9.269660     0.341236    0.009042       
     9.330150     0.347997    0.010052       
     9.390630     0.351589    0.025804       
     9.451110     0.351639    0.010878       
     9.511600     0.353204    0.027181       
     9.572080     0.356146    0.021902       
     9.632560     0.362916    0.021002       
     9.693050     0.368267    0.009915       
     9.753530     0.373164    0.009882       
     9.814010     0.377262    0.011499       
     9.874500     0.383207    0.010465       
     9.934980     0.382748    0.009893       
     9.995470     0.377267    0.004902       
    10.055950     0.386727    0.024592       
    10.116430     0.392591    0.025633       
    10.176920     0.394957    0.032765       
    10.237400     0.397602    0.010029       
    10.297880     0.400523    0.010447       
    10.358370     0.405653    0.031336       
    10.418850     0.407639    0.011511       
    10.479330     0.408739    0.010451       
    10.539820     0.411788    0.010799       
    10.600300     0.421305    0.032098       
    10.660790     0.445636    0.011379       
    10.721270     0.451633    0.008555       
    10.781750     0.434121    0.010783       
    10.842240     0.439839    0.013028       
    10.902720     0.446033    0.010486       
    10.963200     0.443301    0.013785       
    11.023690     0.443123    0.011121       
    11.084170     0.451394    0.010268       
    11.144650     0.461278    0.011110       
    11.205140     0.472134    0.009879       
    11.265620     0.486215    0.010658       
    11.326110     0.537059    0.012679       
    11.386590     0.601255    0.013620       
    11.447070     0.607910    0.021422       
    11.507560     0.580398    0.016804       
    11.568040     0.552385    0.024917       
    11.628520     0.527098    0.021264       
    11.689010     0.513179    0.014048       
    11.749490     0.501790    0.013949       
    11.809970     0.490139    0.012243       
    11.870460     0.480627    0.015613       
    11.930940     0.487501    0.013093       
    11.991430     0.491361    0.012889       
    12.051910     0.502148    0.012957       
    12.112390     0.506500    0.018468       
    12.172880     0.507533    0.018780       
    12.233360     0.506502    0.012931       
    12.293840     0.507772    0.027835       
    12.354330     0.504770    0.014010       
    12.414810     0.506067    0.007845       
    12.475290     0.514935    0.024535       
    12.535780     0.518226    0.022760       
    12.596260     0.520309    0.012310       
    12.656750     0.522407    0.014143       
    12.717230     0.529282    0.018900       
    12.777710     0.541570    0.013403       
    12.838200     0.546352    0.011536       
    12.898680     0.558685    0.019591       
    12.959160     0.599260    0.021671       
    13.019650     0.636201    0.013352       
    13.080130     0.567533    0.019132       
    13.140610     0.514940    0.012344       
    13.201100     0.518608    0.014299       
    13.261580     0.520274    0.027823       
    13.322060     0.509897    0.010347       
    13.382550     0.508371    0.008244       
    13.443030     0.510155    0.011845       
    13.503520     0.513424    0.012319       
    13.564000     0.515423    0.023662       
    13.624480     0.518292    0.023383       
    13.684970     0.523821    0.010702       
    13.745450     0.528232    0.009737       
    13.805930     0.529038    0.008966       
    13.866420     0.525319    0.015923       
    13.926900     0.528374    0.010114       
    13.987380     0.530613    0.007904 
    14.069350     0.654503    0.007764       
    14.154030     0.649765    0.010712       
    14.238710     0.659255    0.005985       
    14.323380     0.661955    0.011668       
    14.408060     0.669167    0.006140       
    14.492740     0.701648    0.012064       
    14.577410     0.712100    0.012641       
    14.662090     0.676856    0.009177       
    14.746770     0.678591    0.014054       
    14.831450     0.675702    0.005872       
    14.916120     0.671583    0.010352       
    15.000800     0.690037    0.016449       
    15.085480     0.691096    0.013070       
    15.170150     0.700026    0.010730       
    15.254830     0.702598    0.012113       
    15.339510     0.703689    0.007584       
    15.424180     0.711499    0.004801       
    15.508860     0.722089    0.006422       
    15.593540     0.727984    0.005020       
    15.678210     0.749204    0.010967       
    15.762890     0.812664    0.008452       
    15.847570     0.851706    0.012063       
    15.932240     0.780635    0.008019       
    16.016920     0.776630    0.012839       
    16.101601     0.777789    0.008289       
    16.186279     0.795103    0.016058       
    16.270950     0.798796    0.006948       
    16.355631     0.802342    0.011325       
    16.440310     0.811673    0.010426       
    16.524981     0.840053    0.008011       
    16.609659     0.874047    0.059715       
    16.694340     0.912564    0.014163       
    16.779011     0.904257    0.009276       
    16.863689     0.892482    0.012129       
    16.948370     0.904029    0.008187       
    17.033039     0.902887    0.009437       
    17.117720     0.924787    0.024167       
    17.202400     0.949627    0.010338       
    17.287069     1.016881    0.014884       
    17.371750     0.994179    0.009518       
    17.456430     0.976068    0.014733       
    17.541109     0.979929    0.013061       
    17.625780     0.982211    0.012104       
    17.710461     0.988485    0.008860       
    17.795139     0.966955    0.010686       
    17.879810     0.945763    0.017285       
    17.964491     0.953728    0.017902       
    18.049170     0.954811    0.011420       
    18.133841     0.955610    0.011704       
    18.218519     0.955768    0.012993       
    18.303200     0.942065    0.010630       
    18.387871     0.948908    0.013112       
    18.472549     0.954374    0.012871       
    18.557230     0.959211    0.010853       
    18.641899     0.952771    0.012050       
    18.726580     0.934165    0.010379       
    18.811260     0.935960    0.010467       
    18.895941     0.957141    0.013593       
    18.980610     1.021813    0.016328       
    19.065290     1.088385    0.027551       
    19.149969     0.948893    0.012122       
    19.234640     0.933644    0.012546       
    19.319321     0.937596    0.014032       
    19.403999     0.938360    0.012041       
    19.488670     0.930643    0.011955       
    19.573351     0.949431    0.019541       
    19.658030     0.961270    0.028809       
    19.742701     0.949982    0.016509       
    19.827379     0.957391    0.028486       
    19.912060     0.969512    0.049331       
    19.996731     0.986996    0.018029       
    20.081409     0.992620    0.013197       
    20.166090     0.997142    0.012091       
    20.250771     0.999296    0.018961       
    20.335440     0.995303    0.019579       
    20.420120     0.990214    0.016315       
    20.504801     0.990445    0.013333           					  
    20.589470     0.984532    0.009503       
    20.758829     0.993324    0.012719       
    20.928181     0.994893    0.020950       
    21.097530     1.010328    0.008784       
    21.266890     1.032328    0.020723       
    21.436239     1.019635    0.022091  
    21.436239     1.036834    0.009615       
    21.605600     1.032680    0.013050       
    21.774950     1.047788    0.012931       
    21.944300     1.067612    0.011534       
    22.113661     1.073217    0.015206       
    22.283010     1.081760    0.031529       
    22.452360     1.086650    0.020736       
    22.621719     1.106233    0.020905       
    22.791071     1.116221    0.011288       
    22.960430     1.131208    0.007230       
    23.129780     1.140204    0.014604       
    23.299129     1.134195    0.017759       
    23.468491     1.137203    0.014743       
    23.637840     1.159744    0.011497       
    23.807190     1.166688    0.014252       
    23.976549     1.177859    0.066590       
    24.145901     1.195171    0.022478       
    24.315260     1.205915    0.014335       
    24.484610     1.204074    0.006401       
    24.653959     1.225210    0.012192       
    24.823320     1.227031    0.016961       
    24.992670     1.222746    0.007744       
    25.162020     1.250488    0.010430       
    25.331381     1.260703    0.015417       
    25.500731     1.263385    0.009231       
    25.670090     1.254089    0.026965       
    25.839439     1.260604    0.029236       
    26.008789     1.305388    0.038418       
    26.178150     1.487292    0.024926       
    26.347500     1.558947    0.035584       
    26.516850     1.388697    0.027889       
    26.686211     1.327464    0.029281       
    26.855560     1.355952    0.031630       
    27.024920     1.374517    0.027115       
    27.194269     1.387169    0.009927       
    27.363621     1.404378    0.008553       
    27.532980     1.415615    0.013499       
    27.702330     1.414926    0.012491       
    27.871679     1.436245    0.010302       
    28.041040     1.451423    0.018803       
    28.210390     1.475229    0.024380       
    28.379749     1.472070    0.015222       
    28.549101     1.493124    0.010724       
    28.718451     1.499494    0.074138       
    28.887810     1.508211    0.018354       
    29.057159     1.531041    0.016470       
    29.226509     1.530085    0.024714       
    29.395870     1.558797    0.016887       
    29.565220     1.565880    0.025660       
    29.734579     1.574080    0.019827       
    29.903931     1.590915    0.077377       
    30.073280     1.612059    0.013239       
    30.242640     1.620464    0.017658       
    30.411989     1.630802    0.020230       
    30.581341     1.640516    0.023932       
    30.750700     1.678594    0.015459       
    30.920050     1.689288    0.030446       
    31.089411     1.705950    0.014465       
    31.258760     1.719575    0.027792       
    31.428110     1.749117    0.026189       
    31.597469     1.758551    0.016451       
    31.766821     1.776872    0.026029       
    31.936171     1.777854    0.023585       
    32.105530     1.789538    0.030406       
    32.274879     1.804396    0.019567       
    32.444241     1.858306    0.022034       
    32.613590     1.900190    0.029697       
    32.782940     1.904003    0.025168       
    32.952301     1.927520    0.029990       
    33.121651     1.947799    0.033309       
    33.291000     2.005464    0.047775       
    33.460361     2.069537    0.056578       
    33.629711     2.086491    0.035930       
    33.799068     2.154982    0.045604       
    33.968418     2.395604    0.038087       
    34.137772     2.209577    0.035580       
    34.307129     2.153902    0.036640       
    34.476479     2.133039    0.057369       
    34.645828     2.139516    0.058343       
    34.815189     2.127005    0.061185       
    34.984539     2.114587    0.058833       
    35.153900     2.408828    0.058711       
    35.323250     2.856426    0.053464       
    35.492599     2.770623    0.070878       
    35.661961     2.277437    0.081747       
    35.831310     2.169822    0.052348       
    36.000660     2.185601    0.047911       
    36.170021     2.261757    0.138348       
    36.339371     2.229267    0.070909       
    36.508732     2.269326    0.067538       
    36.678082     2.295261    0.065233       
    36.847431     2.203141    0.050331       
    37.016788     2.239678    0.105417       
    37.186138     2.434529    0.165551       
    37.355492     2.245615    0.106336      