5.24749		0.094876	0.003962
5.27773		0.093685	0.006359
5.30797		0.091398	0.00456
5.33821		0.093824	0.003653
5.36846		0.095246	0.004181
5.3987		0.099886	0.004388
5.42894		0.109524	0.003682
5.45918		0.104619	0.003897
5.48942		0.099387	0.003114
5.51967		0.101061	0.002972
5.54991		0.100431	0.002576
5.58015		0.104952	0.004032
5.61039		0.117977	0.004261
5.64063		0.106255	0.006546
5.67088		0.103919	0.002747
5.70112		0.10462		0.00322
5.73136		0.10609		0.003593
5.7616		0.107838	0.003692
5.79184		0.112234	0.006368
5.82209		0.114281	0.011031
5.85233		0.112929	0.003745
5.88257		0.114298	0.004026
5.91281		0.116364	0.011169
5.94305		0.117573	0.006693
5.9733		0.11925		0.004261
6.00354		0.121006	0.003594
6.03378		0.120721	0.003643
6.06402		0.12033		0.003727
6.09426		0.124005	0.003992
6.12451		0.125994	0.003582
6.15475		0.124844	0.00331
6.18499		0.128553	0.004658
6.21523		0.13787		0.003989
6.24547		0.136653	0.004217
6.27572		0.136078	0.00351
6.30596		0.139578	0.003929
6.3362		0.13772		0.004358
6.36644		0.137792	0.003719
6.39668		0.141335	0.003404
6.42693		0.141104	0.004725
6.45717		0.141387	0.003448
6.48741		0.142578	0.003864
6.51765		0.143727	0.003781
6.54789		0.146149	0.004181
6.57814		0.146362	0.00686
6.60838		0.147855	0.006726
6.63862		0.147511	0.007638
6.66886		0.148926	0.00464
6.6991		0.15111		0.005074
6.72935		0.151831	0.003623
6.75959		0.15799		0.004639
6.78983		0.155595	0.004973
6.82007		0.15583		0.004748
6.85031		0.159937	0.003976
6.88056		0.160703	0.005043
6.9108		0.163795	0.004827
6.94104		0.164283	0.005604
6.97128		0.164643	0.003853
7.00152		0.181906	0.006567
7.03177		0.209663	0.006031
7.06201		0.189743	0.008153
7.09225		0.199994	0.006009
7.12249		0.207308	0.005488
7.15273		0.187663	0.005482
7.18298		0.182527	0.004389
7.21322		0.185019	0.004762
7.24346		0.186403	0.005042
7.2737		0.192244	0.005394
7.30394		0.194396	0.007602
7.33419		0.196326	0.007888
7.36443		0.194162	0.005603
7.39467		0.198086	0.005447
7.42491		0.199594	0.009549
7.45515		0.200335	0.007366
7.4854		0.203355	0.006439
7.45515		0.197867	0.004866
7.51564		0.204792	0.009584
7.57612		0.20019		0.006484
7.6366		0.205817	0.004865
7.69709		0.211001	0.005244
7.75757		0.21674		0.006188
7.81805		0.222083	0.005735
7.87854		0.226134	0.005558
7.93902		0.229223	0.005059
7.99951		0.23338		0.005071
8.05999		0.239248	0.007588
8.12047		0.248507	0.016326
8.18096		0.259505	0.006043
8.24144		0.256552	0.00426
8.30192		0.255043	0.005033
8.36241		0.262553	0.007385
8.42289		0.265845	0.006841
8.48337		0.272985	0.004418
8.54386		0.281247	0.007203
8.60434		0.285023	0.006269
8.66483		0.292379	0.009979
8.72531		0.300085	0.00626
8.78579		0.308057	0.006739
8.84628		0.31213		0.010551
8.90676		0.320023	0.004997
8.96724		0.329535	0.006355
9.02773		0.33921		0.007126
9.08821		0.349246	0.006725
9.14869		0.364033	0.007981
9.20918		0.370903	0.005575
9.26966		0.381807	0.008703
9.33015		0.392716	0.012388
9.39063		0.405197	0.005711
9.45111		0.421445	0.004763
9.5116		0.438712	0.016839
9.57208		0.450723	0.007392
9.63256		0.466767	0.007739
9.69305		0.484616	0.006017
9.75353		0.506531	0.004822
9.81401		0.546432	0.007686
9.8745		0.554487	0.005648
9.93498		0.543005	0.007262
9.99547		0.55149		0.007382
10.05595	0.567897	0.008443
10.11643	0.579704	0.0239
10.17692	0.590728	0.00749
10.2374		0.603464	0.007183
10.29788	0.612602	0.008824
10.35837	0.624067	0.017815
10.41885	0.633864	0.022312
10.47933	0.648645	0.006607
10.53982	0.656344	0.006665
10.6003		0.668837	0.006861
10.66079	0.683273	0.007194
10.72127	0.695221	0.005134
10.78175	0.702128	0.006204
10.84224	0.712689	0.005907
10.90272	0.720694	0.017431
10.9632		0.727943	0.014224
11.02369	0.736988	0.006386
11.08417	0.741634	0.014574
11.14465	0.751077	0.007035
11.20514	0.755816	0.008084
11.26562	0.763905	0.00853
11.32611	0.778689	0.022059
11.38659	0.798371	0.006664
11.44707	0.81701		0.008099
11.50756	0.81795		0.008194
11.56804	0.815416	0.007982
11.62852	0.808556	0.018579
11.68901	0.808531	0.008646
11.74949	0.807838	0.007506
11.80997	0.804246	0.011073
11.87046	0.798262	0.009758
11.93094	0.810796	0.008652
11.99143	0.823584	0.009675
12.05191	0.828085	0.009641
12.11239	0.830919	0.020329
12.17288	0.838579	0.016099
12.23336	0.840625	0.009375
12.29384	0.844586	0.010327
12.35433	0.845973	0.009844
12.41481	0.856498	0.0091
12.47529	0.87241		0.011185
12.53578	0.875541	0.00905
12.59626	0.871005	0.009645
12.65675	0.865915	0.009369
12.71723	0.87666		0.009685
12.77771	0.884793	0.009595
12.8382		0.894032	0.010458
12.89868	0.904287	0.009614
12.95916	0.948686	0.018796
13.01965	1.079719	0.019675
13.08013	1.08373		0.0114
13.14061	0.938977	0.01177
13.2011		0.92582		0.01224
13.26158	0.927395	0.013956
13.32206	0.933401	0.009049
13.38255	0.940176	0.008124
13.44303	0.946454	0.009788
13.50352	0.957731	0.008724
13.564		0.969964	0.011268
13.62448	0.974572	0.010816
13.68497	0.990567	0.009444
13.74545	1.005041	0.034152
13.80593	1.019037	0.011703
13.86642	1.027022	0.013607
13.9269		1.042331	0.012186
13.98738	1.055362	0.016512
14.06935	1.151836	0.016553
14.15403	1.172747	0.014268
14.23871	1.189137	0.018424
14.32338	1.200496	0.010054
14.40806	1.226608	0.009827
14.49274	1.25343		0.014803
14.57741	1.269514	0.012508
14.66209	1.286347	0.010544
14.74677	1.304404	0.044883
14.83145	1.315208	0.036088
14.91612	1.322559	0.010019
15.0008		1.353575	0.008289
15.08548	1.381024	0.010334
15.17015	1.39837		0.014154
15.25483	1.414583	0.013802
15.33951	1.434524	0.05759
15.42418	1.464094	0.015683
15.50886	1.488401	0.012915
15.59354	1.512664	0.016759
15.67821	1.53953		0.016182
15.76289	1.642588	0.011064
15.84757	1.719179	0.039241
15.93224	1.632128	0.039265
16.01692	1.626991	0.023964
16.101601	1.64585		0.030369
16.186279	1.676852	0.015627
16.27095	1.699732	0.019271
16.355631	1.707696	0.012354
16.44031	1.751586	0.015247
16.524981	1.780974	0.015544
16.609659	1.804076	0.020099
16.69434	1.819937	0.014728
16.779011	1.83344		0.013498
16.863689	1.856881	0.01353
16.94837	1.873007	0.014103
17.033039	1.885031	0.04288
17.11772	1.902851	0.012087
17.2024		1.919079	0.013576
17.287069	2.029706	0.019296
17.37175	2.051632	0.040707
17.45643	2.003723	0.058568
17.541109	2.008463	0.016606
17.62578	2.003872	0.022397
17.710461	2.038859	0.01406
17.795139	2.039039	0.023121
17.87981	2.05583		0.033899
17.964491	2.066201	0.032921
18.04917	2.094475	0.020657
18.133841	2.117393	0.032321
18.218519	2.158439	0.025464
18.3032		2.154627	0.04015
18.387871	2.165832	0.032786
18.472549	2.174214	0.02201
18.55723	2.187099	0.028593
18.641899	2.212239	0.02892
18.72658	2.235851	0.041974
18.81126	2.265822	0.035992
18.895941	2.312143	0.030059
18.98061	2.329823	0.043276
19.06529	2.35256		0.057558
19.149969	2.323544	0.036848
19.23464	2.310634	0.037438
19.319321	2.318071	0.018225
19.403999	2.298257	0.041112
19.48867	2.34035		0.024283
19.573351	2.366425	0.024751
19.65803	2.356509	0.03695
19.742701	2.379131	0.018648
19.827379	2.396531	0.024672
19.91206	2.40651		0.070851
19.996731	2.427843	0.033585
20.081409	2.435972	0.024741
20.16609	2.448184	0.021499
20.250771	2.468309	0.027607
20.33544	2.470589	0.037442
20.42012	2.450468	0.03673
20.504801	2.455609	0.038486
20.58947	2.424104	0.019525
20.758829	2.465095	0.022563
20.928181	2.511679	0.025041
21.09753	2.52958		0.04812
21.26689	2.587454	0.035475
21.436239	2.544042	0.028337
21.6056		2.622471	0.01721
21.77495	2.6574		0.02781
21.9443		2.710026	0.022328
22.113661	2.733944	0.084447
22.28301	2.762631	0.137561
22.45236	2.798656	0.021198
22.621719	2.834876	0.023153
22.791071	2.859004	0.01664
22.96043	2.866851	0.017386
23.12978	2.895685	0.0234
23.299129	2.931159	0.159267
23.468491	2.941719	0.085826
23.63784	2.975062	0.017498
23.80719	3.027191	0.027861
23.976549	3.026492	0.048175
24.145901	3.022568	0.034409
24.31526	3.046315	0.031163
24.48461	3.056298	0.025016
24.653959	3.106901	0.019795
24.82332	3.126044	0.039376
24.99267	3.151125	0.027636
25.16202	3.169191	0.019299
25.331381	3.164607	0.026977
25.500731	3.190132	0.021807
25.67009	3.252089	0.027735
25.839439	3.260802	0.014175
26.008789	3.291075	0.040013
26.17815	3.308087	0.013123
26.3475		3.400628	0.021699
26.51685	3.39424		0.022851
26.686211	3.385482	0.024077
26.85556	3.425282	0.062975
27.02492	3.438497	0.101828
27.194269	3.471598	0.016198
27.363621	3.498568	0.01935
27.53298	3.508497	0.024658
27.70233	3.517836	0.046053
27.871679	3.563138	0.018499
28.04104	3.587692	0.030179
28.21039	3.669434	0.044014
28.379749	3.620482	0.035152
28.549101	3.644122	0.016657
28.718451	3.667432	0.057533
28.88781	3.675984	0.016879
29.057159	3.693643	0.023221
29.226509	3.694041	0.034969
29.39587	3.732943	0.037065
29.56522	3.744885	0.042855
29.734579	3.779137	0.019481
29.903931	3.837317	0.039121
30.07328	3.847476	0.045906
30.24264	3.826147	0.016615
30.411989	3.849192	0.017716
30.581341	3.85279		0.05048
30.7507		3.938144	0.051245
30.92005	3.925544	0.032612
31.089411	3.969857	0.032772
31.25876	3.97929		0.057209
31.42811	4.019749	0.033506
31.597469	4.052599	0.042596
31.766821	4.054259	0.168922
31.936171	4.051764	0.029031
32.10553	4.06358		0.027807
32.274879	4.093689	0.035694
32.444241	4.165088	0.040287
32.61359	4.201478	0.076245
32.78294	4.225093	0.027976
32.952301	4.252467	0.034479
33.121651	4.249536	0.029695
33.291		4.374716	0.032715
33.460361	4.369525	0.094884
33.629711	4.375175	0.356596
33.799068	4.458298	0.326296
33.968418	4.601882	0.051955
34.137772	4.522146	0.04027
34.307129	4.576956	0.04121
34.476479	4.561201	0.247514
34.645828	4.479824	0.039548
34.815189	4.509842	0.068946
34.984539	4.569061	0.081931
35.1539		4.707431	0.098564
35.32325	4.983031	0.052346
35.492599	5.402437	0.095176
35.661961	4.847005	0.084077
35.83131	4.590165	0.06334
36.00066	4.669154	0.065543
36.170021	4.601949	0.462165
36.339371	4.55003		0.059489
36.508732	4.455792	0.244078
36.678082	4.565187	0.148626
36.847431	4.512081	0.084939
37.016788	4.574036	0.159147
37.186138	4.956251	0.28976
37.355492	4.605183	0.24778


