5.24749		0.017887	0.001503
5.27773		0.018797	0.002229
5.30797		0.018894	0.0011
5.33821		0.019128	0.001188
5.36846		0.021		0.000952
5.3987		0.020604	0.001517
5.42894		0.019057	0.001207
5.45918		0.020462	0.001124
5.48942		0.020236	0.001361
5.51967		0.021129	0.001448
5.54991		0.021483	0.001474
5.58015		0.020678	0.001234
5.61039		0.021795	0.000869
5.64063		0.025085	0.001504
5.67088		0.023256	0.001618
5.70112		0.021376	0.000965
5.73136		0.020664	0.001292
5.7616		0.02077		0.001133
5.79184		0.02138		0.002245
5.82209		0.021188	0.000891
5.85233		0.021282	0.001355
5.88257		0.022853	0.001405
5.91281		0.022375	0.000818
5.94305		0.02384		0.000853
5.9733		0.024039	0.00107
6.00354		0.024372	0.00103
6.03378		0.024708	0.001725
6.06402		0.025475	0.001211
6.09426		0.024875	0.002253
6.12451		0.025451	0.002642
6.15475		0.026864	0.001016
6.18499		0.027062	0.002948
6.21523		0.029038	0.00115
6.24547		0.029082	0.001103
6.27572		0.029527	0.001199
6.30596		0.028325	0.001678
6.3362		0.028571	0.001105
6.36644		0.027256	0.001735
6.39668		0.027066	0.001313
6.42693		0.027091	0.001396
6.45717		0.025483	0.000956
6.48741		0.026107	0.001773
6.51765		0.027162	0.00132
6.54789		0.026236	0.001651
6.57814		0.027386	0.001261
6.60838		0.027399	0.002052
6.63862		0.027832	0.0018
6.66886		0.027457	0.005966
6.6991		0.028588	0.001755
6.72935		0.028029	0.002462
6.75959		0.028745	0.002058
6.78983		0.029725	0.001163
6.82007		0.028107	0.002611
6.85031		0.030096	0.002792
6.88056		0.030248	0.002939
6.9108		0.03067		0.002273
6.94104		0.032765	0.001753
6.97128		0.03042		0.002017
7.00152		0.032816	0.002399
7.03177		0.037379	0.001786
7.06201		0.034005	0.002246
7.09225		0.032922	0.001974
7.12249		0.035002	0.001555
7.15273		0.035032	0.001388
7.18298		0.035837	0.001504
7.21322		0.035073	0.004119
7.24346		0.0341		0.001745
7.2737		0.033959	0.001815
7.30394		0.034728	0.001938
7.33419		0.036595	0.001924
7.36443		0.03556		0.003304
7.39467		0.03527		0.002021
7.42491		0.036704	0.002452
7.45515		0.038344	0.002296
7.4854		0.041376	0.002117
7.45515		0.041272	0.001092
7.51564		0.042086	0.001622
7.57612		0.041289	0.001551
7.6366		0.047124	0.006617
7.69709		0.063892	0.001343
7.75757		0.050072	0.0031
7.81805		0.04507		0.001906
7.87854		0.045392	0.002127
7.93902		0.045136	0.002521
7.99951		0.04387		0.004971
8.05999		0.042131	0.005179
8.12047		0.039837	0.006877
8.18096		0.038079	0.002351
8.24144		0.03742		0.002781
8.30192		0.039575	0.000981
8.36241		0.039799	0.002084
8.42289		0.038723	0.007315
8.48337		0.03883		0.002691
8.54386		0.039072	0.002399
8.60434		0.040282	0.002336
8.66483		0.039553	0.002567
8.72531		0.037807	0.002638
8.78579		0.037858	0.0073
8.84628		0.035871	0.003614
8.90676		0.036024	0.002392
8.96724		0.035868	0.005005
9.02773		0.038264	0.005928
9.08821		0.038891	0.002516
9.14869		0.034598	0.004154
9.20918		0.034333	0.004148
9.26966		0.034506	0.003119
9.33015		0.034422	0.001061
9.39063		0.034673	0.004138
9.45111		0.034467	0.005894
9.5116		0.036035	0.005448
9.57208		0.037793	0.003039
9.63256		0.03731		0.003355
9.69305		0.039967	0.003172
9.75353		0.038517	0.006299
9.81401		0.037759	0.003079
9.8745		0.037845	0.004332
9.93498		0.039365	0.005626
9.99547		0.040485	0.005794
10.05595	0.041574	0.009106
10.11643	0.042277	0.008853
10.17692	0.042625	0.003102
10.2374		0.043474	0.006277
10.29788	0.045205	0.002398
10.35837	0.046995	0.002857
10.41885	0.048994	0.003045
10.47933	0.056608	0.008242
10.53982	0.08693		0.009982
10.6003		0.08418		0.009883
10.66079	0.059149	0.001179
10.72127	0.054317	0.005909
10.78175	0.055222	0.008473
10.84224	0.056096	0.004258
10.90272	0.056372	0.007807
10.9632		0.058096	0.006568
11.02369	0.059436	0.01149
11.08417	0.060199	0.004744
11.14465	0.064273	0.004728
11.20514	0.072072	0.012652
11.26562	0.081642	0.013341
11.32611	0.086379	0.00487
11.38659	0.084565	0.012662
11.44707	0.08129		0.013854
11.50756	0.08206		0.005247
11.56804	0.07902		0.004781
11.62852	0.078807	0.005583
11.68901	0.08038		0.005412
11.74949	0.079437	0.011628
11.80997	0.081966	0.005475
11.87046	0.083225	0.008355
11.93094	0.083715	0.007353
11.99143	0.0852		0.005274
12.05191	0.08918		0.004827
12.11239	0.088991	0.00895
12.17288	0.090181	0.010394
12.23336	0.091167	0.005495
12.29384	0.094691	0.013969
12.35433	0.09815		0.005596
12.41481	0.099772	0.007953
12.47529	0.099693	0.010727
12.53578	0.10107		0.00567
12.59626	0.103841	0.013094
12.65675	0.105873	0.016065
12.71723	0.106833	0.00515
12.77771	0.109937	0.012471
12.8382		0.126701	0.006474
12.89868	0.133474	0.014195
12.95916	0.118698	0.002373
13.01965	0.107971	0.006315
13.08013	0.108445	0.006626
13.14061	0.10835		0.00569
13.2011		0.109278	0.005798
13.26158	0.106205	0.007901
13.32206	0.106745	0.008778
13.38255	0.108703	0.006195
13.44303	0.110016	0.005952
13.50352	0.111384	0.007872
13.564		0.11462		0.007944
13.62448	0.11516		0.022379
13.68497	0.115153	0.015742
13.74545	0.115001	0.008492
13.80593	0.1189		0.012949
13.86642	0.119589	0.01467
13.9269		0.122544	0.008912
13.98738	0.127587	0.009947
14.06935	0.149001	0.008468
14.15403	0.156278	0.028065
14.23871	0.158176	0.006576
14.32338	0.197223	0.006857
14.40806	0.23896		0.006755
14.49274	0.19649		0.00224
14.57741	0.163748	0.001945
14.66209	0.166787	0.002556
14.74677	0.170045	0.004012
14.83145	0.170367	0.004081
14.91612	0.170518	0.002886
15.0008		0.168877	0.002548
15.08548	0.172157	0.002311
15.17015	0.173521	0.004714
15.25483	0.174041	0.004893
15.33951	0.173403	0.002541
15.42418	0.173479	0.001872
15.50886	0.198321	0.002588
15.59354	0.265298	0.00515
15.67821	0.279625	0.002157
15.76289	0.199894	0.002181
15.84757	0.18617		0.002604
15.93224	0.192642	0.015237
16.01692	0.189182	0.002885
16.101601	0.193559	0.003709
16.186279	0.193643	0.003747
16.27095	0.195115	0.005165
16.355631	0.193144	0.003827
16.44031	0.198019	0.002893
16.524981	0.203485	0.00283
16.609659	0.208873	0.004014
16.69434	0.211486	0.00366
16.779011	0.210304	0.002347
16.863689	0.2102		0.004731
16.94837	0.21064		0.002864
17.033039	0.217139	0.003476
17.11772	0.2291		0.003727
17.2024		0.226103	0.003439
17.287069	0.219681	0.007576
17.37175	0.22002		0.003313
17.45643	0.222354	0.003334
17.541109	0.221124	0.002952
17.62578	0.219094	0.002714
17.710461	0.218379	0.00338
17.795139	0.21848		0.005023
17.87981	0.21889		0.007019
17.964491	0.21936		0.003737
18.04917	0.21573		0.003636
18.133841	0.215952	0.003512
18.218519	0.214585	0.004867
18.3032		0.217957	0.003
18.387871	0.217809	0.011887
18.472549	0.216723	0.006921
18.55723	0.218365	0.00265
18.641899	0.221246	0.005526
18.72658	0.254543	0.003587
18.81126	0.290016	0.004812
18.895941	0.256134	0.004899
18.98061	0.228744	0.002814
19.06529	0.225855	0.002656
19.149969	0.224302	0.004775
19.23464	0.224658	0.00392
19.319321	0.226622	0.008933
19.403999	0.229501	0.006721
19.48867	0.225643	0.004321
19.573351	0.229792	0.005378
19.65803	0.237442	0.004098
19.742701	0.232635	0.005712
19.827379	0.226803	0.004053
19.91206	0.226043	0.003162
19.996731	0.231431	0.005703
20.081409	0.2367		0.005806
20.16609	0.231521	0.004455
20.250771	0.234293	0.003417
20.33544	0.239111	0.008009
20.42012	0.250168	0.005662
20.58947	0.237009	0.006392
20.758829	0.235126	0.003785
20.928181	0.242158	0.00843
21.09753	0.25225		0.00542
21.26689	0.257095	0.006307
21.436239	0.259007	0.00465
21.6056		0.261016	0.00282
21.77495	0.267514	0.002997
21.9443		0.265183	0.003849
22.113661	0.265989	0.006834
22.28301	0.269829	0.004329
22.45236	0.276947	0.003466
22.621719	0.282104	0.006041
22.791071	0.283782	0.00499
22.96043	0.294711	0.002865
23.12978	0.290242	0.005369
23.299129	0.295447	0.003882
23.468491	0.294212	0.003198
23.63784	0.300297	0.004882
23.80719	0.304694	0.006221
23.976549	0.311805	0.006838
24.145901	0.316477	0.003208
24.31526	0.348827	0.004982
24.48461	0.36631		0.006061
24.653959	0.338798	0.002884
24.82332	0.320607	0.007155
24.99267	0.324483	0.002594
25.16202	0.322073	0.007691
25.331381	0.327417	0.002382
25.500731	0.338039	0.033616
25.67009	0.327163	0.004125
25.839439	0.408369	0.003444
26.008789	0.628594	0.003921
26.17815	0.447233	0.009921
26.3475		0.351437	0.01468
26.51685	0.337161	0.005464
26.686211	0.340568	0.005421
26.85556	0.346709	0.005851
27.02492	0.351085	0.006122
27.194269	0.354053	0.008266
27.363621	0.360971	0.004996
27.53298	0.368576	0.00301
27.70233	0.370755	0.004228
27.871679	0.377064	0.006114
28.04104	0.372743	0.005485
28.21039	0.37539		0.013421
28.379749	0.379264	0.004865
28.549101	0.382744	0.005879
28.718451	0.387374	0.002581
28.88781	0.388347	0.004463
29.057159	0.392517	0.01688
29.226509	0.396017	0.025239
29.39587	0.40293		0.005073
29.56522	0.404634	0.008426
29.734579	0.40856		0.01621
29.903931	0.409564	0.004046
30.07328	0.41223		0.004859
30.24264	0.417783	0.005158
30.411989	0.418655	0.004755
30.581341	0.420563	0.006695
30.7507		0.427227	0.006622
30.92005	0.436173	0.005132
31.089411	0.43785		0.008038
31.25876	0.433842	0.00609
31.42811	0.437968	0.007873
31.597469	0.444216	0.00889
31.766821	0.452402	0.009745
31.936171	0.453417	0.00775
32.10553	0.456706	0.010514
32.274879	0.46859		0.011523
32.444241	0.47227		0.025654
32.61359	0.482497	0.009981
32.78294	0.482478	0.004462
32.952301	0.479245	0.009872
33.121651	0.485491	0.012906
33.291		0.511886	0.020039
33.460361	0.589792	0.018527
33.629711	0.703015	0.023091
33.799068	0.513364	0.05714
33.968418	0.546744	0.027867
34.137772	0.509769	0.023088
34.307129	0.50834		0.007306
34.476479	0.49712		0.028441
34.645828	0.529486	0.030212
34.815189	0.653841	0.038115
34.984539	0.709859	0.009157
35.1539		0.608919	0.033002
35.32325	0.504989	0.014833
35.492599	0.548392	0.021542
35.661961	0.550201	0.015943
35.83131	0.509028	0.042944
36.00066	0.564541	0.045674
36.170021	0.54618		0.017661
36.339371	0.53426		0.02414
36.508732	0.536317	0.019399
36.678082	0.536851	0.011956
36.847431	0.534364	0.024463
37.016788	0.552279	0.014849
37.186138	0.576378	0.039674
37.355492	0.552657	0.050248


