5.24749		0.193744	0.004834
5.27773		0.193783	0.015302
5.30797		0.191754	0.005072
5.33821		0.194934	0.004382
5.36846		0.196871	0.003913
5.3987		0.202141	0.007808
5.42894		0.20234		0.004622
5.45918		0.205677	0.005452
5.48942		0.20486		0.004129
5.51967		0.202765	0.005061
5.54991		0.205077	0.008144
5.58015		0.20381		0.004369
5.61039		0.206441	0.009749
5.64063		0.207787	0.012167
5.67088		0.211546	0.005232
5.70112		0.215297	0.00805
5.73136		0.21712		0.003318
5.7616		0.218242	0.003997
5.79184		0.220153	0.004115
5.82209		0.231446	0.004669
5.85233		0.233006	0.004116
5.88257		0.229713	0.003523
5.91281		0.229699	0.004
5.94305		0.231906	0.004827
5.9733		0.231957	0.004491
6.00354		0.229393	0.003607
6.03378		0.226457	0.003287
6.06402		0.225436	0.003296
6.09426		0.225553	0.004069
6.12451		0.227857	0.003216
6.15475		0.229658	0.004557
6.18499		0.230061	0.004553
6.21523		0.226993	0.004036
6.24547		0.230281	0.003104
6.27572		0.233636	0.003516
6.30596		0.236654	0.009608
6.3362		0.23774		0.004289
6.36644		0.24139		0.003505
6.39668		0.253014	0.003607
6.42693		0.269165	0.004813
6.45717		0.282293	0.004784
6.48741		0.290309	0.004823
6.51765		0.288173	0.00466
6.54789		0.275487	0.005036
6.57814		0.269036	0.004392
6.60838		0.265607	0.005974
6.63862		0.263686	0.003734
6.66886		0.261944	0.004726
6.6991		0.261602	0.005542
6.72935		0.258658	0.004551
6.75959		0.260992	0.005111
6.78983		0.265592	0.004993
6.82007		0.267827	0.005398
6.85031		0.27051		0.008798
6.88056		0.272511	0.004721
6.9108		0.27538		0.004851
6.94104		0.278863	0.005371
6.97128		0.279266	0.004765
7.00152		0.282971	0.006688
7.03177		0.282209	0.006267
7.06201		0.281231	0.005788
7.09225		0.282313	0.01352
7.12249		0.280685	0.011808
7.15273		0.28484		0.005749
7.18298		0.295934	0.004984
7.21322		0.301888	0.005405
7.24346		0.302755	0.006821
7.2737		0.323334	0.012372
7.30394		0.329021	0.007336
7.33419		0.314203	0.008517
7.36443		0.318073	0.00702
7.39467		0.321989	0.006295
7.42491		0.326974	0.0057
7.45515		0.328851	0.005151
7.4854		0.329178	0.008927
7.45515		0.313751	0.004413
7.51564		0.317173	0.003994
7.57612		0.328688	0.006633
7.6366		0.343368	0.005946
7.69709		0.362831	0.006988
7.75757		0.386844	0.008953
7.81805		0.408666	0.009376
7.87854		0.441976	0.004999
7.93902		0.490824	0.005274
7.99951		0.481571	0.005327
8.05999		0.459966	0.024716
8.12047		0.468615	0.009577
8.18096		0.471943	0.009396
8.24144		0.463157	0.021379
8.30192		0.45639		0.019996
8.36241		0.447159	0.021052
8.42289		0.440848	0.017423
8.48337		0.433678	0.01741
8.54386		0.431709	0.017353
8.60434		0.432677	0.017289
8.66483		0.431862	0.048603
8.72531		0.428185	0.029908
8.78579		0.425796	0.017772
8.84628		0.427449	0.047059
8.90676		0.430507	0.032938
8.96724		0.435132	0.035871
9.02773		0.422565	0.015743
9.08821		0.406486	0.015966
9.14869		0.394652	0.015275
9.20918		0.383021	0.034075
9.26966		0.37658		0.022699
9.33015		0.376849	0.028033
9.39063		0.375362	0.030478
9.45111		0.364349	0.015431
9.5116		0.362307	0.015431
9.57208		0.363612	0.014318
9.63256		0.361777	0.015361
9.69305		0.359958	0.016285
9.75353		0.35425		0.011692
9.81401		0.367956	0.016944
9.8745		0.372397	0.047307
9.93498		0.372636	0.017616
9.99547		0.369295	0.017315
10.05595	0.384382	0.018587
10.11643	0.384853	0.032498
10.17692	0.380607	0.024593
10.2374		0.388112	0.017241
10.29788	0.393979	0.018367
10.35837	0.401809	0.053898
10.41885	0.407062	0.017703
10.47933	0.413359	0.017565
10.53982	0.419534	0.017686
10.6003		0.424838	0.045591
10.66079	0.427815	0.052948
10.72127	0.435282	0.018249
10.78175	0.441762	0.048304
10.84224	0.452078	0.018916
10.90272	0.473365	0.058445
10.9632		0.487866	0.021398
11.02369	0.476718	0.061351
11.08417	0.476509	0.022367
11.14465	0.482433	0.022038
11.20514	0.491294	0.053919
11.26562	0.495417	0.021221
11.32611	0.502916	0.021183
11.38659	0.508694	0.022351
11.44707	0.523546	0.021771
11.50756	0.537152	0.022222
11.56804	0.55303		0.024462
11.62852	0.59931		0.022938
11.68901	0.66586		0.050466
11.74949	0.685611	0.027233
11.80997	0.661401	0.02698
11.87046	0.638429	0.026411
11.93094	0.636515	0.073214
11.99143	0.633039	0.027261
12.05191	0.637061	0.073073
12.11239	0.639496	0.072703
12.17288	0.642413	0.050184
12.23336	0.654573	0.050098
12.29384	0.663866	0.073391
12.35433	0.680012	0.080109
12.41481	0.69944		0.028805
12.47529	0.716263	0.076014
12.53578	0.729748	0.074809
12.59626	0.745626	0.032546
12.65675	0.760319	0.032171
12.71723	0.774629	0.098052
12.77771	0.79884		0.100106
12.8382		0.8198		0.097796
12.89868	0.83802		0.09302
12.95916	0.855464	0.091117
13.01965	0.877126	0.090131
13.08013	0.900531	0.036051
13.14061	0.919197	0.115035
13.2011		0.935488	0.07713
13.26158	0.962891	0.073363
13.32206	1.036064	0.077808
13.38255	1.063648	0.039305
13.44303	0.960071	0.068132
13.50352	0.940429	0.037738
13.564		0.946573	0.041851
13.62448	0.952008	0.039282
13.68497	0.961458	0.036608
13.74545	0.971332	0.037111
13.80593	0.980236	0.107613
13.86642	0.983943	0.106337
13.9269		0.992026	0.039704
13.98738	0.999431	0.035828
14.06935	1.026959	0.012631
14.15403	1.050838	0.033076
14.23871	1.055136	0.033265
14.32338	1.045112	0.00958
14.40806	1.066113	0.013904
14.49274	1.074759	0.007984
14.57741	1.082895	0.010608
14.66209	1.089594	0.013865
14.74677	1.117182	0.007326
14.83145	1.190335	0.011115
14.91612	1.240037	0.034511
15.0008		1.174195	0.015711
15.08548	1.172845	0.011617
15.17015	1.171746	0.01605
15.25483	1.186347	0.013667
15.33951	1.184035	0.011802
15.42418	1.19929		0.014004
15.50886	1.207018	0.009413
15.59354	1.216009	0.011608
15.67821	1.218994	0.013041
15.76289	1.232471	0.007988
15.84757	1.240456	0.043442
15.93224	1.238884	0.046537
16.01692	1.241437	0.049802
16.101601	1.241318	0.050471
16.186279	1.347572	0.053611
16.27095	1.297897	0.018431
16.355631	1.242895	0.015893
16.44031	1.238873	0.016609
16.524981	1.256999	0.016283
16.609659	1.270132	0.017091
16.69434	1.267896	0.009451
16.779011	1.266845	0.01203
16.863689	1.275612	0.012741
16.94837	1.287537	0.011031
17.033039	1.303921	0.01157
17.11772	1.326411	0.010912
17.2024		1.334123	0.010432
17.287069	1.342484	0.035197
17.37175	1.356778	0.016878
17.45643	1.359769	0.010201
17.541109	1.366874	0.012449
17.62578	1.37697		0.009076
17.710461	1.423871	0.013647
17.795139	1.434407	0.016918
17.87981	1.424147	0.018441
17.964491	1.443791	0.015748
18.04917	1.452906	0.013501
18.133841	1.463215	0.018629
18.218519	1.469227	0.029892
18.3032		1.469962	0.013783
18.387871	1.509099	0.013668
18.472549	1.517893	0.023906
18.55723	1.520691	0.01551
18.641899	1.545708	0.015187
18.72658	1.548577	0.015167
18.81126	1.567012	0.015033
18.895941	1.602852	0.025819
18.98061	1.604123	0.053664
19.06529	1.603444	0.079317
19.149969	1.621785	0.043603
19.23464	1.624835	0.057437
19.319321	1.642928	0.015192
19.403999	1.656342	0.023257
19.48867	1.717434	0.031176
19.573351	1.7184		0.015929
19.65803	1.743413	0.029822
19.742701	1.743318	0.022924
19.827379	1.776541	0.035654
19.91206	1.809606	0.092277
19.996731	1.832536	0.068341
20.081409	1.852888	0.020952
20.16609	1.885363	0.018842
20.250771	1.90387		0.062472
20.33544	1.923237	0.034185
20.42012	1.961087	0.041214
20.504801	1.968122	0.017693
20.58947	1.975594	0.026161
20.758829	2.017571	0.032218
20.928181	2.066034	0.022005
21.09753	2.097805	0.075365
21.26689	2.204594	0.039738
21.436239	2.272619	0.044443
21.6056		2.274827	0.022503
21.77495	2.348486	0.012149
21.9443		2.404198	0.021647
22.113661	2.444166	0.067345
22.28301	2.488007	0.174763
22.45236	2.561433	0.132162
22.621719	2.623745	0.145977
22.791071	2.651392	0.030817
22.96043	2.716466	0.014338
23.12978	2.786016	0.012397
23.299129	2.834328	0.023015
23.468491	2.862282	0.042678
23.63784	2.907454	0.159271
23.80719	2.993296	0.019129
23.976549	3.069577	0.112389
24.145901	3.103038	0.030436
24.31526	3.149057	0.012678
24.48461	3.255733	0.01362
24.653959	3.311548	0.145884
24.82332	3.380597	0.047422
24.99267	3.461448	0.02295
25.16202	3.56234		0.01884
25.331381	3.664071	0.019636
25.500731	3.649363	0.044527
25.67009	3.733052	0.052909
25.839439	3.792459	0.024123
26.008789	3.897699	0.164279
26.17815	3.916695	0.043346
26.3475		4.026974	0.053613
26.51685	4.107738	0.028935
26.686211	4.17864		0.025467
26.85556	4.366409	0.028594
27.02492	4.425369	0.033665
27.194269	4.371073	0.040932
27.363621	4.468442	0.039078
27.53298	4.561458	0.169998
27.70233	4.577654	0.040478
27.871679	4.638144	0.070578
28.04104	4.659846	0.021534
28.21039	4.818286	0.027132
28.379749	4.857331	0.091576
28.549101	4.90799		0.032531
28.718451	4.971419	0.165772
28.88781	5.06536		0.049893
29.057159	5.134685	0.025153
29.226509	5.16957		0.040464
29.39587	5.267155	0.144628
29.56522	5.309182	0.022433
29.734579	5.385857	0.041914
29.903931	5.491672	0.056778
30.07328	5.539918	0.026123
30.24264	5.578135	0.041343
30.411989	5.649763	0.046077
30.581341	5.746418	0.053718
30.7507		5.903887	0.059496
30.92005	5.933377	0.02737
31.089411	5.98659		0.072425
31.25876	6.04775		0.082521
31.42811	6.135057	0.029036
31.597469	6.208155	0.093413
31.766821	6.30081		0.057765
31.936171	6.326921	0.06991
32.10553	6.377122	0.074892
32.274879	6.451862	0.052669
32.444241	6.594301	0.059978
32.61359	6.710247	0.103015
32.78294	6.757128	0.05953
32.952301	6.840108	0.089908
33.121651	6.879058	0.078805
33.291		7.106912	0.036397
33.460361	7.180114	0.085532
33.629711	7.151607	0.441797
33.799068	7.227535	0.192321
33.968418	7.346653	0.342965
34.137772	7.325686	0.073287
34.307129	7.481084	0.130636
34.476479	7.493708	0.144886
34.645828	7.590983	0.153642
34.815189	7.770837	0.170383
34.984539	7.863046	0.149356
35.1539		7.823487	0.056174
35.32325	7.709611	0.068241
35.492599	8.249426	0.216671
35.661961	8.228877	0.15512
35.83131	7.927496	0.083613
36.00066	7.912274	0.107482
36.170021	8.068392	0.63943
36.339371	8.149682	0.123824
36.508732	8.178553	0.365998
36.678082	8.371514	0.227235
36.847431	8.198724	0.106409
37.016788	8.346159	0.159698
37.186138	8.999081	0.35121
37.355492	8.340244	0.425773
