5.1847545  0.1655220  0.0112090 
5.2146329  0.1795450  0.0386520 
5.2445114  0.1885580  0.0292490 
5.2743899  0.1877710  0.0215070 
5.3042782  0.1922660  0.0215140 
5.3341567  0.1912760  0.0126460 
5.3640352  0.1999320  0.0115700 
5.3939136  0.2050310  0.0103730 
5.4237921  0.2136240  0.0145380 
5.4536805  0.2033690  0.0173580 
5.4835589  0.2072800  0.0112600 
5.5134374  0.2071160  0.0097870 
5.5433159  0.2125480  0.0084640 
5.5731943  0.2354370  0.0106430 
5.6030827  0.2310030  0.0083330 
5.6329612  0.2167540  0.0047950 
5.6628396  0.2148010  0.0048290 
5.6927181  0.2146080  0.0048420 
5.7225966  0.2154860  0.0044910 
5.7524849  0.2148850  0.0076720 
5.7823634  0.2103130  0.0088460 
5.8122419  0.2085320  0.0101990 
5.8421203  0.2102950  0.0126070 
5.8719988  0.2109010  0.0244800 
5.9018872  0.2123070  0.0215330 
5.9317656  0.2123200  0.0222400 
5.9616441  0.2150970  0.0149640 
5.9915226  0.2167870  0.0415270 
6.0214010  0.2176560  0.0331000 
6.0512894  0.2217060  0.0495430 
6.0811679  0.2310320  0.0337220 
6.1110463  0.2352320  0.0153200 
6.1409248  0.2341710  0.0415440 
6.1708033  0.2352010  0.0144710 
6.2006916  0.2357670  0.0118410 
6.2305701  0.2380670  0.0101700 
6.2604486  0.2456700  0.0152390 
6.2903270  0.2511430  0.0084080 
6.3202055  0.2551600  0.0067060 
6.3500939  0.2592700  0.0069010 
6.3799723  0.2537490  0.0061940 
6.4098508  0.2465770  0.0061960 
6.4397293  0.2527670  0.0117740 
6.4696077  0.2519000  0.0169720 
6.4994961  0.2622140  0.0135990 
6.5293746  0.2672130  0.0158730 
6.5592530  0.2728970  0.0155850 
6.5891315  0.2692530  0.0169620 
6.6190100  0.2632250  0.0354090 
6.6488983  0.2673410  0.0333060 
6.6787768  0.2688600  0.0337750 
6.7086553  0.2718320  0.0363880 
6.7385337  0.2784780  0.0643300 
6.7684122  0.2769970  0.0477280 
6.7983006  0.2787260  0.0467260 
6.8281790  0.2805640  0.0177000 
6.8580575  0.2872130  0.0178290 
6.8879360  0.2948340  0.0176710 
6.9178144  0.3020430  0.0244710 
6.9477028  0.3153260  0.0189840 
6.9775813  0.3216710  0.0153570 
7.0074597  0.3130120  0.0118050 
7.0373382  0.3143620  0.0112780 
7.0672167  0.3205660  0.0105590 
7.0971050  0.3238130  0.0116210 
7.1269835  0.3222070  0.0121600 
7.1568620  0.3225060  0.0171510 
7.1867404  0.3286470  0.0148710 
7.2166189  0.3335790  0.0162130 
7.2465073  0.3366730  0.0161960 
7.2763857  0.3395000  0.0191380 
7.3062642  0.3414060  0.0202050 
7.3361427  0.3322420  0.0189340 
7.3660211  0.3357390  0.0655370 
7.3959095  0.3349770  0.0413860 
7.4257880  0.3312570  0.0214630 
7.4855449  0.3305330  0.0228330 
7.5453018  0.3700970  0.0176880 
7.6050687  0.4014890  0.0441510 
7.6648256  0.3817330  0.0206500 
7.7245826  0.3570980  0.0254110 
7.7843494  0.3609740  0.0326180 
7.8441063  0.3743820  0.0299870 
7.9038731  0.3731040  0.0281020 
7.9636301  0.3633190  0.0270590 
8.0233870  0.3540730  0.0262580 
8.0831538  0.3438580  0.0204130 
8.1429108  0.3369730  0.0188630 
8.2026677  0.3344170  0.0233750 
8.2624345  0.3272000  0.0215900 
8.3221915  0.3088720  0.0244350 
8.3819484  0.3087538  0.0913770 
8.4417152  0.3023959  0.0891830 
8.5014722  0.2942570  0.0303280 
8.5612390  0.2862815  0.0288460 
8.6209959  0.2820543  0.0249320 
8.6807529  0.2617718  0.0276570 
8.7405197  0.2452739  0.0272210 
8.8002767  0.2327160  0.0225650 
8.8600336  0.2202757  0.0211880 
8.9198004  0.2175186  0.0366313 
8.9795574  0.2148230  0.0449910 
9.0393143  0.1941089  0.0188620 
9.0990811  0.1755128  0.0185280 
9.1588381  0.1663457  0.0406590 
9.2186049  0.1588042  0.0154650 
9.2783618  0.1532125  0.0372500 
9.3381188  0.1468784  0.0358260 
9.3978856  0.1430038  0.0329430 
9.4576425  0.1405545  0.0202730 
9.5173995  0.1385864  0.0151600 
9.5771663  0.1346354  0.0163770 
9.6369232  0.1398624  0.0152980 
9.6966802  0.1365616  0.0157150 
9.7564470  0.1322791  0.0155880 
9.8162039  0.1363824  0.0329330 
9.8759708  0.1417168  0.0329520 
9.9357277  0.1454154  0.0392880 
9.9954846  0.1500822  0.0151940 
10.0552515  0.1574169  0.0153380 
10.1150084  0.1649916  0.0165030 
10.1747653  0.1718237  0.0182750 
10.2345322  0.1797148  0.0527710 
10.2942891  0.1902936  0.0188270 
10.3540460  0.1997494  0.0192170 
10.4138129  0.2310936  0.0511980 
10.4735698  0.2854269  0.0399790 
10.5333366  0.2691965  0.0448910 
10.5930936  0.2330561  0.0295800 
10.6528505  0.2369575  0.0397990 
10.7126173  0.2469389  0.0713720 
10.7723743  0.2565432  0.0262210 
10.8321312  0.2598977  0.0262860 
10.8918980  0.2667321  0.0287320 
10.9516550  0.2758748  0.0307170 
11.0114119  0.2837942  0.0282390 
11.0711787  0.2950430  0.0279660 
11.1309357  0.3138072  0.0292040 
11.1907025  0.3376201  0.0334410 
11.2504594  0.3565438  0.0325010 
11.3102164  0.3677373  0.0338590 
11.3699832  0.3834681  0.0372950 
11.4297401  0.3988936  0.0388150 
11.4894971  0.4115020  0.0395190 
11.5492639  0.4273789  0.0420680 
11.6090208  0.4410533  0.0395980 
11.6687778  0.4483416  0.0427400 
11.7285446  0.4516053  0.0433560 
11.7883016  0.4739008  0.0461050 
11.8480684  0.4904847  0.0466100 
11.9078253  0.5025794  0.0468010 
11.9675823  0.5171771  0.0492770 
12.0273491  0.5363295  0.1489010 
12.0871060  0.5481291  0.0527050 
12.1468630  0.5605733  0.0494540 
12.2066298  0.5823117  0.0523690 
12.2663867  0.6004533  0.0544030 
12.3261437  0.6051816  0.1519530 
12.3859105  0.6105626  0.0540350 
12.4456674  0.6210214  0.0582470 
12.5054342  0.6329764  0.1814710 
12.5651912  0.6403498  0.0622320 
12.6249481  0.6496242  0.0619750 
12.6847149  0.6600192  0.1704270 
12.7444719  0.6992173  0.1241720 
12.8042288  0.7299594  0.1261560 
12.8639957  0.6858640  0.1325290 
12.9237526  0.6768793  0.0662430 
12.9835095  0.6808643  0.0667420 
13.0432764  0.6970299  0.0670630 
13.1030333  0.7033720  0.1864790 
13.1627902  0.6948078  0.1091680 
13.2225571  0.6981686  0.1149180 
13.2823140  0.7015965  0.1103350 
13.3420808  0.7070950  0.1896810 
13.4018378  0.7162234  0.1964060 
13.4615947  0.7182885  0.0663380 
13.5213615  0.7279567  0.1772080 
13.5811185  0.7294331  0.1746740 
13.6408754  0.7325959  0.0625540 
13.7006422  0.7357152  0.1170460 
13.7603992  0.7345639  0.1176640 
13.8201561  0.7413644  0.1130950 
14.0684814  1.3544425  0.0133970 
14.1521391  1.3556672  0.0236460 
14.2358067  1.4805870  0.0218380 
14.3194744  1.6770351  0.0221390 
14.4031321  1.5985232  0.0237360 
14.4867997  1.4387082  0.0220090 
14.5704673  1.4562172  0.0858150 
14.6541350  1.4573956  0.0232000 
14.7377927  1.4714070  0.0208500 
14.8214603  1.4717092  0.0200510 
14.9051280  1.4731836  0.0185790 
14.9887857  1.4764976  0.0167390 
15.0724533  1.4578825  0.0158470 
15.1561209  1.4420011  0.0172470 
15.2397787  1.4464023  0.0130950 
15.3234463  1.4702926  0.0286760 
15.4071139  1.4746696  0.0439510 
15.4907717  1.6620499  0.0253020 
15.5744393  1.8700590  0.0191800 
15.6581069  1.5974560  0.0239040 
15.7417646  1.4956898  0.0263430 
15.8254323  1.4807581  0.0136550 
15.9091009  1.4651873  0.0210720 
15.9927665  1.4664445  0.0176810 
16.0764253  1.4750799  0.0171510 
16.1600939  1.4488547  0.0166910 
16.2437605  1.4359588  0.0177680 
16.3274192  1.4204961  0.0226980 
16.4110849  1.4552160  0.0139200 
16.4947535  1.4539788  0.0150800 
16.5784122  1.4417650  0.0219330 
16.6620779  1.4431681  0.0165870 
16.7457465  1.4598438  0.0409480 
16.8294032  1.4549904  0.0158500 
16.9130718  1.4844036  0.0251070 
16.9967395  1.5278220  0.0219030 
17.0803962  1.5311296  0.0191050 
17.1640648  1.4905426  0.0176380 
17.2477324  1.4874406  0.0170890 
17.3313991  1.4897419  0.0202300 
17.4150578  1.4993637  0.0203740 
17.4987264  1.5002840  0.0485620 
17.5823921  1.5016524  0.0405350 
17.6660508  1.4908972  0.0273630 
17.7497194  1.5054449  0.0165110 
17.8333860  1.5227461  0.0202300 
17.9170448  1.5005023  0.0178650 
18.0007104  1.5100265  0.0202850 
18.0843790  1.5009294  0.0293540 
18.1680377  1.5065877  0.0212230 
18.2517034  1.5141894  0.0249820 
18.3353720  1.5148022  0.0605810 
18.4190288  1.5206515  0.0217450 
18.5026974  1.5045497  0.0266810 
18.5863650  1.5277380  0.0187000 
18.6700336  1.6443824  0.0246100 
18.7536903  1.7057242  0.0293920 
18.8373580  1.5588439  0.0352030 
18.9210246  1.5612522  0.0259250 
19.0046833  1.5577599  0.0283630 
19.0883519  1.5628274  0.0199660 
19.1720176  1.5260611  0.0359330 
19.2556763  1.5782921  0.0316960 
19.3393449  1.6339547  0.0316380 
19.4230116  1.6572930  0.0278160 
19.5066703  1.6537618  0.0369750 
19.5903359  1.6656157  0.0295960 
19.6740045  1.6928598  0.0309620 
19.7576633  1.7076740  0.0361560 
19.8413289  1.7221954  0.0277400 
19.9249975  1.7509496  0.0292190 
20.0086661  1.7680672  0.0344820 
20.0923229  1.7638833  0.1007910 
20.1759905  1.7639399  0.1600920 
20.2596591  1.8287164  0.0455030 
20.3433159  1.8402659  0.0217440 
20.5106501  1.8841711  0.0165350 
20.6779775  1.8926092  0.0183690 
20.8453018  1.8921790  0.0394820 
21.0126371  1.8921790  0.1378050 
21.1799615  1.9824760  0.0269100 
21.3472977  1.9236830  0.0639180 
21.5146231  1.9870030  0.0513970 
21.6819484  2.0021030  0.0352140 
21.8492847  2.0123500  0.0323710 
22.0166090  2.0666140  0.0968560 
22.1839344  2.1160960  0.0560270 
22.3512686  2.1411650  0.0670050 
22.5185960  2.1446220  0.0395130 
22.6859302  2.1958580  0.0165800 
22.8532556  2.2355280  0.0276410 
23.0205800  2.2466580  0.0371810 
23.1879172  2.2342670  0.0193450 
23.3552416  2.2604910  0.0173290 
23.5225669  2.3143870  0.0422420 
23.6899012  2.3763560  0.0452610 
23.8572285  2.4270760  0.0216600 
24.0245628  2.4386520  0.0234450 
24.1918882  2.6193910  0.0336210 
24.3592125  2.7783510  0.0406110 
24.5265488  2.5927760  0.0290190 
24.6938741  2.5874530  0.0215310 
24.8611995  2.6472960  0.0229850 
25.0285357  2.6611990  0.0476870 
25.1958611  2.7356620  0.1072310 
25.3631953  2.7429810  0.0326300 
25.5305197  2.8140600  0.0298380 
25.6978451  2.9779890  0.0261840 
25.8651813  3.8886860  0.0303540 
26.0325067  3.2674120  0.0244220 
26.1998320  2.9051520  0.0244080 
26.3671683  2.9465950  0.0309590 
26.5344926  2.9937520  0.0259840 
26.7018279  2.9860990  0.0673950 
26.8691523  3.0024290  0.0595340 
27.0364796  3.0501180  0.0606020 
27.2038139  3.1083070  0.0640590 
27.3711392  3.1518110  0.0533530 
27.5384636  3.1631270  0.0360080 
27.7057998  3.1519890  0.0260740 
27.8731252  3.1919590  0.0560750 
28.0404594  3.2237210  0.0328050 
28.2077868  3.2896270  0.0337560 
28.3751121  3.3193150  0.1824990 
28.5424464  3.3620580  0.0330730 
28.7097708  3.3994540  0.0260140 
28.8770961  3.3942220  0.0285440 
29.0444324  3.4125400  0.0347070 
29.2117577  3.4411010  0.0845640 
29.3790920  3.4480440  0.0339650 
29.5464193  3.5040060  0.0838310 
29.7137437  3.5282860  0.0305410 
29.8810789  3.5332900  0.0359190 
30.0484033  3.5694300  0.0272140 
30.2157307  3.5647830  0.0465600 
30.3830649  3.6561540  0.0352640 
30.5503903  3.6742710  0.0369070 
30.7177265  3.7202560  0.0358710 
30.8850509  3.7537720  0.1321070 
31.0523762  3.7787800  0.0442340 
31.2197105  3.8013470  0.1236420 
31.3870378  3.8127970  0.0396170 
31.5543632  3.8485620  0.1873590 
31.7216975  3.8787600  0.0357610 
31.8890218  3.8877650  0.0417310 
32.0563591  3.9453420  0.0562650 
32.2236834  4.0038280  0.0636020 
32.3910088  3.9927060  0.0793090 
32.5583450  3.9961560  0.0660380 
32.7256704  4.0158440  0.0526100 
32.8929948  4.1758270  0.0497400 
33.0603310  4.1755170  0.1301090 
33.2276564  4.2207170  0.2775400 
33.3949886  4.4584970  0.0931310 
33.5623140  4.6034510  0.0952210 
33.7296433  4.3295110  0.1684660 
33.8969756  4.3569100  0.1479620 
34.0643010  4.3214650  0.1394910 
34.2316253  4.3270480  0.0909270 
34.3989616  4.3020920  0.0864120 
34.5662869  4.4440810  0.1359460 
34.7336232  4.6729680  0.1205140 
34.9009485  4.5305580  0.1346180 
35.0682729  4.5367840  0.0911520 
35.2356101  4.5498870  0.1523780 
35.4029345  4.2627800  0.1794610 
35.5702599  4.3526310  0.1214810 
35.7375961  4.3998820  0.2151430 
35.9049215  4.4412820  0.1000240 
36.0722577  4.2289520  0.1527210 
36.2395830  4.3910900  0.1181640 
36.4069074  4.4110630  0.1497050 
36.5742397  4.4277870  0.1471210 
36.7415651  4.8258760  0.2514850 
36.9088944  4.3551020  0.2207390 
