10.004904	0.249128	0.004418
10.012988	0.247903	0.005476
10.021071	0.249141	0.005072
10.029154	0.241782	0.006586
10.037234	0.242449	0.004795
10.045313	0.24925		0.006947
10.053392	0.244508	0.007241
10.061468	0.250905	0.00398
10.069544	0.236448	0.005154
10.077618	0.251599	0.00634
10.08569	0.248346	0.007284
10.093762	0.241014	0.033766
10.101832	0.24888		0.006144
10.109901	0.243978	0.00653
10.118013	0.241507	0.006069
10.12608	0.252486	0.005564
10.134145	0.244697	0.005049
10.142208	0.242587	0.004978
10.15027	0.244769	0.004265
10.158331	0.241634	0.003111
10.16639	0.247901	0.004491
10.174449	0.245201	0.003786
10.182506	0.246054	0.00741
10.190561	0.240314	0.037289
10.198615	0.249341	0.004225
10.206668	0.24836		0.004717
10.21472	0.247805	0.005071
10.222769	0.248091	0.003801
10.230818	0.241624	0.005065
10.238866	0.249129	0.003044
10.246912	0.258935	0.006785
10.254956	0.245207	0.00345
10.263		0.25597		0.005858
10.271043	0.2493		0.004965
10.279083	0.254252	0.003089
10.287123	0.26678		0.005488
10.295161	0.253424	0.005075
10.303198	0.250134	0.003009
10.311234	0.250921	0.002991
10.319268	0.255951	0.003143
10.327301	0.25466		0.003644
10.335333	0.25889		0.003295
10.343363	0.257117	0.003109
10.351392	0.258355	0.003238
10.359468	0.265844	0.002689
10.367495	0.264917	0.003913
10.37552	0.260623	0.00944
10.383543	0.276041	0.002647
10.391566	0.266699	0.00256
10.399588	0.256996	0.004686
10.407607	0.263094	0.003733
10.415627	0.263183	0.0034
10.423643	0.263249	0.003698
10.43166	0.256295	0.0029
10.439674	0.260886	0.00336
10.447687	0.263337	0.002738
10.455699	0.283204	0.00688
10.46371	0.2631		0.0031
10.47172	0.27121		0.004461
10.479728	0.263279	0.003089
10.487734	0.270489	0.002923
10.495739	0.271987	0.002424
10.508369	0.26942		0.067218
10.516876	0.264028	0.003932
10.525383	0.267562	0.004494
10.533886	0.269638	0.005334
10.542389	0.28555		0.004382
10.55089	0.26578		0.004014
10.559389	0.264928	0.005091
10.567888	0.277037	0.01358
10.576385	0.274818	0.006344
10.584881	0.266598	0.00427
10.593374	0.278712	0.004705
10.601867	0.273069	0.012823
10.610357	0.279121	0.005048
10.618847	0.27386		0.004177
10.627336	0.273129	0.006562
10.635822	0.275943	0.006047
10.644308	0.279229	0.004162
10.652792	0.275307	0.004503
10.661275	0.283169	0.005828
10.669756	0.287476	0.077046
10.678236	0.278356	0.003245
10.686714	0.283206	0.005607
10.695191	0.281952	0.004315
10.703667	0.284303	0.00397
10.712141	0.276718	0.004961
10.720613	0.284973	0.004297
10.729086	0.280769	0.004357
10.737556	0.284531	0.004933
10.746024	0.294576	0.003558
10.754491	0.299629	0.006153
10.762957	0.31996		0.005342
10.771421	0.343763	0.003205
10.779884	0.33334		0.008171
10.788345	0.298633	0.004245
10.796806	0.288227	0.004836
10.805264	0.288653	0.005916
10.813723	0.282749	0.003861
10.822178	0.298314	0.006563
10.830633	0.289837	0.012234
10.839087	0.284442	0.003127
10.847538	0.292355	0.003686
10.855988	0.293191	0.00532
10.864437	0.294827	0.003191
10.872885	0.288165	0.053529
10.88133	0.301622	0.004227
10.889775	0.297427	0.003856
10.898218	0.296957	0.126669
10.90666	0.302679	0.005177
10.915102	0.286825	0.005472
10.92354	0.288315	0.008843
10.931978	0.293409	0.004177
10.940414	0.287936	0.003446
10.94885	0.300408	0.005555
10.957283	0.299675	0.00452
10.965715	0.295578	0.00301
10.974146	0.296654	0.00635
10.982576	0.301663	0.003155
10.991004	0.2967		0.004997
10.999499	0.302982	0.006097
11.003922	0.300136	0.004222
11.012907	0.297285	0.005277
11.021891	0.303776	0.004883
11.030873	0.307269	0.004506
11.039854	0.297017	0.003885
11.048836	0.297807	0.004463
11.057814	0.307826	0.004871
11.06679	0.334236	0.006655
11.075765	0.285023	0.00393
11.084738	0.301203	0.00415
11.09371	0.306173	0.004343
11.10268	0.310175	0.004751
11.111649	0.3042		0.003953
11.120616	0.307427	0.004091
11.129582	0.300533	0.004573
11.138546	0.311613	0.00368
11.147509	0.313776	0.004701
11.156471	0.312839	0.004229
11.16543	0.307333	0.005039
11.174389	0.312528	0.004848
11.183346	0.312473	0.003587
11.192301	0.31451		0.005609
11.201254	0.308197	0.013344
11.210207	0.313112	0.004745
11.219158	0.315674	0.004893
11.228107	0.311956	0.002524
11.237055	0.315071	0.00621
11.246002	0.309659	0.004718
11.254948	0.319997	0.003664
11.263891	0.315242	0.002785
11.272833	0.316577	0.003711
11.281773	0.315737	0.002626
11.290711	0.32212		0.004708
11.299648	0.321879	0.003845
11.308584	0.320427	0.004748
11.317518	0.319018	0.003676
11.326451	0.318622	0.004406
11.335382	0.315874	0.005763
11.344313	0.319503	0.004577
11.353241	0.318965	0.004413
11.362167	0.316467	0.018682
11.371093	0.320214	0.012323
11.380016	0.32009		0.002968
11.388939	0.332306	0.00329
11.39786	0.328836	0.004509
11.406779	0.335057	0.003118
11.415697	0.333278	0.004225
11.424613	0.329236	0.003621
11.433529	0.352802	0.004027
11.442442	0.362451	0.003096
11.451353	0.367223	0.003827
11.460264	0.367882	0.003916
11.469173	0.384051	0.004687
11.478081	0.395018	0.00395
11.486986	0.401291	0.004335
11.495892	0.400425	0.004127
11.504794	0.403921	0.004321
11.513696	0.415029	0.006489
11.522596	0.415377	0.004431
11.531494	0.410671	0.004529
11.540392	0.409177	0.003432
11.549287	0.411368	0.006308
11.558182	0.400747	0.00472
11.567074	0.396185	0.004477
11.575966	0.404712	0.003779
11.584855	0.386743	0.004485
11.593743	0.383666	0.005145
11.60263	0.382565	0.004369
11.611515	0.37479		0.004491
11.620399	0.379688	0.005729
11.629282	0.376049	0.005478
11.638163	0.375122	0.004642
11.647041	0.381765	0.004257
11.65592	0.374707	0.016614
11.664797	0.382894	0.00583
11.673672	0.367744	0.004834
11.682545	0.37478		0.158504
11.691418	0.36792		0.00391
11.708624	0.39254		0.010256
11.718117	0.364097	0.004157
11.72761	0.376554	0.007452
11.7371		0.368966	0.006154
11.746588	0.355756	0.051992
11.756075	0.365468	0.006355
11.765561	0.360815	0.007467
11.775045	0.369027	0.006659
11.784528	0.338329	0.004567
11.794008	0.357946	0.005088
11.803488	0.364345	0.096295
11.812965	0.369252	0.006015
11.822443	0.351039	0.004683
11.83192	0.363398	0.00527
11.841393	0.362806	0.005334
11.850864	0.368461	0.00454
11.860332	0.355573	0.00359
11.869801	0.370687	0.003735
11.879268	0.363451	0.004032
11.888732	0.361281	0.00411
11.898195	0.362835	0.003541
11.907658	0.350689	0.003585
11.917116	0.355675	0.012006
11.926575	0.358491	0.025572
11.936031	0.355665	0.004354
11.945487	0.345906	0.005052
11.954941	0.363408	0.005499
11.964392	0.359382	0.021512
11.973843	0.357548	0.104823
11.983292	0.353188	0.004265
11.992739	0.360853	0.003874
12.002184	0.355619	0.002963
12.011629	0.362754	0.004219
12.02107	0.342113	0.005968
12.030512	0.363151	0.007019
12.039951	0.358713	0.005479
12.049389	0.3652		0.006855
12.058825	0.352621	0.004887
12.06826	0.367299	0.004011
12.077692	0.356471	0.004444
12.087124	0.372603	0.004448
12.096554	0.361828	0.003272
12.105982	0.359926	0.00416
12.115408	0.365787	0.006534
12.124834	0.366216	0.005987
12.134256	0.360593	0.006202
12.143679	0.36108		0.00632
12.153099	0.371842	0.005249
12.171936	0.372257	0.00504
12.181351	0.365323	0.00538
12.190764	0.374732	0.007881
12.200177	0.381754	0.006012
12.209588	0.376817	0.006724
12.218998	0.368937	0.005918
12.228405	0.372761	0.040932
12.237811	0.368336	0.005985
12.247215	0.379735	0.005565
12.256618	0.374569	0.006682
12.26602	0.370205	0.007366
12.275419	0.380062	0.008832
12.284819	0.375829	0.006917
12.294215	0.379218	0.006447
12.30361	0.380306	0.192963
12.313004	0.374747	0.007412
12.322395	0.378836	0.14636
12.331787	0.386243	0.006585
12.341175	0.366009	0.009558
12.350563	0.376342	0.007795
12.359948	0.383145	0.007421
12.369333	0.389941	0.006877
12.378716	0.378152	0.008743
12.388096	0.403544	0.006504
12.397476	0.365091	0.005741
12.408842	0.381069	0.009083
12.418926	0.378753	0.007559
12.429008	0.378662	0.007164
12.439085	0.382629	0.093871
12.44916	0.381487	0.006754
12.45923	0.380799	0.00695
12.469302	0.381524	0.006896
12.479371	0.409977	0.005185
12.489439	0.384471	0.008407
12.499504	0.372688	0.005805
12.509567	0.378821	0.022887
12.51963	0.394794	0.005837
12.529691	0.392845	0.005679
12.539749	0.382682	0.005854
12.549807	0.386179	0.02216
12.559862	0.386473	0.006398
12.569916	0.399828	0.004951
12.579967	0.415123	0.003818
12.590017	0.43049		0.006205
12.600065	0.406111	0.00662
12.610113	0.393446	0.006893
12.620158	0.375102	0.101946
12.630201	0.39559		0.007275
12.640244	0.383056	0.006369
12.650288	0.393836	0.006272
12.660331	0.392944	0.003453
12.670367	0.393371	0.00477
12.680403	0.386975	0.004271
12.690435	0.394296	0.003103
12.700466	0.401608	0.003011
12.710497	0.393965	0.002997
12.720524	0.396816	0.003186
12.730551	0.397081	0.122351
12.740576	0.402155	0.101503
12.750599	0.40709		0.003014
12.76062	0.396411	0.003558
12.770639	0.388985	0.003048
12.780657	0.39749		0.003253
12.790674	0.396098	0.031454
12.800688	0.393665	0.00351
12.8107		0.392267	0.004241
12.820712	0.407267	0.003968
12.830721	0.393889	0.005671
12.840729	0.405429	0.00433
12.850735	0.398258	0.004562
12.86074	0.403004	0.004062
12.870743	0.401287	0.004307
12.880743	0.413371	0.004971
12.890743	0.407807	0.004706
12.900741	0.405143	0.005144
12.910736	0.411048	0.003006
12.920731	0.415998	0.004553
12.930723	0.415913	0.003542
12.940714	0.411622	0.073846
12.950704	0.418621	0.003252
12.960691	0.405104	0.003166
12.970676	0.417964	0.003214
12.980661	0.405753	0.003272
12.990644	0.411613	0.003256
13.000625	0.399802	0.002754
13.010603	0.417187	0.003706
13.02058	0.421258	0.004633
13.030557	0.40919		0.003845
13.040531	0.416727	0.003573
13.050504	0.414907	0.003359
13.060474	0.415696	0.004924
13.070444	0.415064	0.003657
13.080411	0.416767	0.003896
13.090377	0.40595		0.003137
13.100341	0.412478	0.00363
13.110304	0.428761	0.003942
13.120264	0.481349	0.005458
13.130223	0.606323	0.006689
13.140181	0.607315	0.006008
13.150137	0.473991	0.008756
13.160091	0.422457	0.004361
13.170043	0.413215	0.124928
13.179994	0.40518		0.003878
13.189943	0.414953	0.003597
13.19989	0.407306	0.00598
13.2003		0.405396	0.004545
13.21104	0.404664	0.005059
13.221781	0.413755	0.004402
13.232518	0.411824	0.004191
13.243254	0.412563	0.0045
13.253986	0.410619	0.005209
13.264719	0.401942	0.004252
13.275449	0.408541	0.004786
13.286178	0.409676	0.005358
13.296904	0.396864	0.005345
13.307629	0.402773	0.004508
13.318352	0.414216	0.004427
13.329072	0.412015	0.004501
13.3398		0.407681	0.004668
13.350525	0.404362	0.004722
13.36124	0.401668	0.004741
13.371954	0.405739	0.005109
13.382666	0.408589	0.00503
13.393375	0.406146	0.006684
13.404084	0.406707	0.005251
13.414791	0.392225	0.127924
13.425495	0.417696	0.005931
13.436197	0.415953	0.006096
13.446898	0.410746	0.006313
13.45741	0.403295	0.00689
13.468107	0.405965	0.006215
13.478803	0.408782	0.006636
13.489496	0.409875	0.007053
13.500188	0.402331	0.007525
13.510878	0.407856	0.005522
13.521565	0.402746	0.00525
13.532251	0.407732	0.007695
13.542935	0.416173	0.006786
13.553618	0.400717	0.008122
13.564299	0.401779	0.007576
13.574978	0.41602		0.006963
13.585655	0.410891	0.006636
13.596331	0.410294	0.008333
13.607004	0.412839	0.007295
13.617676	0.408218	0.008348
13.628345	0.416997	0.007363
13.639013	0.419455	0.006574
13.649488	0.413341	0.009137
13.660152	0.404575	0.005587
13.670815	0.420327	0.136594
13.681476	0.413888	0.005679
13.692135	0.427162	0.006504
13.702791	0.415702	0.006557
13.713448	0.409441	0.006558
13.7241		0.411258	0.0054
13.734752	0.415041	0.005269
13.745401	0.417205	0.005836
13.75605	0.411164	0.006895
13.766697	0.412163	0.006748
13.777341	0.423522	0.00595
13.787984	0.410555	0.007758
13.798624	0.413133	0.006065
13.809263	0.418422	0.006864
13.819901	0.415363	0.006603
13.830537	0.422326	0.006079
13.841171	0.424106	0.005316
13.851803	0.422062	0.005915
13.862432	0.448746	0.204591
13.873061	0.42173		0.007277
13.883688	0.42056		0.005593
13.894313	0.432937	0.006081
13.904936	0.423876	0.005998
13.915558	0.423672	0.006601
13.926176	0.422797	0.006686
13.936794	0.42636		0.004945
13.947411	0.427015	0.005529
13.958025	0.422154	0.005658
13.968637	0.423444	0.00659
13.979248	0.421832	0.006158
13.989857	0.427174	0.006146
14.000463	0.41934		0.004886
14.011068	0.432712	0.005905
14.021673	0.421105	0.005772
14.032274	0.421961	0.006573
14.042875	0.434045	0.005416
14.053473	0.421982	0.006232
14.06407	0.429122	0.004319
14.074664	0.429651	0.008957
14.085257	0.406637	0.007369
14.095848	0.406975	0.00681
14.106438	0.428205	0.003984
14.117025	0.421597	0.00675
14.127611	0.422979	0.00547
14.138195	0.432268	0.006443
14.148778	0.43382		0.006212
14.159359	0.421153	0.004635
14.169937	0.438981	0.007206
14.180515	0.434964	0.005245
14.191091	0.409716	0.009077
14.205001	0.423606	0.00607
14.216478	0.414804	0.126494
14.227953	0.420677	0.007367
14.239426	0.42522		0.005672
14.250896	0.42389		0.006494
14.262365	0.419401	0.004773
14.273833	0.42101		0.005626
14.285313	0.436684	0.166559
14.296789	0.425161	0.005468
14.30825	0.418445	0.004699
14.31971	0.421709	0.004994
14.331167	0.433711	0.005461
14.342623	0.434293	0.004738
14.354076	0.440972	0.005194
14.365528	0.429688	0.006318
14.376977	0.444202	0.022266
14.388425	0.427524	0.005707
14.39987	0.434593	0.007072
14.411314	0.435386	0.004127
14.422756	0.431836	0.006701
14.434196	0.439115	0.006215
14.445634	0.437145	0.008624
14.45707	0.429783	0.005946
14.468504	0.43119		0.006852
14.479937	0.435006	0.006398
14.491125	0.434512	0.006636
14.502553	0.423854	0.008529
14.51398	0.437645	0.006098
14.525404	0.430289	0.007697
14.536826	0.444719	0.0071
14.548246	0.435726	0.008375
14.559665	0.441979	0.187464
14.571081	0.438722	0.011069
14.582496	0.433262	0.019078
14.593908	0.441011	0.120534
14.605075	0.439119	0.007141
14.616484	0.448152	0.007294
14.62789	0.433916	0.078944
14.639295	0.456947	0.006884
14.650697	0.476206	0.006075
14.662098	0.526151	0.009905
14.673496	0.581186	0.008957
14.684894	0.53955		0.008565
14.696289	0.468499	0.006269
14.707682	0.456145	0.007072
14.719073	0.445559	0.006482
14.730462	0.442025	0.005222
14.74185	0.452974	0.006653
14.753235	0.452399	0.006601
14.764618	0.458067	0.007316
14.776001	0.457962	0.006985
14.78738	0.449529	0.005827
14.798758	0.452335	0.005681
14.810133	0.443783	0.005335
14.821507	0.451172	0.00591
14.83288	0.456651	0.005641
14.84425	0.447308	0.005139
14.855618	0.449266	0.005204
14.866984	0.441819	0.005381
14.878349	0.447007	0.004591
14.889711	0.455736	0.005164
14.901073	0.454246	0.004131
14.912432	0.451262	0.004234
14.923788	0.44531		0.004798
14.935143	0.453888	0.005063
14.946496	0.447778	0.004555
14.957848	0.453269	0.004635
14.969196	0.459097	0.005634
14.980544	0.457532	0.006017
14.99189	0.454455	0.005165
15.003233	0.453963	0.004642
15.014575	0.444162	0.006699
15.025915	0.448385	0.005668
15.037252	0.442001	0.006507
15.048589	0.444547	0.007005
15.059923	0.443922	0.004945
15.071256	0.447903	0.006202
15.082586	0.449772	0.007745
15.093915	0.468168	0.010795
15.105242	0.471446	0.008832
15.116566	0.454551	0.006074
15.12789	0.45394		0.008651
15.13921	0.46521		0.006751
15.15053	0.455412	0.006187
15.161847	0.452153	0.007689
15.172903	0.467536	0.008379
15.184216	0.457326	0.007793
15.195528	0.444786	0.005815
15.211985	0.46446		0.009012
15.224035	0.459937	0.008708
15.236382	0.451967	0.009857
15.248726	0.469029	0.013312
15.261067	0.447467	0.013978
15.273407	0.448008	0.011416
15.285789	0.451615	0.009809
15.298124	0.47355		0.0104
15.310159	0.456079	0.007465
15.322489	0.480259	0.011683
15.334818	0.466672	0.007987
15.347145	0.459771	0.006929
15.35947	0.468745	0.008006
15.371793	0.457607	0.006425
15.384113	0.46516		0.006538
15.396431	0.47122		0.061866
15.408748	0.463331	0.007982
15.421062	0.46266		0.007208
15.433374	0.467799	0.00495
15.445684	0.469001	0.005368
15.457993	0.460475	0.004442
15.470299	0.46177		0.005165
15.482602	0.470544	0.005023
15.494904	0.463487	0.005117
15.507204	0.473462	0.005151
15.519501	0.474385	0.00513
15.531797	0.463687	0.005463
15.54409	0.47184		0.005495
15.556381	0.486195	0.124655
15.56867	0.481848	0.005905
15.580958	0.48402		0.005851
15.593243	0.478659	0.007497
15.605526	0.463621	0.006544
15.617499	0.460675	0.006519
15.629778	0.468023	0.007624
15.642055	0.482713	0.009551
15.654329	0.473393	0.010009
15.666601	0.469845	0.009495
15.678919	0.460173	0.008906
15.691188	0.463819	0.008704
15.703454	0.472324	0.009871
15.715718	0.466967	0.00999
15.727981	0.472054	0.008754
15.74024	0.475009	0.010003
15.752186	0.471571	0.006614
15.764441	0.485646	0.007545
15.776695	0.485872	0.006417
15.788947	0.475517	0.007084
15.801196	0.475786	0.007457
15.813444	0.478133	0.006874
15.825689	0.484127	0.005816
15.837933	0.48444		0.00647
15.850174	0.475876	0.006435
15.862413	0.494352	0.008137
15.874651	0.48004		0.005335
15.886887	0.468748	0.005327
15.899118	0.503831	0.006525
15.91135	0.507597	0.004483
15.923578	0.563069	0.006296
15.935806	0.674316	0.005207
15.94803	0.675132	0.008291
15.960254	0.564699	0.006856
15.972475	0.495006	0.005221
15.984694	0.485539	0.00631
15.99691	0.488714	0.006656
16.009125	0.489349	0.006672
16.021339	0.494369	0.005307
16.033548	0.480119	0.006091
16.045757	0.472052	0.00637
16.057964	0.488663	0.006516
16.070168	0.479255	0.00704
16.082371	0.47348		0.006168
16.09425	0.484677	0.007445
16.106398	0.474904	0.027743
16.118593	0.493029	0.010344
16.130787	0.501174	0.008924
16.142979	0.479565	0.008126
16.155169	0.479313	0.010127
16.167356	0.484448	0.00902
16.179543	0.485824	0.11898
16.191727	0.495444	0.009357
16.203583	0.494824	0.009186
16.215763	0.469711	0.008052
16.227942	0.48169		0.007799
16.240116	0.482747	0.008662
16.252291	0.490405	0.00819
16.264462	0.487552	0.010631
16.27663	0.492403	0.008579
16.288799	0.5128		0.007755
16.300964	0.492104	0.009894
16.313128	0.487355	0.011547
16.325291	0.486357	0.008786
16.337448	0.508165	0.010148
16.349606	0.487951	0.008617
16.361763	0.481746	0.00922
16.373917	0.50293		0.012486
16.386066	0.480347	0.008863
16.398216	0.505254	0.007943
16.410364	0.475864	0.00699
16.42251	0.556783	0.008419
16.434654	0.505958	0.007053
16.446796	0.474191	0.007192
16.458935	0.494893	0.224319
16.471073	0.491285	0.007214
16.483208	0.498993	0.006121
16.495316	0.493588	0.007537
16.500284	0.478079	0.0269
16.513622	0.510213	0.199174
16.52696	0.493566	0.011886
16.539913	0.486517	0.008293
16.553246	0.518212	0.085614
16.566574	0.490666	0.009553
16.579903	0.482923	0.009081
16.593227	0.50412		0.008594
16.60655	0.507722	0.009455
16.619871	0.51079		0.007213
16.63319	0.502919	0.007898
16.646505	0.508584	0.008288
16.659821	0.496807	0.009361
16.673134	0.516284	0.009603
16.686478	0.503764	0.006731
16.699787	0.513874	0.008714
16.713127	0.522931	0.166081
16.726429	0.510362	0.008132
16.739731	0.511173	0.007936
16.753031	0.507692	0.00883
16.766327	0.516077	0.008377
16.779621	0.52321		0.009015
16.792912	0.505626	0.009855
16.805811	0.520601	0.013241
16.819098	0.504382	0.140571
16.832382	0.532187	0.010671
16.845665	0.524994	0.009419
16.858946	0.516177	0.009105
16.87183	0.527506	0.008598
16.885105	0.521685	0.008218
16.89838	0.512313	0.007531
16.91165	0.516791	0.007823
16.924919	0.535823	0.007705
16.938185	0.523636	0.007041
16.95145	0.532897	0.006234
16.96471	0.538603	0.007304
16.97797	0.536071	0.005483
16.991228	0.535677	0.006979
17.004484	0.520229	0.006672
17.017738	0.530078	0.006751
17.030989	0.512633	0.005621
17.044237	0.507191	0.005107
17.057484	0.518718	0.03997
17.070728	0.530998	0.006645
17.083969	0.534189	0.00844
17.09721	0.534115	0.060451
17.110449	0.539147	0.009464
17.123684	0.507265	0.009247
17.136917	0.526259	0.009377
17.150148	0.525887	0.147992
17.162975	0.507814	0.021376
17.176201	0.521696	0.011309
17.189426	0.520146	0.008402
17.202648	0.518389	0.011409
17.215868	0.522451	0.010167
17.228682	0.510189	0.008962
17.241896	0.528437	0.009111
17.255108	0.527394	0.010244
17.268318	0.52222		0.009122
17.281528	0.538696	0.008701
17.294735	0.545366	0.009732
17.307938	0.530775	0.008577
17.32114	0.536781	0.006604
17.334339	0.535491	0.036956
17.347538	0.527529	0.005615
17.360733	0.523777	0.005919
17.373928	0.547222	0.006075
17.387117	0.526472	0.005546
17.400307	0.544351	0.005699
17.413494	0.541385	0.00529
17.426678	0.55309		0.006426
17.439861	0.55388		0.008569
17.453041	0.594377	0.010144
17.466219	0.649369	0.011091
17.479393	0.596233	0.009996
17.492569	0.536668	0.008035
17.505741	0.529465	0.145446
17.518496	0.552336	0.010977
17.531662	0.513206	0.011703
17.544827	0.545303	0.012423
17.557989	0.509911	0.008857
17.570734	0.554405	0.008614
17.584309	0.542452	0.014543
17.597466	0.516287	0.014883
17.610161	0.509365	0.009795
17.62331	0.51518		0.013204
17.636417	0.531475	0.012831
17.649565	0.522666	0.012468
17.662708	0.515715	0.00818
17.67585	0.529632	0.010159
17.688992	0.534641	0.008337
17.702129	0.540503	0.008219
17.715267	0.542814	0.008638
17.728401	0.540619	0.006521
17.741531	0.550996	0.006465
17.754662	0.535974	0.009123
17.76779	0.548493	0.005427
17.780914	0.519892	0.072046
17.794039	0.5648		0.006669
17.807159	0.523044	0.010986
17.820278	0.558485	0.00885
17.833397	0.548929	0.008179
17.846512	0.549979	0.009546
17.859623	0.545986	0.009932
17.872734	0.542608	0.007961
17.885843	0.53407		0.008267
17.898523	0.529829	0.014886
17.912579	0.573505	0.011043
17.927101	0.559319	0.010496
17.94162	0.564512	0.010506
17.955647	0.540475	0.012688
17.970161	0.549516	0.01122
17.984673	0.539453	0.012864
17.99918	0.560497	0.014251
18.013195	0.570632	0.009394
18.027699	0.546316	0.008021
18.0422		0.541297	0.009339
18.056698	0.539699	0.009951
18.071194	0.538279	0.006641
18.08569	0.535438	0.006284
18.10018	0.53982		0.008887
18.11467	0.555951	0.010583
18.129154	0.552079	0.00767
18.143639	0.540542	0.008287
18.158121	0.536058	0.007613
18.1726		0.541372	0.008924
18.187077	0.542509	0.009437
18.201611	0.551655	0.010947
18.216084	0.543132	0.011434
18.229994	0.540705	0.013373
18.244579	0.561055	0.013688
18.259045	0.536728	0.01131
18.273506	0.551099	0.011709
18.287966	0.549403	0.013876
18.301922	0.538458	0.009252
18.316376	0.548884	0.008381
18.330826	0.564692	0.176168
18.345276	0.546019	0.007434
18.359724	0.532622	0.00758
18.374168	0.547685	0.006435
18.388611	0.554443	0.006727
18.403051	0.548701	0.007104
18.417488	0.55195		0.007877
18.431923	0.57041		0.010626
18.446358	0.549786	0.007158
18.460787	0.547535	0.00967
18.475216	0.541471	0.008423
18.489643	0.557143	0.01067
18.504065	0.562242	0.009873
18.517977	0.548591	0.009039
18.532394	0.566667	0.010356
18.54681	0.548536	0.009864
18.560713	0.530888	0.010455
18.575123	0.566216	0.128281
18.589531	0.555769	0.010666
18.603937	0.551868	0.006093
18.61834	0.56843		0.007662
18.63274	0.563631	0.010893
18.647141	0.554407	0.00773
18.661537	0.565989	0.008912
18.67593	0.57205		0.193598
18.690323	0.540977	0.006419
18.704712	0.58128		0.007798
18.719097	0.567067	0.007915
18.733482	0.558064	0.007156
18.747864	0.565922	0.009704
18.762245	0.57226		0.008498
18.776623	0.556447	0.008573
18.790997	0.55056		0.012246
18.80485	0.562768	0.012164
18.81922	0.553618	0.00845
18.833588	0.567227	0.013709
18.847431	0.57552		0.0109
18.861794	0.55815		0.009194
18.876154	0.56859		0.010672
18.890511	0.574264	0.010146
18.904869	0.582457	0.008859
18.91922	0.564106	0.006133
18.933571	0.572661	0.005531
18.94792	0.554587	0.007861
18.962265	0.530179	0.010599
18.97661	0.560176	0.009837
18.990952	0.591174	0.010597
19.005291	0.564411	0.008263
19.019627	0.559106	0.008655
19.033962	0.548388	0.009176
19.048294	0.554945	0.008647
19.062626	0.540601	0.008817
19.076885	0.550585	0.192004
19.090614	0.54948		0.012044
19.104935	0.546606	0.017606
19.119255	0.59222		0.011364
19.133574	0.57419		0.008866
19.147888	0.57703		0.246223
19.161669	0.680025	0.012453
19.17598	0.705948	0.01473
19.190287	0.691386	0.014782
19.204592	0.628038	0.011289
19.218895	0.60045		0.009494
19.233196	0.570457	0.008045
19.247496	0.599426	0.00893
19.261791	0.588474	0.007395
19.276085	0.561523	0.007859
19.290379	0.646038	0.007173
19.304668	0.600784	0.009693
19.318954	0.586735	0.007216
19.333241	0.604567	0.009732
19.347523	0.593091	0.011313
19.361803	0.610582	0.014433
19.376081	0.606724	0.008615
19.389816	0.55493		0.00784
19.404089	0.597017	0.016112
19.41836	0.646646	0.017455
19.432629	0.606028	0.01603
19.446754	0.54606		0.009829
19.50325	0.646014	0.005234
19.518805	0.647657	0.008104
19.53434	0.641952	0.00996
19.549858	0.676835	0.011858
19.565361	0.628029	0.01691
19.580635	0.656451	0.009207
19.596104	0.63126		0.007888
19.611557	0.609814	0.007482
19.626993	0.61926		0.008665
19.642414	0.610648	0.010785
19.657818	0.591907	0.012629
19.673204	0.616817	0.010382
19.688576	0.610194	0.015289
19.703907	0.633316	0.011287
19.719246	0.571973	0.00814
19.74967	0.612094	0.00888
19.764961	0.63592		0.008654
19.780235	0.591169	0.098141
19.795492	0.627457	0.011191
19.810734	0.639669	0.008443
19.825962	0.62803		0.007496
19.841171	0.620657	0.010756
19.856365	0.636546	0.005908
19.871544	0.624421	0.010974
19.886707	0.652801	0.011643
19.901833	0.651721	0.093691
19.916962	0.63425		0.011806
19.932079	0.630917	0.005245
19.947178	0.645027	0.009341
19.962263	0.65091		0.012049
19.977333	0.664916	0.028483
19.992386	0.682102	0.006166
20.008863	0.667673	0.012156
20.025791	0.670912	0.018626
20.042702	0.647653	0.011974
20.059589	0.65342		0.016953
20.076458	0.637213	0.262596
20.093309	0.698396	0.012441
20.110138	0.642917	0.007334
20.126949	0.611123	0.145238
20.143742	0.645795	0.034372
20.160515	0.645537	0.013697
20.177267	0.639812	0.011578
20.194002	0.631078	0.353003
20.210716	0.627215	0.010514
20.227413	0.648826	0.011273
20.244089	0.636839	0.005691
20.26075	0.634407	0.005566
20.277388	0.639589	0.007645
20.294008	0.638192	0.007683
20.310612	0.614582	0.0853
20.327194	0.642658	0.013101
20.343758	0.641208	0.080414
20.360306	0.649393	0.013795
20.376833	0.64381		0.004483
20.393341	0.655156	0.008075
20.409834	0.658547	0.005372
20.426308	0.652218	0.14803
20.44276	0.676697	0.005461
20.459198	0.673359	0.009841
20.475616	0.67156		0.00582
20.492018	0.672806	0.007439
20.508394	0.684112	0.006859
20.524755	0.666333	0.0209
20.5411		0.671927	0.012533
20.55743	0.686338	0.009612
20.573742	0.670207	0.358114
20.590034	0.688359	0.006209
20.606308	0.664927	0.00688
20.622566	0.669667	0.005208
20.638807	0.695052	0.007212
20.655029	0.684795	0.008673
20.671236	0.691203	0.008096
20.687424	0.69137		0.012504
20.703594	0.68949		0.398149
20.719749	0.668854	0.030103
20.735886	0.695479	0.030067
20.752007	0.702424	0.009859
20.768108	0.692195	0.017117
20.784195	0.686528	0.007593
20.800255	0.670422	0.237354
20.816305	0.694658	0.009601
20.832336	0.700772	0.238126
20.848354	0.700894	0.006531
20.864357	0.680499	0.02127
20.880341	0.679745	0.014124
20.896196	0.671379	0.011045
20.916592	0.652479	0.266395
20.93466	0.61839		0.027953
20.952705	0.674457	0.019704
20.97073	0.679675	0.024198
20.988731	0.664572	0.009404
21.006714	0.718134	0.019304
21.024673	0.690735	0.014005
21.042614	0.666848	0.031026
21.06053	0.746508	0.013622
21.078426	0.72883		0.490967
21.096302	0.752232	0.410447
21.114159	0.699577	0.00987
21.131992	0.709759	0.02235
21.149807	0.706502	0.010892
21.167599	0.68691		0.133304
21.185371	0.683864	0.025956
21.203125	0.661762	0.008777
21.220856	0.683265	0.0057
21.238565	0.716115	0.011766
21.256256	0.686762	0.011464
21.273926	0.709987	0.013172
21.291576	0.732165	0.017512
21.309208	0.714969	0.008582
21.326817	0.702372	0.007603
21.344406	0.682304	0.029394
21.361977	0.748971	0.45534
21.379528	0.691262	0.006326
21.397058	0.689097	0.02244
21.41457	0.715973	0.012879
21.43206	0.708924	0.011226
21.466984	0.75254		0.008317
21.484417	0.694988	0.038169
21.501829	0.694117	0.009493
21.519222	0.687723	0.005964
21.536598	0.684001	0.005964
21.553953	0.693535	0.012034
21.571289	0.700569	0.323066
21.588608	0.701194	0.012974
21.605904	0.71806		0.011722
21.623184	0.695692	0.011845
21.640446	0.66536		0.097357
21.657686	0.701241	0.00689
21.67491	0.713739	0.008462
21.692114	0.682703	0.008207
21.709299	0.694741	0.028981
21.726467	0.715457	0.01251
21.743614	0.693107	0.13387
21.760746	0.68881		0.110353
21.777857	0.708833	0.00697
21.79495	0.773622	0.438366
21.812023	0.721909	0.104789
21.829079	0.691552	0.017932
21.846117	0.712673	0.004716
21.863136	0.732774	0.018339
21.880138	0.711067	0.010628
21.897121	0.752587	0.007008
21.914089	0.718677	0.010649
21.931036	0.701571	0.090679
21.947966	0.719627	0.005578
21.964878	0.662152	0.190244
21.981773	0.751085	0.009432
21.99865	0.685354	0.153618
22.015511	0.719646	0.014569
22.032352	0.726052	0.006405
22.049175	0.812289	0.029973
22.065983	0.734734	0.008748
22.082771	0.733536	0.005032
22.099541	0.707465	0.019457
22.118357	0.779082	0.04571
22.137482	0.722336	0.009895
22.156586	0.738997	0.012408
22.175667	0.74754		0.009711
22.194725	0.760741	0.016108
22.21376	0.736364	0.117707
22.232773	0.769134	0.013916
22.25176	0.751389	0.170936
22.270729	0.759371	0.033678
22.289673	0.749041	0.183463
22.308594	0.739541	0.023099
22.327494	0.748526	0.023305
22.346371	0.749218	0.026664
22.365229	0.740875	0.01727
22.38406	0.746957	0.01054
22.402872	0.729339	0.009652
22.421661	0.710985	0.146125
22.440428	0.74674		0.081111
22.459175	0.742785	0.152843
22.477898	0.731065	0.023073
22.496599	0.744958	0.009
22.51528	0.740688	0.016621
22.533939	0.732163	0.011303
22.552576	0.74386		0.018533
22.571192	0.742414	0.011015
22.589785	0.725898	0.009935
22.608356	0.773119	0.444891
22.626909	0.733122	0.18006
22.645441	0.74265		0.013333
22.663952	0.743886	0.01385
22.68244	0.756364	0.201007
22.700909	0.754833	0.022037
22.719357	0.778249	0.013164
22.737782	0.742367	0.490274
22.756187	0.760512	0.015237
22.774574	0.770096	0.013977
22.811283	0.760685	0.012439
22.829607	0.746177	0.019842
22.847912	0.766826	0.027335
22.866194	0.752325	0.058975
22.884457	0.762		0.013769
22.9027		0.769148	0.020029
22.920925	0.752322	0.093455
22.939127	0.792392	0.01304
22.95731	0.777432	0.052502
22.975473	0.782811	0.014428
22.993618	0.766961	0.00857
23.011742	0.767491	0.342584
23.029846	0.762076	0.329165
23.04793	0.76003		0.012458
23.065996	0.773966	0.006641
23.084038	0.773643	0.012572
23.102062	0.761342	0.015635
23.12007	0.762048	0.010155
23.138056	0.756373	0.008155
23.156025	0.740945	0.014768
23.173971	0.764321	0.019988
23.191902	0.793552	0.014758
23.209812	0.751856	0.035863
23.227703	0.775056	0.011542
23.245575	0.746298	0.006243
23.263428	0.759732	0.023751
23.281263	0.762767	0.010158
23.29908	0.752464	0.007666
23.316879	0.760224	0.0079
23.334652	0.761047	0.017207
23.352413	0.744341	0.13033
23.370152	0.7545		0.01177
23.387875	0.756189	0.017478
23.405579	0.750556	0.035482
23.423264	0.796538	0.393937
23.440933	0.768299	0.340068
23.458582	0.790603	0.008769
23.476212	0.821499	0.351864
23.493828	0.774009	0.044075
23.511419	0.800293	0.016277
23.528996	0.791907	0.029361
23.546551	0.766661	0.018288
23.581615	0.777629	0.014433
23.599121	0.817982	0.041284
23.607841	0.798431	0.041693
23.627974	0.844217	0.013007
23.648083	0.80031		0.106895
23.668167	0.796243	0.030025
23.688229	0.829375	0.021957
23.708265	0.808525	0.016316
23.728291	0.828215	0.509149
23.74828	0.773725	0.363156
23.768255	0.839864	0.009283
23.7882		0.778233	0.379768
23.808121	0.791761	0.154871
23.828022	0.815429	0.202263
23.847897	0.820092	0.367968
23.86775	0.815768	0.022688
23.887581	0.827388	0.019909
23.907387	0.864179	0.55424
23.927174	0.824114	0.011321
23.946926	0.816321	0.012253
23.966667	0.797433	0.117941
23.986374	0.852761	0.020269
24.005835	0.872643	0.017019
24.025743	0.842709	0.129803
24.045395	0.859875	0.03361
24.065023	0.886797	0.544314
24.084629	0.840606	0.026896
24.104214	0.847731	0.007503
24.123533	0.80883		0.011483
24.143074	0.828876	0.009546
24.162592	0.822726	0.012842
24.182087	0.826543	0.008216
24.201563	0.818274	0.016279
24.221016	0.854177	0.473714
24.240448	0.841819	0.016209
24.259859	0.832126	0.020564
24.279249	0.837189	0.013877
24.298616	0.842399	0.01699
24.317965	0.838124	0.007615
24.33729	0.855853	0.317467
24.356596	0.828283	0.008573
24.375881	0.83498		0.010985
24.395144	0.852472	0.018193
24.414387	0.841791	0.014839
24.433609	0.866773	0.015246
24.45281	0.8639		0.011141
24.471992	0.85884		0.414126
24.491133	0.855834	0.018767
24.510271	0.850289	0.016533
24.529388	0.826104	0.2873
24.548487	0.830514	0.014196
24.567566	0.852346	0.041335
24.586622	0.853902	0.01766
24.605661	0.848773	0.01364
24.624678	0.85649		0.01921
24.643677	0.844592	0.016043
24.662655	0.846591	0.277615
24.681612	0.828138	0.014253
24.700268	0.833189	0.010806
24.719185	0.835976	0.025866
24.738369	0.838162	0.187242
24.757227	0.842163	0.064545
24.776085	0.814904	0.022973
24.794924	0.883652	0.295941
24.813454	0.834783	0.023014
24.832253	0.829068	0.014544
24.85103	0.856781	0.073905
24.869793	0.865893	0.008997
24.888535	0.940359	0.329684
24.907257	0.980221	0.009348
24.925961	0.992222	0.462647
24.944633	0.920563	0.013296
24.963287	0.876846	0.00948
24.981934	0.82255		0.475001
25.000559	0.865927	0.01726
25.019165	0.880349	0.006826
25.037756	0.879331	0.015788
25.056326	0.839731	0.011005
25.074879	0.810226	0.547232
25.093414	0.872622	0.014253
25.117496	0.876494	0.010822
25.138977	0.891353	0.046822
25.160435	0.898743	0.007148
25.181866	0.864175	0.021008
25.20327	0.87888		0.012597
25.224651	0.892013	0.028038
25.246006	0.890054	0.02309
25.267338	0.891137	0.016668
25.288645	0.90201		0.018873
25.309925	0.8832		0.047376
25.331184	0.883337	0.284434
25.35199	0.963528	0.0165
25.373196	0.921795	0.044161
25.394377	0.896028	0.437722
25.415535	0.899545	0.006474
25.436668	0.8999		0.028041
25.457777	0.907191	0.006923
25.478863	0.903965	0.406418
25.499926	0.892471	0.009203
25.520962	0.900642	0.072634
25.562523	0.900557	0.007436
25.583488	0.908081	0.372049
25.604431	0.912794	0.021746
25.625349	0.906893	0.00591
25.646244	0.902257	0.016516
25.667114	0.915509	0.02934
25.687962	0.93829		0.00565
25.708788	0.91023		0.011749
25.729589	0.908947	0.066362
25.75037	0.913972	0.01416
25.771126	0.91438		0.079039
25.812569	0.87285		0.256122
25.833227	0.912007	0.069733
25.853861	0.922322	0.035304
25.874504	0.949801	0.023209
25.895123	0.877975	0.258679
25.915718	0.913813	0.011134
25.956844	0.906519	0.01363
25.977375	0.917122	0.010304
25.997883	0.853714	0.409881
26.01837	0.905032	0.011482
26.038834	0.891998	0.05053
26.059277	0.892383	0.010283
26.079697	0.905987	0.007609
26.100096	0.916207	0.005606
26.120472	0.96582		0.487755
26.140827	0.896592	0.010739
26.161163	0.904175	0.009937
26.181477	0.914849	0.006366
26.201736	0.909803	0.013083
26.22197	0.895608	0.052442
26.262444	0.907994	0.04156
26.28265	0.900674	0.014346
26.302834	0.890193	0.023951
26.322996	0.890795	0.021518
26.34314	0.90221		0.009455
26.363262	0.903037	0.018437
26.383362	0.906476	0.047113
26.403442	0.933305	0.01497
26.423504	0.925495	0.011214
26.44351	0.981135	0.345747
26.46349	0.961608	0.030759
26.483488	1.006696	0.04322
26.503464	1.137394	0.016827
26.52342	1.318075	0.017398
26.543358	1.380404	0.010151
26.563272	1.07909		0.005921
26.582659	1.004405	0.007575
26.602533	0.965644	0.007041
26.622389	1.004419	0.006625
26.642153	1.017731	0.020094
26.661966	0.954183	0.024333
26.681759	0.942506	0.179846
26.701532	0.896631	0.009206
26.721287	0.910318	0.032987
26.741022	0.913372	0.008223
26.760738	0.908338	0.006374
26.780436	0.93165		0.006741
26.800112	0.908022	0.009533
26.819695	0.92261		0.016705
26.839331	0.91941		0.011556
26.858948	0.909349	0.014131
26.878546	0.945424	0.312253
26.898125	0.884891	0.021801
26.917685	0.944781	0.01263
26.937227	0.917429	0.294891
26.956751	0.889595	0.008432
26.976175	0.885553	0.017168
26.995659	0.906588	0.024982
27.015123	0.893186	0.012358
27.034569	0.887637	0.01461
27.053995	0.983234	0.025049
27.072863	0.936767	0.007531
27.092253	0.933714	0.014229
27.112087	0.982707	0.025915
27.131439	0.926175	0.015772
27.150227	0.964385	0.012183
27.169538	0.91727		0.039226
27.188835	0.912125	0.0764
27.208115	0.893872	0.007382
27.227924	0.920146	0.376771
27.246532	0.910699	0.015573
27.265755	0.926784	0.019983
27.284958	0.898058	0.015658
27.311363	0.958365	0.0095
27.333836	1.015692	0.011963
27.355576	0.997673	0.015755
27.377995	0.960982	0.434075
27.400391	1.01864		0.02537
27.42276	0.982543	0.009958
27.445105	0.992213	0.014282
27.467424	0.985219	0.009341
27.489719	0.986315	0.013631
27.511272	1.01093		0.007776
27.533518	0.978442	0.006942
27.555737	0.985658	0.012371
27.577934	0.983327	0.007577
27.600105	1.014145	0.009862
27.622253	0.992536	0.020824
27.644377	0.979287	0.008417
27.666477	0.984704	0.010086
27.688553	0.987238	0.01077
27.710602	0.988313	0.014443
27.732632	0.998134	0.065716
27.754637	1.020982	0.491989
27.776546	0.980723	0.020343
27.798502	0.960047	0.010248
27.820358	1.013652	0.015846
27.842266	1.051941	0.012643
27.864153	0.975215	0.015277
27.886015	1.003221	0.024621
27.907854	0.948923	0.251145
27.92967	0.999267	0.019342
27.951464	0.9461		0.023737
27.973236	1.000862	0.015603
27.994984	0.993772	0.009939
28.016708	0.976285	0.011629
28.03841	0.977113	0.0056
28.060091	0.988972	0.05076
28.081749	1.004301	0.397227
28.103384	1.048978	0.009567
28.124081	0.99208		0.016649
28.145666	0.990532	0.026722
28.167992	0.993839	0.343788
28.188774	0.970542	0.030761
28.210295	0.960045	0.012776
28.231794	0.999642	0.395707
28.253271	1.005466	0.018524
28.274727	0.994853	0.009577
28.29616	0.989909	0.007523
28.316801	0.976301	0.013858
28.338964	1.005622	0.014261
28.360168	1.006554	0.016277
28.380737	1.007735	0.093936
28.402061	1.057681	0.006353
28.423361	1.00597		0.021869
28.444641	0.995933	0.010767
28.4659		1.000929	0.007959
28.487139	0.986419	0.008324
28.508356	1.012214	0.009558
28.529552	1.010928	0.013042
28.550644	0.993907	0.005496
28.571711	1.03143		0.014848
28.592842	1.020231	0.009708
28.635042	1.021983	0.015344
28.656113	1.020183	0.009886
28.677162	1.022101	0.008717
28.698193	1.030686	0.014419
28.719202	0.98964		0.016122
28.740013	1.058449	0.027662
28.760979	0.989602	0.137442
28.781923	1.021999	0.011379
28.802849	0.981823	0.00863
28.823757	1.043624	0.00766
28.844643	1.018875	0.007419
28.865509	1.003981	0.020012
28.886356	1.012843	0.133935
28.907		1.012599	0.025435
28.927803	1.091406	0.023979
28.948589	1.039818	0.018798
28.969353	1.025242	0.022699
28.990101	1.056027	0.377257
29.023945	1.100445	0.453924
29.048481	1.185854	0.062613
29.071966	1.086413	0.017603
29.096445	1.062111	0.009832
29.120895	1.099658	0.480763
29.145319	1.109361	0.008311
29.169714	1.085881	0.011225
29.19305	1.071739	0.010031
29.217388	1.064317	0.009145
29.241699	1.089023	0.076699
29.265984	1.126294	0.457426
29.290239	1.079757	0.009149
29.314468	1.061946	0.011094
29.338671	1.085064	0.627766
29.362846	1.096386	0.010541
29.386995	1.093411	0.087647
29.411118	1.129842	0.017969
29.435213	1.128421	0.013404
29.459282	1.137809	0.015392
29.483324	1.131406	0.010487
29.507341	1.05761		0.024557
29.53133	1.143855	0.480722
29.555294	1.129072	0.228814
29.579235	1.085552	0.009886
29.603146	1.007962	0.011513
29.625971	1.170263	0.021885
29.64983	1.069056	0.006961
29.673664	1.047355	0.50162
29.697472	1.140486	0.453562
29.721254	1.062655	0.014845
29.743942	1.061788	0.415351
29.768745	1.083379	0.008491
29.792452	1.080351	0.008808
29.814913	1.052018	0.008989
29.838566	1.025777	0.215544
29.862045	1.191808	0.407519
29.885647	1.095496	0.011826
29.909225	1.090517	0.013716
29.932779	1.090384	0.012836
29.979813	1.128557	0.031458
30.003296	1.089866	0.012447
30.026752	1.075903	0.460707
30.050182	1.112282	0.033814
30.073591	1.141498	0.011548
30.096975	1.18303		0.612448
30.120337	1.127117	0.423473
30.143673	1.106285	0.013875
30.166988	1.099674	0.137939
30.190117	1.133881	0.023743
30.21212	1.03655		0.264725
30.23646	1.054135	0.02044
30.259674	1.091498	0.014703
30.281763	1.126565	0.012961
30.304932	1.106764	0.1136
30.328075	1.072226	0.008532
30.351198	1.061367	0.33802
30.373184	1.107107	0.014271
30.396259	1.109362	0.007552
30.420427	1.095867	0.010017
30.442177	1.097525	0.085552
30.465014	1.137117	0.019768
30.487993	1.103632	0.014412
30.510952	1.140302	0.011959
30.533886	1.104315	0.155899
30.556801	1.074511	0.010277
30.579693	1.093025	0.012635
30.602562	1.13934		0.007946
30.625408	1.129221	0.007267
30.648235	1.216739	0.529725
30.670866	1.096037	0.02218
30.69347	1.076252	0.223656
30.716225	1.161563	0.018957
30.73896	1.14418		0.013231
30.761673	1.069955	0.008649
30.784365	1.074103	0.346773
30.807035	1.070273	0.011937
30.829685	1.083466	0.010818
30.850815	1.161932	0.029706
30.873415	1.106046	0.023039
30.897139	1.105946	0.009846
30.918554	1.065471	0.018953
30.941092	1.113522	0.381505
30.96361	1.094694	0.011801
30.984955	1.035702	0.400956
31.03067	1.201836	0.562837
31.051945	1.128526	0.018402
31.074352	1.132495	0.011583
31.096741	1.068047	0.281843
31.105776	1.160316	0.052334
31.132591	1.13012		0.015533
31.159374	1.166506	0.023807
31.184685	1.180263	0.073353
31.211641	1.106628	0.188545
31.238333	1.214896	0.011778
31.264994	1.209313	0.093621
31.291624	1.184263	0.014628
31.318226	1.21071		0.02035
31.344795	1.141056	0.172623
31.371574	1.245908	0.033724
31.398087	1.020128	0.01311
31.424572	1.224412	0.022721
31.451023	1.143485	0.017601
31.477448	1.214707	0.191116
31.502375	1.167613	0.021193
31.528738	1.25183		0.66127
31.555073	1.172342	0.01827
31.581377	1.312347	0.56701
31.607655	1.142798	0.01867
31.633902	1.229281	0.022816
31.658392	1.186606	0.015046
31.684578	1.224172	0.01876
31.710739	1.205458	0.139504
31.73687	1.17325		0.009253
31.762974	1.210551	0.028918
31.788788	1.193638	0.032471
31.814831	1.171335	0.224427
31.840849	1.218217	0.029247
31.865349	1.18316		0.080774
31.89131	1.20378		0.017935
31.917242	1.226937	0.08127
31.944643	1.209017	0.024816
31.970522	1.16745		0.014817
31.996376	1.180986	0.248403
32.020699	1.198713	0.022905
32.046497	1.222133	0.0204
32.072266	1.196217	0.064868
32.096504	1.188324	0.012208
32.122219	1.253176	0.01044
32.147903	1.211301	0.013341
32.173569	1.202458	0.082175
32.199203	1.188072	0.008657
32.224812	1.191978	0.011245
32.250397	1.202727	0.010073
32.275955	1.231988	0.00903
32.301483	1.234761	0.016001
32.326988	1.235266	0.017901
32.352188	1.208377	0.028164
32.37764	1.231933	0.076552
32.401249	1.288384	0.021942
32.426647	1.248653	0.033843
32.453545	1.223379	0.373149
32.478897	1.209774	0.017395
32.502686	1.261481	0.117274
32.527985	1.228647	0.31623
32.553253	1.230732	0.02282
32.576965	1.148342	0.323132
32.602184	1.206254	0.011252
32.628922	1.148978	0.018445
32.654095	1.187116	0.014569
32.677399	1.111892	0.0104
32.702217	1.261786	0.016608
32.72731	1.264403	0.02973
32.75238	1.194168	0.032204
32.777428	1.235846	0.016859
32.802444	1.227043	0.009145
32.827446	1.184579	0.086547
32.852417	1.253712	0.007435
32.877369	1.243978	0.009822
32.902294	1.291086	0.02285
32.925636	1.184659	0.024545
32.949894	1.227242	0.087447
32.974743	1.255652	0.025179
32.999569	1.273015	0.388727
33.024368	1.199983	0.00977
33.049149	1.231435	0.019848
33.072338	1.216799	0.014928
33.097069	1.269433	0.123608
33.12178	1.197598	0.016081
33.148041	1.153001	0.207297
33.170811	1.21335		0.018548
33.195126	1.273375	0.368144
33.219738	1.2933		0.032961
33.244331	1.22641		0.079875
33.268898	1.232715	0.133936
33.293449	1.276282	0.016105
33.317974	1.253986	0.011139
33.342476	1.182771	0.018306
33.366959	1.285079	0.02858
33.391083	1.229143	0.336554
33.41518	1.351776	0.025242
33.43959	1.187975	0.021488
33.462387	1.314624	0.022203
33.486755	1.323787	0.020536
33.509506	1.288572	0.400315
33.535423	1.047446	0.047899
33.55904	1.299784	0.064311
33.581718	1.2792		0.025742
33.605972	1.285005	0.074813
33.630203	1.211657	0.02851
33.654411	1.306482	0.349429
33.678604	1.20303		0.018968
33.70438	1.188956	0.017124
33.726219	1.293347	0.036079
33.750343	1.242057	0.145099
33.774445	1.179302	0.036011
33.798523	1.413644	0.200223
33.822586	1.137893	0.021276
33.846626	1.551478	0.031761
33.870293	1.306934	0.06195
33.892311	1.291734	0.038099
33.9179		1.359612	0.591007
33.941856	1.432952	0.018484
33.964169	1.255844	0.053056
33.988083	1.167913	0.026235
34.000385	1.626639	0.033115
34.029358	1.407039	0.681794
34.056274	1.540705	0.038024
34.085178	1.376233	0.017145
34.114052	1.342636	0.056377
34.142899	1.190844	0.02975
34.171711	1.33503		0.03091
34.200493	1.429413	0.028281
34.22924	1.314096	0.131359
34.257965	1.475799	0.281494
34.286652	1.482183	0.013136
34.315311	2.05125		0.086929
34.343941	1.883087	0.027374
34.372536	1.437125	0.217361
34.399063	1.36329		0.018298
34.427597	1.407818	0.043865
34.454056	1.319097	0.047735
34.482533	1.319704	0.027108
34.510979	1.42896		0.440474
34.539394	1.228176	0.043625
34.56778	1.462069	0.046815
34.596138	1.335425	0.020863
34.624466	1.388556	0.011907
34.652771	1.324852	0.018248
34.681038	1.324121	0.015237
34.709282	1.468263	0.031146
34.737495	1.463858	0.013194
34.763615	1.301993	0.021953
34.791767	1.385223	0.013752
34.819897	1.291227	0.018333
34.847996	1.373221	0.029475
34.876068	1.310026	0.02795
34.90155	1.536287	0.033675
34.929562	1.32414		0.04958
34.957546	1.366891	0.029625
34.985008	1.331179	0.031324
35.012932	1.37885		0.023521
35.03875	1.363443	0.144676
35.068703	1.333855	0.022976
35.096546	1.190112	0.019983
35.124367	1.418515	0.015314
35.152153	1.412425	0.016329
35.179916	1.369211	0.024626
35.205563	1.420267	0.029164
35.231174	1.395964	0.84315
35.258858	1.363269	0.026996
35.288609	1.368786	0.366088
35.316238	1.249656	0.130674
35.341228	1.570304	0.051396
35.368801	1.429289	0.035047
35.395828	1.265959	0.032733
35.421242	1.247993	0.026315
35.44873	1.485419	0.019632
35.478306	1.318175	0.0507
35.505749	1.43581		0.061901
35.533165	1.686572	0.037584
35.560558	1.377053	0.018166
35.585808	1.204073	0.246157
35.613152	1.458285	0.035756
35.640465	1.275806	0.024982
35.667759	2.071114	0.062828
35.691818	2.61802		0.078529
35.719048	2.032737	0.035001
35.746258	1.582484	0.031988
35.773445	1.140472	0.036926
35.800602	1.527895	0.045335
35.82774	1.321898	0.16709
35.854851	1.307972	0.023455
35.881943	1.417392	0.033753
35.909004	1.494692	0.07193
35.932793	1.005945	0.058826
35.959801	1.408979	0.064179
35.986786	1.391573	0.050333
36.013748	1.394929	0.041341
36.038544	1.35612		0.027144
36.06546	1.415059	0.012825
36.09235	1.684406	0.03695
36.121365	1.144555	0.158119
36.145493	1.919532	0.14719
36.17231	1.278271	0.043871
36.196369	1.204494	0.033724
36.225288	1.603431	0.083658
36.252037	1.160136	0.049675
36.278763	1.418825	0.023457
36.305466	1.430375	0.034024
36.329987	1.83989		0.059837
36.356647	1.227808	0.057982
36.382088	1.416766	0.059326
36.408691	1.368592	0.068837
36.433113	1.237889	0.045802
36.459671	1.383039	0.037782
36.486214	1.44142		0.055578
36.514896	2.072551	0.253566
36.53862	1.084658	0.048414
36.56448	1.280701	0.592678
36.590927	2.037003	0.034675
36.617348	1.415623	0.034699
36.643753	1.778213	0.407737
36.670135	0.89586		0.015404
36.696499	2.833524	0.106677
36.719418	1.396353	0.090764
36.745724	1.503237	0.055319
36.772015	1.214767	0.314294
36.796101	1.607106	0.090005
36.82235	1.206548	0.046279
36.850765	1.167677	0.037227
36.874153	1.345139	0.04459
36.899696	1.274837	0.106358
