10.004904	0.725715	0.009137
10.012988	0.731292	0.011243
10.021071	0.743		0.011997
10.029154	0.725933	0.015138
10.037234	0.73597		0.010352
10.045313	0.723453	0.01722
10.053392	0.719254	0.015347
10.061468	0.737518	0.01048
10.069544	0.727875	0.011767
10.077618	0.733515	0.014349
10.08569	0.730819	0.016217
10.093762	0.72161		0.115046
10.101832	0.739516	0.011137
10.109901	0.748069	0.013259
10.118013	0.743924	0.011361
10.12608	0.741757	0.012245
10.134145	0.724334	0.007731
10.142208	0.744216	0.008069
10.15027	0.738158	0.006366
10.158331	0.728011	0.00538
10.16639	0.743137	0.010111
10.174449	0.740768	0.005308
10.182506	0.737062	0.009469
10.190561	0.726802	0.183636
10.198615	0.746974	0.00659
10.206668	0.753535	0.0122
10.21472	0.7396		0.009992
10.222769	0.762429	0.007232
10.230818	0.739369	0.009186
10.238866	0.754247	0.012735
10.246912	0.748538	0.010595
10.254956	0.747623	0.008705
10.263		0.767064	0.011387
10.271043	0.743185	0.010606
10.279083	0.760186	0.008026
10.287123	0.755983	0.005242
10.295161	0.761126	0.009736
10.303198	0.759828	0.004798
10.311234	0.760436	0.00898
10.319268	0.773261	0.006194
10.327301	0.766395	0.006305
10.335333	0.765501	0.007524
10.343363	0.780713	0.01292
10.351392	0.76856		0.00752
10.359468	0.772124	0.007292
10.367495	0.775161	0.013704
10.37552	0.767661	0.00936
10.383543	0.781003	0.010436
10.391566	0.766303	0.006747
10.399588	0.774727	0.012182
10.407607	0.781014	0.008519
10.415627	0.773791	0.003887
10.423643	0.775014	0.004829
10.43166	0.784646	0.0034
10.439674	0.78199		0.007631
10.447687	0.770618	0.00457
10.455699	0.795869	0.005468
10.46371	0.765134	0.004264
10.47172	0.782241	0.009721
10.479728	0.782994	0.007487
10.487734	0.789211	0.005451
10.495739	0.783833	0.007134
10.508369	0.795258	0.206325
10.516876	0.77687		0.012042
10.525383	0.795705	0.011625
10.533886	0.794803	0.015073
10.542389	0.805333	0.199785
10.55089	0.783317	0.01364
10.559389	0.793802	0.012481
10.567888	0.810252	0.062323
10.576385	0.79725		0.015312
10.584881	0.806059	0.009106
10.593374	0.804232	0.012995
10.601867	0.806521	0.017064
10.610357	0.824574	0.011276
10.618847	0.862197	0.011829
10.627336	0.94956		0.021445
10.635822	0.937191	0.018468
10.644308	0.873604	0.013894
10.652792	0.819815	0.010327
10.661275	0.811157	0.010884
10.669756	0.816756	0.005296
10.678236	0.796329	0.006172
10.686714	0.81608		0.014671
10.695191	0.806355	0.008183
10.703667	0.811009	0.007231
10.712141	0.815549	0.007663
10.720613	0.813647	0.009059
10.729086	0.8232		0.011373
10.737556	0.814211	0.006951
10.746024	0.822012	0.007762
10.754491	0.819552	0.009991
10.762957	0.815033	0.006472
10.771421	0.822214	0.005584
10.779884	0.837782	0.013458
10.788345	0.83047		0.01196
10.796806	0.820161	0.005234
10.805264	0.834993	0.010298
10.813723	0.816366	0.00689
10.822178	0.839719	0.007167
10.830633	0.823155	0.010249
10.839087	0.831989	0.00677
10.847538	0.840992	0.008156
10.855988	0.839376	0.007396
10.864437	0.836234	0.019761
10.872885	0.829662	0.004544
10.88133	0.867785	0.494533
10.889775	0.826915	0.007736
10.898218	0.843819	0.388004
10.90666	0.835465	0.035325
10.915102	0.847643	0.009002
10.92354	0.838021	0.035044
10.931978	0.843889	0.007536
10.940414	0.841623	0.01016
10.94885	0.837537	0.00592
10.957283	0.844405	0.006764
10.965715	0.855814	0.006023
10.974146	0.849744	0.006583
10.982576	0.840016	0.034855
10.991004	0.854203	0.007564
10.999499	0.838686	0.016258
11.003922	0.847367	0.011014
11.012907	0.850657	0.00673
11.021891	0.841586	0.00599
11.030873	0.845366	0.00658
11.039854	0.843796	0.007436
11.048836	0.860482	0.006299
11.057814	0.863112	0.00866
11.06679	0.845424	0.01235
11.075765	0.834938	0.0079
11.084738	0.863209	0.00576
11.09371	0.856315	0.006052
11.10268	0.852892	0.01073
11.111649	0.865562	0.009707
11.120616	0.854074	0.007216
11.129582	0.858596	0.008982
11.138546	0.86609		0.006846
11.147509	0.849079	0.006849
11.156471	0.86249		0.009844
11.16543	0.857307	0.010379
11.174389	0.878391	0.008531
11.183346	0.861146	0.005711
11.192301	0.86255		0.010657
11.201254	0.860192	0.039007
11.210207	0.868269	0.009768
11.219158	0.88049		0.006491
11.228107	0.866289	0.007111
11.237055	0.874359	0.012211
11.246002	0.862181	0.008409
11.254948	0.875086	0.008539
11.263891	0.864393	0.006486
11.272833	0.880993	0.006383
11.281773	0.882903	0.004407
11.290711	0.884322	0.008913
11.299648	0.872832	0.00775
11.308584	0.880499	0.006866
11.317518	0.883428	0.006833
11.326451	0.888841	0.009555
11.335382	0.890567	0.01327
11.344313	0.897576	0.008825
11.353241	0.896786	0.008846
11.362167	0.900633	0.006159
11.371093	0.898495	0.035681
11.380016	0.901185	0.004593
11.388939	0.912423	0.009735
11.39786	0.904976	0.009311
11.406779	0.889002	0.006889
11.415697	0.898563	0.006624
11.424613	0.904195	0.009252
11.433529	0.919648	0.005318
11.442442	0.910367	0.005601
11.451353	0.895017	0.007875
11.460264	0.901217	0.013599
11.469173	0.905016	0.007045
11.478081	0.904145	0.005167
11.486986	0.911716	0.006046
11.495892	0.900083	0.005926
11.504794	0.912018	0.008698
11.513696	0.910388	0.010477
11.522596	0.911693	0.006477
11.531494	0.898062	0.006429
11.540392	0.905869	0.007416
11.549287	0.891853	0.007052
11.558182	0.907288	0.010071
11.567074	0.903351	0.008367
11.575966	0.912205	0.006721
11.584855	0.895276	0.015972
11.593743	0.906273	0.00688
11.60263	0.902154	0.006654
11.611515	0.896151	0.007312
11.620399	0.901192	0.007168
11.629282	0.89599		0.005347
11.638163	0.900328	0.005995
11.647041	0.917837	0.005625
11.65592	0.900123	0.007783
11.664797	0.932877	0.017588
11.673672	0.909566	0.005473
11.682545	0.927726	0.476417
11.691418	0.918722	0.010977
11.708624	0.933384	0.012417
11.718117	0.906173	0.008341
11.72761	0.91404		0.015435
11.7371		0.915378	0.014902
11.746588	0.8892		0.155467
11.756075	0.922814	0.012666
11.765561	0.919472	0.015814
11.775045	0.922519	0.013158
11.784528	0.911539	0.009877
11.794008	0.911103	0.011326
11.803488	0.91091		0.302253
11.812965	0.916867	0.011482
11.822443	0.905439	0.008338
11.83192	0.912466	0.009294
11.841393	0.910139	0.009467
11.850864	0.926317	0.008291
11.860332	0.921622	0.008422
11.869801	0.923463	0.00754
11.879268	0.911476	0.007154
11.888732	0.914991	0.008064
11.898195	0.913473	0.005178
11.907658	0.917791	0.00579
11.917116	0.902522	0.038424
11.926575	0.916258	0.128174
11.936031	0.91676		0.012046
11.945487	0.901007	0.00846
11.954941	0.907567	0.008634
11.964392	0.918395	0.008597
11.973843	0.90702		0.228505
11.983292	0.917261	0.007515
11.992739	0.911093	0.006984
12.002184	0.930302	0.005579
12.011629	0.931245	0.00711
12.02107	0.919044	0.01035
12.030512	0.917327	0.010726
12.039951	0.922742	0.011761
12.049389	0.929711	0.008775
12.058825	0.920154	0.008862
12.06826	0.934241	0.008229
12.077692	0.925779	0.008048
12.087124	0.939182	0.00779
12.096554	0.926421	0.00697
12.105982	0.915442	0.009031
12.115408	0.922278	0.012091
12.124834	0.922084	0.011631
12.134256	0.925909	0.009381
12.143679	0.9267		0.011882
12.153099	0.9409		0.010172
12.162518	0.944976	0.393542
12.171936	0.93815		0.006322
12.181351	0.940234	0.008853
12.190764	0.932416	0.011605
12.200177	0.934434	0.012652
12.209588	0.935991	0.011416
12.218998	0.93705		0.011597
12.228405	0.933252	0.198885
12.237811	0.921293	0.010016
12.247215	0.929042	0.011501
12.256618	0.92717		0.00882
12.26602	0.93871		0.00657
12.275419	0.933518	0.013976
12.284819	0.936013	0.012734
12.294215	0.93915		0.012057
12.30361	0.940455	0.419099
12.313004	0.943976	0.01025
12.322395	0.951298	0.41958
12.331787	0.931149	0.010119
12.341175	0.933598	0.015143
12.350563	0.95128		0.013058
12.359948	0.949004	0.013197
12.369333	0.941132	0.014323
12.378716	0.955719	0.010452
12.388096	0.950745	0.009174
12.397476	0.946829	0.011482
12.408842	0.954588	0.016308
12.418926	0.927965	0.018348
12.429008	0.943834	0.013485
12.439085	0.929005	0.187808
12.44916	0.961166	0.013305
12.45923	0.939934	0.013125
12.469302	0.945032	0.012985
12.479371	0.959339	0.016629
12.489439	0.937756	0.015044
12.499504	0.949302	0.009777
12.509567	0.948002	0.011625
12.51963	0.941434	0.140658
12.529691	0.956116	0.011357
12.539749	0.947797	0.011291
12.549807	0.948385	0.132024
12.559862	0.952771	0.009832
12.569916	0.955343	0.012434
12.579967	0.942243	0.009286
12.590017	0.946686	0.012028
12.600065	0.949705	0.012599
12.610113	0.951763	0.012193
12.620158	0.919954	0.214391
12.630201	0.931595	0.015178
12.640244	0.941697	0.016112
12.650288	0.935839	0.00846
12.660331	0.946169	0.006577
12.670367	0.936684	0.00897
12.680403	0.936404	0.007418
12.690435	0.944574	0.005692
12.700466	0.948291	0.005037
12.710497	0.945283	0.004788
12.720524	0.942661	0.004855
12.730551	0.94072		0.316389
12.740576	0.94518		0.267623
12.750599	0.94094		0.004696
12.76062	0.944306	0.004387
12.770639	0.935893	0.005044
12.780657	0.957354	0.004877
12.790674	0.943571	0.122624
12.800688	0.940563	0.006333
12.8107		0.944175	0.006433
12.820712	0.945101	0.00555
12.830721	0.934523	0.008883
12.840729	0.948596	0.007209
12.850735	0.939661	0.006492
12.86074	0.949862	0.005262
12.870743	0.949451	0.008843
12.880743	0.949071	0.009762
12.890743	0.93772		0.008695
12.900741	0.946211	0.007245
12.910736	0.943049	0.004752
12.920731	0.946447	0.004768
12.930723	0.953846	0.005271
12.940714	0.976081	0.280466
12.950704	1.07331		0.004462
12.960691	1.091758	0.00527
12.970676	1.088161	0.008133
12.980661	0.965586	0.006156
12.990644	0.960118	0.004994
13.000625	0.9342		0.004073
13.010603	0.951042	0.004234
13.02058	0.949933	0.004272
13.030557	0.939647	0.006026
13.040531	0.947805	0.006282
13.050504	0.945612	0.004775
13.060474	0.948766	0.00394
13.070444	0.938218	0.005253
13.080411	0.946265	0.004431
13.090377	0.928299	0.004141
13.100341	0.950127	0.005876
13.110304	0.930562	0.006434
13.120264	0.954165	0.005061
13.130223	0.936242	0.007823
13.140181	0.96052		0.031614
13.150137	0.955186	0.008101
13.160091	0.950462	0.004766
13.170043	0.93691		0.325027
13.179994	0.936256	0.006518
13.189943	0.961982	0.006331
13.19989	0.941307	0.00696
13.2003		0.942028	0.009201
13.21104	0.977795	0.006155
13.221781	0.975932	0.00707
13.232518	0.984469	0.008519
13.243254	0.962964	0.00881
13.253986	0.955118	0.008452
13.264719	0.97534		0.006654
13.275449	0.968372	0.008984
13.286178	0.984718	0.011234
13.296904	0.960126	0.007065
13.307629	0.966171	0.006997
13.318352	0.977284	0.007009
13.329072	0.984608	0.007943
13.3398		0.96689		0.006692
13.350525	0.966215	0.008331
13.36124	0.965767	0.008488
13.371954	0.970029	0.007707
13.382666	0.960015	0.009798
13.393375	0.973153	0.011385
13.404084	0.972765	0.009017
13.414791	0.962969	0.393789
13.425495	0.987014	0.006407
13.436197	0.975403	0.008325
13.446898	0.979459	0.009592
13.45741	0.966257	0.011653
13.468107	0.982011	0.007657
13.478803	0.97694		0.010989
13.489496	0.991035	0.010502
13.500188	0.966313	0.009682
13.510878	0.967376	0.008764
13.521565	0.976234	0.008623
13.532251	0.982863	0.010797
13.542935	0.980253	0.009933
13.553618	0.963918	0.011502
13.564299	0.974262	0.008995
13.574978	0.988393	0.012045
13.585655	0.983672	0.010648
13.596331	0.98024		0.010551
13.607004	0.968247	0.010547
13.617676	0.975076	0.012186
13.628345	0.984883	0.010088
13.639013	0.989035	0.008939
13.649488	0.978587	0.009591
13.660152	0.973473	0.009454
13.670815	0.993623	0.389567
13.681476	1.00319		0.008074
13.692135	1.013811	0.008424
13.702791	0.996329	0.006794
13.713448	0.9991		0.010469
13.7241		0.985479	0.007621
13.734752	1.018482	0.008444
13.745401	1.005215	0.007744
13.75605	0.994351	0.008795
13.766697	0.984489	0.011186
13.777341	1.012045	0.008206
13.787984	0.999114	0.009856
13.798624	1.014416	0.011794
13.809263	1.002774	0.011492
13.819901	1.000246	0.010831
13.830537	1.011151	0.006281
13.841171	1.022296	0.010227
13.851803	1.000756	0.009104
13.862432	1.042593	0.402492
13.873061	1.007554	0.011827
13.883688	1.006949	0.0069
13.894313	1.032727	0.009677
13.904936	1.009301	0.009572
13.915558	1.012328	0.01083
13.926176	1.013557	0.01113
13.936794	1.031292	0.008175
13.947411	1.013336	0.011266
13.958025	1.019525	0.008001
13.968637	1.018669	0.010522
13.979248	1.006911	0.010624
13.989857	1.031513	0.008729
14.000463	1.022433	0.008916
14.011068	1.029564	0.008515
14.021673	1.028227	0.010836
14.032274	1.023761	0.009308
14.042875	1.020811	0.007783
14.053473	1.025369	0.010102
14.06407	1.044214	0.008294
14.074664	1.01007		0.0205
14.085257	1.021954	0.009943
14.095848	1.028803	0.009011
14.106438	1.035134	0.009635
14.117025	1.042321	0.009071
14.127611	1.00846		0.009862
14.138195	1.034263	0.011316
14.148778	1.035382	0.009783
14.159359	1.008381	0.013486
14.169937	1.04136		0.011163
14.180515	1.042732	0.009266
14.191091	0.996213	0.008493
14.205001	1.052442	0.012452
14.216478	1.043124	0.013827
14.227953	1.043329	0.014653
14.239426	1.040549	0.01019
14.250896	1.041573	0.013563
14.262365	1.035302	0.009759
14.273833	1.052162	0.013544
14.285313	1.086355	0.457254
14.296789	1.058275	0.011305
14.30825	1.05237		0.010806
14.31971	1.05669		0.008615
14.331167	1.050947	0.010207
14.342623	1.057762	0.007562
14.354076	1.070306	0.008021
14.365528	1.050181	0.011173
14.376977	1.065271	0.099319
14.388425	1.045277	0.011177
14.39987	1.070554	0.00851
14.411314	1.058607	0.006463
14.422756	1.06313		0.00978
14.434196	1.082124	0.008
14.445634	1.083867	0.011584
14.45707	1.129633	0.009895
14.468504	1.206632	0.009351
14.479937	1.283405	0.013393
14.491125	1.260746	0.009398
14.502553	1.147663	0.010381
14.51398	1.107965	0.011764
14.525404	1.050424	0.012295
14.536826	1.078834	0.013675
14.548246	1.058659	0.011063
14.559665	1.068509	0.373628
14.571081	1.074007	0.014398
14.582496	1.080586	0.449202
14.593908	1.081218	0.37137
14.605075	1.070364	0.01233
14.616484	1.091303	0.011225
14.62789	1.071173	0.264745
14.639295	1.061975	0.011212
14.650697	1.084927	0.010261
14.662098	1.079092	0.013064
14.673496	1.084077	0.009024
14.684894	1.087224	0.012218
14.696289	1.08334		0.010552
14.707682	1.094165	0.009817
14.719073	1.101209	0.012339
14.730462	1.096304	0.010498
14.74185	1.099605	0.011211
14.753235	1.094251	0.010382
14.764618	1.107115	0.011268
14.776001	1.10103		0.011979
14.78738	1.110116	0.01037
14.798758	1.107009	0.009628
14.810133	1.105654	0.010166
14.821507	1.112473	0.007833
14.83288	1.110512	0.010451
14.84425	1.089762	0.009942
14.855618	1.110559	0.008525
14.866984	1.115174	0.009334
14.878349	1.099003	0.010086
14.889711	1.124935	0.009091
14.901073	1.101781	0.006769
14.912432	1.103812	0.007777
14.923788	1.110062	0.010703
14.935143	1.120248	0.007649
14.946496	1.116948	0.007836
14.957848	1.114168	0.010081
14.969196	1.117935	0.006918
14.980544	1.121122	0.012606
14.99189	1.121022	0.009383
15.003233	1.132891	0.007859
15.014575	1.115596	0.012669
15.025915	1.104521	0.011052
15.037252	1.107803	0.014595
15.048589	1.105064	0.012115
15.059923	1.130082	0.009556
15.071256	1.1125		0.016074
15.082586	1.116544	0.013864
15.093915	1.122528	0.015273
15.105242	1.133729	0.011208
15.116566	1.141969	0.013036
15.12789	1.104121	0.013667
15.13921	1.136405	0.014497
15.15053	1.12798		0.012487
15.161847	1.114396	0.012674
15.172903	1.127472	0.009728
15.184216	1.138523	0.017508
15.195528	1.099715	0.010364
15.211985	1.151091	0.013693
15.224035	1.128337	0.014056
15.236382	1.137914	0.014471
15.248726	1.144575	0.016385
15.261067	1.118918	0.01808
15.273407	1.143794	0.022399
15.285789	1.115386	0.014827
15.298124	1.145504	0.017016
15.310159	1.149573	0.013278
15.322489	1.168261	0.028665
15.334818	1.149838	0.013919
15.347145	1.128655	0.016129
15.35947	1.184729	0.015606
15.371793	1.152161	0.012593
15.384113	1.162483	0.014093
15.396431	1.161533	0.014153
15.408748	1.125795	0.013963
15.421062	1.183004	0.014387
15.433374	1.149997	0.012159
15.445684	1.171637	0.012129
15.457993	1.171914	0.011046
15.470299	1.160168	0.008269
15.482602	1.189762	0.012721
15.494904	1.165773	0.008628
15.507204	1.183695	0.010278
15.519501	1.17741		0.009554
15.531797	1.146472	0.008065
15.54409	1.188484	0.010596
15.556381	1.200747	0.009903
15.56867	1.189253	0.00854
15.580958	1.18866		0.007575
15.593243	1.169811	0.010984
15.605526	1.181018	0.010454
15.617499	1.170518	0.011462
15.629778	1.19663		0.0113
15.642055	1.216926	0.012503
15.654329	1.186912	0.016569
15.666601	1.203822	0.014785
15.678919	1.184053	0.016162
15.691188	1.210948	0.015723
15.703454	1.256775	0.014207
15.715718	1.375223	0.020588
15.727981	1.54795		0.02174
15.74024	1.547933	0.021334
15.752186	1.351624	0.014652
15.764441	1.248962	0.013299
15.776695	1.220204	0.013554
15.788947	1.216844	0.012286
15.801196	1.201719	0.013597
15.813444	1.189775	0.011269
15.825689	1.231491	0.011928
15.837933	1.205332	0.012243
15.850174	1.221807	0.010051
15.862413	1.220156	0.013737
15.874651	1.202798	0.00959
15.886887	1.206872	0.008831
15.899118	1.233669	0.012795
15.91135	1.219737	0.008963
15.923578	1.239111	0.013629
15.935806	1.22167		0.01327
15.94803	1.228755	0.010657
15.960254	1.212634	0.012287
15.972475	1.222528	0.013127
15.984694	1.253386	0.014947
15.99691	1.235215	0.013491
16.009125	1.227575	0.014466
16.021339	1.264115	0.013078
16.033548	1.216992	0.014565
16.045757	1.230384	0.013754
16.057964	1.254295	0.011746
16.070168	1.229803	0.00926
16.082371	1.231744	0.010426
16.09425	1.240113	0.011787
16.106398	1.228797	0.102832
16.118593	1.31533		0.011121
16.130787	1.263363	0.014375
16.142979	1.256225	0.012524
16.155169	1.252837	0.013328
16.167356	1.233568	0.013232
16.179543	1.264211	0.015676
16.191727	1.250198	0.016085
16.203583	1.251681	0.016584
16.215763	1.251447	0.013127
16.227942	1.249612	0.01278
16.240116	1.227916	0.013239
16.252291	1.265904	0.01466
16.264462	1.240971	0.016726
16.27663	1.272491	0.014257
16.288799	1.262356	0.014649
16.300964	1.263139	0.019067
16.313128	1.310654	0.018817
16.325291	1.246752	0.013418
16.337448	1.302183	0.021453
16.349606	1.292071	0.015584
16.361763	1.223207	0.013281
16.373917	1.297242	0.021367
16.386066	1.27426		0.014386
16.398216	1.288668	0.013006
16.410364	1.251304	0.026058
16.42251	1.341962	0.512763
16.434654	1.276594	0.015223
16.446796	1.296231	0.014087
16.458935	1.257617	0.429109
16.471073	1.282805	0.013194
16.483208	1.242853	0.017903
16.495316	1.269014	0.020278
16.500284	1.259712	0.085791
16.513622	1.309184	0.019644
16.52696	1.294225	0.022077
16.539913	1.290047	0.015505
16.553246	1.275308	0.227779
16.566574	1.286056	0.018251
16.579903	1.270824	0.0175
16.593227	1.300343	0.016741
16.60655	1.3		0.01772
16.619871	1.294804	0.01376
16.63319	1.284259	0.014233
16.646505	1.275763	0.017057
16.659821	1.287845	0.020991
16.673134	1.327194	0.022216
16.686478	1.285086	0.015728
16.699787	1.321584	0.016294
16.713127	1.304519	0.011687
16.726429	1.331716	0.013209
16.739731	1.321602	0.01467
16.753031	1.289793	0.015611
16.766327	1.336516	0.016342
16.779621	1.330995	0.020363
16.792912	1.284618	0.016539
16.805811	1.307941	0.019181
16.819098	1.308887	0.422492
16.832382	1.318449	0.01795
16.845665	1.333915	0.022215
16.858946	1.290994	0.017949
16.87183	1.339186	0.016963
16.885105	1.309036	0.013707
16.89838	1.331962	0.0129
16.91165	1.30778		0.014121
16.924919	1.345636	0.014505
16.938185	1.322344	0.017126
16.95145	1.341185	0.018884
16.96471	1.304849	0.011821
16.97797	1.348922	0.011432
16.991228	1.351092	0.013332
17.004484	1.305795	0.011952
17.017738	1.335726	0.012644
17.030989	1.311745	0.010487
17.044237	1.337134	0.008827
17.057484	1.346294	0.009386
17.070728	1.348211	0.010378
17.083969	1.349927	0.013166
17.09721	1.344913	0.09087
17.110449	1.348266	0.013432
17.123684	1.329923	0.014641
17.136917	1.333636	0.012683
17.150148	1.349678	0.015562
17.162975	1.313147	0.100227
17.176201	1.34581		0.01894
17.189426	1.344253	0.015334
17.202648	1.342148	0.019878
17.215868	1.351381	0.023569
17.228682	1.345331	0.019612
17.241896	1.38756		0.01665
17.255108	1.34243		0.017086
17.268318	1.346157	0.018834
17.281528	1.322072	0.018339
17.294735	1.329615	0.015039
17.307938	1.34563		0.016555
17.32114	1.348166	0.01147
17.334339	1.356464	0.015408
17.347538	1.349322	0.009988
17.360733	1.304153	0.012614
17.373928	1.370099	0.008201
17.387117	1.3417		0.009203
17.400307	1.348919	0.011661
17.413494	1.338841	0.008838
17.426678	1.359109	0.009391
17.439861	1.359413	0.011971
17.453041	1.338487	0.014445
17.466219	1.37315		0.463491
17.479393	1.35897		0.019614
17.492569	1.371261	0.017495
17.505741	1.376354	0.404138
17.518496	1.391498	0.016698
17.531662	1.337868	0.02082
17.544827	1.365028	0.018042
17.557989	1.319951	0.021161
17.570734	1.34471		0.013617
17.584309	1.365851	0.024679
17.597466	1.358977	0.024123
17.610161	1.358657	0.019462
17.62331	1.368124	0.025335
17.636417	1.418575	0.02771
17.649565	1.372415	0.024558
17.662708	1.306922	0.013505
17.67585	1.384505	0.022298
17.688992	1.386136	0.021563
17.702129	1.338569	0.010278
17.715267	1.352397	0.015397
17.728401	1.398875	0.009355
17.741531	1.338834	0.010911
17.754662	1.299586	0.01177
17.76779	1.412108	0.009225
17.780914	1.368189	0.020504
17.794039	1.359067	0.012183
17.807159	1.319007	0.008774
17.820278	1.379517	0.013851
17.833397	1.334844	0.012871
17.846512	1.339067	0.014465
17.859623	1.362859	0.024322
17.872734	1.340944	0.013449
17.885843	1.342513	0.012385
17.898523	1.397038	0.01822
17.912579	1.385403	0.01662
17.927101	1.392914	0.017682
17.94162	1.418556	0.020551
17.955647	1.360918	0.022037
17.970161	1.407075	0.026823
17.984673	1.395607	0.026249
17.99918	1.361702	0.023986
18.013195	1.394957	0.025088
18.027699	1.361588	0.017785
18.0422		1.394602	0.02115
18.056698	1.385391	0.017934
18.071194	1.368145	0.013221
18.08569	1.387277	0.010799
18.10018	1.396484	0.016805
18.11467	1.436935	0.021851
18.129154	1.373761	0.018738
18.143639	1.386338	0.015095
18.158121	1.380085	0.011882
18.1726		1.402109	0.01463
18.187077	1.36676		0.015415
18.201611	1.413773	0.015946
18.216084	1.385094	0.019155
18.229994	1.391117	0.020949
18.244579	1.420306	0.019067
18.259045	1.397507	0.019621
18.273506	1.402761	0.020798
18.287966	1.410412	0.024426
18.301922	1.391548	0.015921
18.316376	1.401709	0.017211
18.330826	1.463136	0.43324
18.345276	1.386561	0.012969
18.359724	1.400007	0.011202
18.374168	1.435788	0.010733
18.388611	1.422925	0.010863
18.403051	1.412109	0.011511
18.417488	1.388555	0.01259
18.431923	1.401342	0.018167
18.446358	1.395054	0.015088
18.460787	1.399369	0.015956
18.475216	1.361491	0.015918
18.489643	1.419438	0.442873
18.504065	1.415652	0.018807
18.517977	1.396209	0.019895
18.532394	1.39824		0.0231
18.54681	1.408165	0.02254
18.560713	1.367277	0.01945
18.575123	1.394133	0.017578
18.589531	1.407134	0.019071
18.603937	1.376301	0.019861
18.61834	1.423868	0.016447
18.63274	1.393876	0.02205
18.647141	1.387567	0.01391
18.661537	1.399067	0.015081
18.67593	1.401898	0.444813
18.690323	1.357425	0.009833
18.704712	1.417089	0.017337
18.719097	1.408951	0.014205
18.733482	1.38834		0.011732
18.747864	1.410752	0.015157
18.762245	1.41001		0.016548
18.776623	1.388018	0.013612
18.790997	1.380901	0.020904
18.80485	1.401508	0.020457
18.81922	1.381779	0.01499
18.833588	1.400844	0.023194
18.847431	1.393442	0.019742
18.861794	1.401485	0.018959
18.876154	1.3796		0.011324
18.890511	1.434009	0.016614
18.904869	1.479636	0.016612
18.91922	1.537966	0.008648
18.933571	1.590999	0.008475
18.94792	1.50445		0.014543
18.962265	1.374897	0.01222
18.97661	1.385316	0.013161
18.990952	1.429499	0.012814
19.005291	1.372216	0.015297
19.019627	1.372527	0.018664
19.033962	1.375125	0.015703
19.048294	1.382914	0.016939
19.062626	1.367107	0.020173
19.076885	1.423157	0.637934
19.090614	1.369009	0.020302
19.104935	1.381378	0.018953
19.119255	1.403867	0.013912
19.133574	1.38113		0.016025
19.147888	1.370196	0.024037
19.161669	1.420305	0.018299
19.17598	1.378805	0.020139
19.190287	1.380712	0.019031
19.204592	1.428162	0.020736
19.218895	1.452976	0.01635
19.233196	1.385736	0.016715
19.247496	1.419155	0.015485
19.261791	1.436004	0.014915
19.276085	1.340636	0.011221
19.290379	1.483807	0.014513
19.304668	1.364941	0.012673
19.318954	1.388673	0.01039
19.333241	1.379964	0.0145
19.347523	1.381666	0.022799
19.361803	1.413445	0.021526
19.376081	1.408444	0.01479
19.389816	1.308072	0.015832
19.404089	1.385645	0.0246
19.41836	1.402189	0.027998
19.432629	1.408175	0.028151
19.446754	1.335751	0.022755
19.50325	1.453907	0.008278
19.518805	1.465235	0.010173
19.53434	1.470306	0.008358
19.549858	1.470432	0.013578
19.565361	1.516162	0.006334
19.580635	1.488042	0.01189
19.596104	1.447063	0.00886
19.611557	1.457787	0.006745
19.626993	1.451196	0.980498
19.642414	1.441895	0.015273
19.657818	1.458109	0.016566
19.673204	1.429918	0.026725
19.688576	1.450268	0.03471
19.719246	1.371297	0.012008
19.734364	1.54746		0.935484
19.74967	1.436568	0.010052
19.764961	1.397261	0.011433
19.780235	1.423885	0.135274
19.795492	1.466258	0.069247
19.810734	1.395748	0.015146
19.825962	1.419015	0.016937
19.841171	1.418866	0.011673
19.856365	1.378844	0.025974
19.871544	1.415068	0.018768
19.886707	1.449493	0.011979
19.901833	1.369804	0.23293
19.916962	1.426121	0.009266
19.932079	1.442686	0.006772
19.947178	1.430943	0.01069
19.962263	1.392039	0.011739
19.977333	1.412818	0.011935
19.992386	1.408529	0.01386
20.008863	1.446952	0.010997
20.025791	1.473751	0.013345
20.042702	1.429807	0.024386
20.059589	1.46507		0.020014
20.076458	1.480168	0.01646
20.093309	1.454282	0.011584
20.110138	1.449758	0.042137
20.126949	1.461601	0.064639
20.143742	1.461603	0.06702
20.160515	1.435684	0.020635
20.177267	1.436851	0.019199
20.194002	1.445055	0.712492
20.210716	1.426478	0.016853
20.227413	1.43565		0.011058
20.244089	1.430271	0.008648
20.26075	1.406869	0.009698
20.277388	1.427153	0.012532
20.294008	1.431052	0.011813
20.310612	1.391794	0.189156
20.327194	1.455208	0.917401
20.343758	1.432855	0.221356
20.360306	1.416664	0.019184
20.376833	1.445919	0.008562
20.393341	1.475041	0.010124
20.409834	1.454344	0.009427
20.426308	1.422716	0.226461
20.44276	1.46614		0.015843
20.459198	1.442598	0.013167
20.475616	1.459066	0.01259
20.492018	1.462045	0.062233
20.508394	1.431387	0.007368
20.524755	1.421311	0.014457
20.5411		1.434739	0.009841
20.55743	1.42982		0.006605
20.573742	1.441948	0.781565
20.590034	1.437812	0.009102
20.606308	1.430199	0.015165
20.622566	1.421709	0.006203
20.638807	1.445778	0.00603
20.655029	1.45268		0.006098
20.671236	1.410974	0.009737
20.687424	1.475481	0.522311
20.703594	1.452189	0.803981
20.719749	1.432648	0.012091
20.735886	1.430331	0.064718
20.752007	1.449688	0.022328
20.768108	1.437701	0.010835
20.784195	1.421011	0.018692
20.800255	1.406978	0.495005
20.816305	1.457453	0.025858
20.832336	1.425615	0.014536
20.848354	1.45039		0.100024
20.864357	1.459524	0.032998
20.880341	1.431864	0.010449
20.896196	1.431807	0.010724
20.916592	1.431439	0.594934
20.93466	1.411584	0.062369
20.952705	1.464051	0.010179
20.97073	1.464803	0.052808
20.988731	1.434995	0.065041
21.006714	1.468966	0.009394
21.024673	1.441849	0.033847
21.042614	1.436681	0.055144
21.06053	1.526463	0.019677
21.078426	1.500325	0.923519
21.096302	1.464187	0.798908
21.114159	1.449669	0.014276
21.131992	1.500941	0.016464
21.149807	1.47865		0.013586
21.167599	1.455026	0.361595
21.185371	1.46566		0.026289
21.203125	1.45265		0.012949
21.220856	1.459617	0.01142
21.238565	1.493147	0.010569
21.256256	1.457847	0.007969
21.273926	1.488074	0.042561
21.291576	1.477235	0.035234
21.309208	1.498621	0.007089
21.326817	1.449522	0.008142
21.344406	1.446291	0.029965
21.361977	1.500318	0.861066
21.379528	1.430656	0.007512
21.397058	1.447773	0.008872
21.41457	1.464754	0.008285
21.43206	1.449344	0.02132
21.466984	1.459165	0.015829
21.484417	1.456771	0.061483
21.501829	1.446052	0.009836
21.519222	1.438506	0.019635
21.536598	1.446412	0.0062
21.553953	1.431984	0.012497
21.571289	1.452384	0.008949
21.588608	1.424057	0.016651
21.605904	1.444327	0.013421
21.623184	1.445562	0.012357
21.640446	1.398783	0.138457
21.657686	1.432888	0.006475
21.67491	1.448243	0.011917
21.692114	1.431159	0.006421
21.709299	1.397737	0.017677
21.726467	1.449781	0.02746
21.743614	1.432566	0.019141
21.760746	1.44034		0.017801
21.777857	1.428744	0.011005
21.79495	1.429061	0.007159
21.829079	1.430665	0.0097
21.846117	1.461373	0.005584
21.863136	1.413143	0.005327
21.880138	1.408755	0.016506
21.897121	1.423951	0.281351
21.914089	1.425974	0.00857
21.931036	1.414806	0.008859
21.947966	1.442637	0.006959
21.964878	1.396952	0.368847
21.981773	1.426133	0.008819
21.99865	1.383949	0.262279
22.015511	1.424929	0.040813
22.032352	1.406349	0.008519
22.049175	1.42671		0.30124
22.065983	1.414171	0.011521
22.082771	1.428093	0.02367
22.099541	1.412984	0.006552
22.118357	1.445149	0.014608
22.137482	1.44537		0.010946
22.156586	1.458818	0.014002
22.175667	1.481772	0.026503
22.194725	1.462994	0.033086
22.21376	1.47696		0.015616
22.232773	1.463433	0.034735
22.25176	1.473463	0.008241
22.270729	1.474637	0.017557
22.289673	1.474671	0.029936
22.308594	1.454299	0.021602
22.327494	1.458855	0.022364
22.346371	1.473828	0.054936
22.365229	1.467841	0.069868
22.38406	1.473043	0.009809
22.402872	1.455067	0.020703
22.421661	1.47902		0.926236
22.440428	1.459085	0.10547
22.459175	1.477065	0.3354
22.477898	1.444188	0.042094
22.496599	1.475348	0.011512
22.51528	1.464168	0.018276
22.533939	1.490247	0.911888
22.552576	1.462441	0.0277
22.571192	1.478917	0.021906
22.589785	1.412757	0.032346
22.608356	1.494454	0.837574
22.626909	1.453173	0.394996
22.645441	1.449824	0.020224
22.663952	1.460792	0.031274
22.68244	1.468405	0.402067
22.700909	1.458396	0.02252
22.719357	1.479721	0.025519
22.737782	1.435585	0.854246
22.756187	1.481606	0.018526
22.774574	1.473773	0.009019
22.811283	1.466253	0.589252
22.829607	1.441812	0.024799
22.847912	1.466037	0.022509
22.866194	1.462694	0.109837
22.884457	1.460992	0.020557
22.9027		1.476109	0.01575
22.920925	1.440633	0.123456
22.939127	1.473108	0.012949
22.95731	1.457748	0.087883
22.975473	1.449188	0.046387
22.993618	1.4589		0.01757
23.011742	1.450127	0.010158
23.029846	1.473103	0.019486
23.04793	1.450594	0.007312
23.065996	1.470318	0.013429
23.084038	1.425784	0.040061
23.102062	1.439068	0.012808
23.12007	1.450144	0.013511
23.138056	1.439324	0.056917
23.156025	1.4355		0.025578
23.173971	1.447448	0.01648
23.191902	1.46035		0.067568
23.209812	1.432223	0.082183
23.227703	1.445132	0.008984
23.245575	1.431629	0.009741
23.263428	1.424035	0.026195
23.281263	1.435416	0.022563
23.29908	1.405091	0.013728
23.316879	1.427494	0.010762
23.334652	1.426697	0.020949
23.352413	1.425742	0.029873
23.370152	1.409924	0.01718
23.387875	1.410611	0.037068
23.405579	1.42099		0.016057
23.423264	1.430645	0.696094
23.440933	1.424265	0.009146
23.458582	1.445607	0.014924
23.476212	1.434967	0.055424
23.493828	1.436617	0.748505
23.511419	1.418571	0.010304
23.528996	1.398999	0.071644
23.546551	1.427164	0.015795
23.564093	1.429922	0.712129
23.581615	1.412631	0.04886
23.599121	1.476497	0.036929
23.607841	1.493414	0.0322
23.627974	1.477351	0.042105
23.648083	1.454667	0.259665
23.668167	1.477602	0.043219
23.688229	1.483823	0.008045
23.708265	1.457304	0.010913
23.728291	1.481516	0.799422
23.74828	1.4599		0.19886
23.768255	1.497968	0.026542
23.7882		1.452546	0.687787
23.808121	1.422081	0.358653
23.828022	1.438402	0.331985
23.86775	1.433504	0.07126
23.887581	1.444517	0.018402
23.907387	1.503228	0.013221
23.927174	1.442044	0.011841
23.946926	1.430251	0.019722
23.966667	1.441567	0.188771
23.986374	1.442602	0.011716
24.005835	1.518722	0.017131
24.025743	1.472173	0.18546
24.045395	1.494155	0.036493
24.065023	1.486823	0.83325
24.084629	1.493205	0.032261
24.104214	1.472055	0.013659
24.123533	1.461826	0.01033
24.143074	1.491057	0.006673
24.162592	1.448303	0.011044
24.182087	1.458305	0.008857
24.201563	1.444234	0.016532
24.221016	1.458337	0.771687
24.240448	1.473583	0.015854
24.259859	1.466389	0.144543
24.279249	1.473757	0.014349
24.298616	1.463621	0.016961
24.317965	1.471895	0.014062
24.33729	1.443138	0.011036
24.356596	1.447614	0.006359
24.375881	1.420206	0.014231
24.395144	1.451974	0.095659
24.414387	1.458334	0.013455
24.433609	1.458974	0.012336
24.45281	1.459059	0.007081
24.471992	1.456209	0.673834
24.491133	1.431697	0.021192
24.510271	1.455633	0.015378
24.529388	1.439303	0.564481
24.548487	1.472607	0.023209
24.567566	1.530583	0.068303
24.586622	1.607902	0.02194
24.605661	1.656452	0.016235
24.624678	1.55328		0.024004
24.643677	1.47005		0.023815
24.662655	1.396374	0.605424
24.681612	1.441569	0.01369
24.700268	1.404159	0.009694
24.719185	1.394706	0.017182
24.738369	1.422985	0.546162
24.757227	1.425197	0.060377
24.776085	1.396519	0.013452
24.794924	1.421978	0.013352
24.813454	1.413246	0.676831
24.832253	1.416665	0.01475
24.85103	1.392683	0.032944
24.869793	1.404455	0.007237
24.888535	1.412297	0.009069
24.907257	1.386096	0.006188
24.925961	1.376771	0.554587
24.944633	1.421115	0.012283
24.963287	1.40265		0.015942
24.981934	1.359462	0.737675
25.000559	1.387001	0.026566
25.019165	1.378052	0.011395
25.037756	1.399378	0.046342
25.056326	1.402199	0.008054
25.074879	1.399745	0.609032
25.093414	1.3912		0.018345
25.117496	1.428335	0.010233
25.138977	1.448017	0.026169
25.160435	1.436981	0.050347
25.181866	1.448892	0.007907
25.20327	1.424887	0.013643
25.224651	1.455934	0.024072
25.246006	1.451335	0.00703
25.267338	1.44505		0.046238
25.288645	1.458958	0.007696
25.309925	1.46484		0.048167
25.331184	1.429906	0.521918
25.35199	1.420995	0.676634
25.373196	1.434662	0.057337
25.394377	1.442075	0.717788
25.415535	1.408773	0.040267
25.436668	1.422173	0.008114
25.457777	1.442722	0.008453
25.478863	1.443093	0.006215
25.499926	1.430483	0.014438
25.520962	1.445802	0.008522
25.541977	1.455238	0.595807
25.562523	1.440894	0.041319
25.583488	1.438327	0.572851
25.604431	1.414258	0.039363
25.625349	1.425439	0.010472
25.646244	1.412534	0.023501
25.667114	1.426596	0.025367
25.687962	1.4366		0.015404
25.708788	1.432719	0.027663
25.729589	1.4074		0.074259
25.75037	1.433948	0.022911
25.771126	1.433179	0.069577
25.791859	1.394442	0.010387
25.812569	1.359583	0.366508
25.833227	1.393626	0.028856
25.853861	1.437019	0.082291
25.874504	1.402815	0.015938
25.895123	1.408087	0.010559
25.915718	1.403964	0.025551
25.956844	1.414029	0.018001
25.977375	1.39944		0.015749
25.997883	1.332259	0.643534
26.01837	1.379818	0.009952
26.038834	1.404969	0.031121
26.059277	1.397636	0.007125
26.079697	1.391332	0.006373
26.100096	1.404202	0.031567
26.120472	1.436473	0.005799
26.140827	1.549094	0.010907
26.161163	1.744627	0.038089
26.181477	2.18432		0.022675
26.201736	2.278682	0.021817
26.22197	1.749894	0.013225
26.262444	1.402591	0.059586
26.28265	1.388093	0.046231
26.302834	1.413128	0.014088
26.322996	1.385315	0.013271
26.34314	1.39394		0.019992
26.363262	1.364077	0.009993
26.383362	1.368788	0.012863
26.403442	1.371319	0.014183
26.423504	1.382602	0.461519
26.44351	1.378721	0.014271
26.46349	1.37079		0.019318
26.483488	1.346779	0.182191
26.503464	1.399527	0.011638
26.52342	1.372004	0.040529
26.543358	1.391896	0.616025
26.563272	1.383382	0.014118
26.582659	1.398493	0.012945
26.602533	1.388471	0.007513
26.622389	1.390338	0.012516
26.642153	1.394288	0.016426
26.661966	1.367631	0.008139
26.681759	1.403873	0.525167
26.701532	1.354597	0.009409
26.721287	1.385025	0.009981
26.741022	1.373421	0.013911
26.760738	1.368668	0.016226
26.780436	1.349214	0.008989
26.800112	1.363132	0.009538
26.819695	1.417359	0.012997
26.839331	1.346923	0.014793
26.858948	1.399915	0.585291
26.878546	1.398897	0.014567
26.898125	1.367908	0.010085
26.917685	1.392268	0.013078
26.937227	1.367586	0.019867
26.956751	1.417311	0.012558
26.976175	1.383085	0.020379
26.995659	1.357843	0.027584
27.015123	1.371084	0.017138
27.034569	1.360982	0.007852
27.053995	1.382967	0.471294
27.072863	1.395491	0.008023
27.092253	1.37759		0.008425
27.112087	1.423586	0.01446
27.131439	1.383093	0.020185
27.150227	1.399293	0.033713
27.169538	1.392112	0.011119
27.188835	1.348948	0.081491
27.208115	1.372705	0.015172
27.227924	1.412701	0.57307
27.246532	1.419913	0.013042
27.265755	1.329862	0.066005
27.284958	1.341339	0.015421
27.311363	1.415166	0.006492
27.333836	1.394898	0.04028
27.355576	1.429895	0.039152
27.377995	1.369377	0.582146
27.400391	1.428291	0.018338
27.42276	1.419822	0.014515
27.445105	1.454003	0.099941
27.467424	1.42199		0.081192
27.489719	1.438674	0.009992
27.511272	1.407772	0.013699
27.533518	1.424564	0.008238
27.555737	1.429926	0.009805
27.577934	1.43953		0.007991
27.600105	1.408783	0.438434
27.622253	1.415083	0.013365
27.644377	1.443324	0.008821
27.666477	1.446796	0.011702
27.688553	1.443643	0.011746
27.710602	1.435232	0.03652
27.732632	1.401512	0.064576
27.754637	1.45685		0.684803
27.776546	1.407226	0.024911
27.798502	1.391076	0.013796
27.820358	1.456097	0.015393
27.842266	1.433786	0.012461
27.864153	1.455727	0.641617
27.886015	1.434895	0.049935
27.92967	1.432866	0.012387
27.951464	1.375107	0.01079
27.973236	1.409685	0.010725
27.994984	1.40084		0.012213
28.016708	1.379636	0.024023
28.03841	1.420527	0.006866
28.060091	1.392782	0.052333
28.081749	1.391423	0.650907
28.103384	1.466012	0.00848
28.124081	1.415223	0.017964
28.145666	1.411146	0.024593
28.167992	1.443737	0.455223
28.188774	1.381519	0.012745
28.210295	1.395834	0.010555
28.231794	1.433116	0.554806
28.253271	1.397931	0.014678
28.274727	1.416955	0.006824
28.29616	1.392845	0.008897
28.316801	1.399613	0.048739
28.338964	1.406673	0.022261
28.360168	1.405663	0.018603
28.380737	1.38515		0.102484
28.402061	1.410025	0.009901
28.423361	1.392065	0.020592
28.444641	1.383762	0.019616
28.4659		1.38563		0.008766
28.487139	1.386171	0.014902
28.508356	1.410646	0.011821
28.529552	1.359251	0.011283
28.550644	1.370542	0.134525
28.571711	1.416856	0.014502
28.592842	1.382021	0.589702
28.613953	1.37218		0.232887
28.635042	1.383133	0.010918
28.656113	1.387355	0.024531
28.677162	1.389555	0.022694
28.698193	1.40376		0.00854
28.719202	1.393764	0.015372
28.740013	1.431749	0.023756
28.760979	1.407791	0.016433
28.781923	1.407664	0.012376
28.802849	1.388788	0.008678
28.823757	1.377403	0.01155
28.844643	1.402224	0.011325
28.865509	1.392493	0.053646
28.886356	1.337423	0.027261
28.907		1.383856	0.032536
28.927803	1.419591	0.019888
28.948589	1.358932	0.007516
28.969353	1.382858	0.100199
28.990101	1.334892	0.529182
29.023945	1.470863	0.029626
29.048481	1.457723	0.256232
29.071966	1.449856	0.013541
29.096445	1.449641	0.011945
29.120895	1.449432	0.012614
29.145319	1.409214	0.010076
29.169714	1.44117		0.011589
29.19305	1.440509	0.0106
29.217388	1.436414	0.011401
29.241699	1.428486	0.057244
29.265984	1.468546	0.639075
29.290239	1.452466	0.011082
29.314468	1.431256	0.017737
29.338671	1.456819	0.815791
29.362846	1.423992	0.015885
29.386995	1.480733	0.022208
29.411118	1.436003	0.029885
29.435213	1.427594	0.041817
29.459282	1.421489	0.034815
29.483324	1.455067	0.00724
29.507341	1.407809	0.007114
29.53133	1.422736	0.543614
29.555294	1.44502		0.402193
29.579235	1.414765	0.010754
29.603146	1.377482	0.019265
29.625971	1.538494	0.029435
29.64983	1.384946	0.012466
29.673664	1.396805	0.716953
29.697472	1.392857	0.621469
29.721254	1.386841	0.029764
29.743942	1.41402		0.473427
29.768745	1.409868	0.013315
29.792452	1.422839	0.015203
29.814913	1.40117		0.020048
29.838566	1.421947	0.01471
29.862045	1.461991	0.021834
29.885647	1.401687	0.013504
29.909225	1.392326	0.010277
29.932779	1.420821	0.011719
29.95631	1.429438	0.212192
29.979813	1.40104		0.05415
30.003296	1.411546	0.006369
30.026752	1.411086	0.014599
30.050182	1.397711	0.054065
30.073591	1.400614	0.010128
30.096975	1.440575	0.60662
30.120337	1.389826	0.540159
30.143673	1.362444	0.556439
30.166988	1.40707		0.009058
30.190117	1.393629	0.023689
30.21212	1.363099	0.421317
30.23646	1.408591	0.632498
30.259674	1.393173	0.015471
30.281763	1.358963	0.016539
30.304932	1.386801	0.092468
30.328075	1.428644	0.013082
30.351198	1.357164	0.487579
30.373184	1.359202	0.010913
30.396259	1.344671	0.007654
30.420427	1.372937	0.015545
30.442177	1.413556	0.029698
30.465014	1.392779	0.340059
30.487993	1.372291	0.012505
30.510952	1.394178	0.013534
30.533886	1.389069	0.203337
30.556801	1.377414	0.012044
30.579693	1.377221	0.007989
30.602562	1.36856		0.006979
30.625408	1.366937	0.009772
30.648235	1.422381	0.016237
30.670866	1.388064	0.024814
30.69347	1.382645	0.173409
30.716225	1.371856	0.019837
30.73896	1.387065	0.012118
30.761673	1.378784	0.007091
30.784365	1.367229	0.659923
30.807035	1.378454	0.021007
30.829685	1.363159	0.009114
30.850815	1.409459	0.03321
30.873415	1.369071	0.023018
30.897139	1.383762	0.015722
30.918554	1.409639	0.011685
30.941092	1.432667	0.012923
30.96361	1.373497	0.014245
30.984955	1.381177	0.577496
31.008583	1.403929	0.080367
31.03067	1.500682	0.734815
31.051945	1.367532	0.036496
31.074352	1.414296	0.017376
31.096741	1.361012	0.359049
31.105776	1.48235		0.016516
31.132591	1.473844	0.026373
31.159374	1.439908	0.025859
31.184685	1.416892	0.129242
31.211641	1.496072	0.015116
31.238333	1.44193		0.013819
31.264994	1.435699	0.222054
31.291624	1.462209	0.022052
31.318226	1.550409	0.047531
31.344795	1.390103	0.362456
31.371574	1.547		0.015208
31.398087	1.305424	0.019151
31.424572	1.458876	0.009739
31.451023	1.469373	0.027322
31.477448	1.398113	0.01527
31.502375	1.426849	0.023986
31.528738	1.485407	0.731325
31.555073	1.410492	0.013655
31.581377	1.556878	0.731997
31.607655	1.37223		0.023888
31.633902	1.49496		0.048331
31.658392	1.422549	0.025025
31.684578	1.517708	0.018721
31.710739	1.461228	0.150534
31.73687	1.402593	0.023237
31.762974	1.425554	0.240387
31.788788	1.455257	0.035556
31.814831	1.435801	0.406215
31.840849	1.455445	0.031407
31.865349	1.444939	0.017002
31.89131	1.397086	0.058794
31.917242	1.429521	0.072484
31.944643	1.415731	0.048976
31.970522	1.385604	0.024231
31.996376	1.427999	0.027821
32.020699	1.424203	0.020435
32.046497	1.450244	0.01654
32.072266	1.467456	0.030755
32.096504	1.436566	0.01605
32.122219	1.492757	0.022524
32.147903	1.406785	0.009992
32.173569	1.481634	0.010825
32.199203	1.386487	0.014483
32.224812	1.406566	0.203358
32.250397	1.478604	0.013386
32.275955	1.402924	0.019435
32.301483	1.446703	0.020496
32.326988	1.422891	0.125481
32.352188	1.431854	0.039822
32.37764	1.408049	0.033253
32.401249	1.46914		0.164574
32.426647	1.423192	0.025217
32.453545	1.419078	0.507568
32.478897	1.427979	0.013687
32.502686	1.412399	0.107065
32.527985	1.375508	0.011428
32.553253	1.455518	0.017834
32.576965	1.38163		0.430502
32.602184	1.410104	0.016304
32.628922	1.374338	0.0296
32.654095	1.404891	0.019205
32.677399	1.345543	0.117275
32.702217	1.422624	0.024172
32.72731	1.432791	0.025749
32.75238	1.461452	0.704144
32.777428	1.363877	0.014501
32.802444	1.431898	0.010636
32.827446	1.348232	0.07702
32.852417	1.409483	0.010956
32.877369	1.434687	0.017196
32.902294	1.42806		0.0121
32.925636	1.472805	0.018179
32.949894	1.386753	0.141803
32.974743	1.37718		0.02689
32.999569	1.551214	0.465879
33.024368	1.418231	0.035534
33.049149	1.422303	0.019337
33.072338	1.424182	0.021529
33.097069	1.427569	0.152872
33.12178	1.482838	0.013265
33.148041	1.418085	0.212906
33.170811	1.39244		0.020775
33.195126	1.438844	0.101889
33.219738	1.467885	0.037439
33.244331	1.459139	0.022566
33.268898	1.451095	0.019969
33.293449	1.487905	0.020016
33.317974	1.462278	0.010639
33.342476	1.37531		0.022291
33.366959	1.542943	0.022378
33.391083	1.438849	0.614312
33.41518	1.595123	0.022849
33.43959	1.385222	0.09956
33.462387	1.440062	0.017328
33.486755	1.46824		0.017907
33.509506	1.481208	0.023969
33.535423	1.297681	0.017564
33.55904	1.442233	0.119793
33.581718	1.509955	0.027297
33.605972	1.429663	0.036669
33.630203	1.293807	0.040169
33.654411	1.47555		0.304412
33.678604	1.306818	0.023827
33.70438	1.405465	0.02235
33.726219	1.398226	0.055492
33.750343	1.546236	0.052587
33.774445	1.372285	0.57562
33.798523	1.601249	0.013215
33.822586	1.408211	0.01363
33.846626	2.036065	0.055198
33.870293	1.878225	0.069276
33.892311	1.738576	0.046542
33.9179		1.473882	0.072135
33.941856	1.587635	0.033263
33.964169	1.295862	0.028535
33.988083	1.314801	0.032029
34.000385	1.644717	0.022183
34.029358	1.613		0.595161
34.056274	1.561513	0.088444
34.085178	1.563061	0.026909
34.114052	1.721793	0.036851
34.142899	1.461515	0.01669
34.171711	1.574776	0.037331
34.200493	1.615426	0.018762
34.22924	1.592042	0.043182
34.257965	1.484465	0.028428
34.286652	1.438139	0.016405
34.315311	1.72931		0.073726
34.343941	1.552118	0.073085
34.372536	1.554785	0.604843
34.399063	1.490515	0.025958
34.427597	1.541098	0.022547
34.454056	1.478624	0.017643
34.482533	1.506554	0.052993
34.510979	1.556106	0.647486
34.539394	1.458919	0.016651
34.56778	1.554789	0.058299
34.596138	1.394431	0.022614
34.624466	1.563695	0.02047
34.652771	1.5052		0.015649
34.681038	1.464376	0.019013
34.709282	1.508495	0.027567
34.737495	1.58623		0.018899
34.763615	1.415278	0.01123
34.791767	1.563928	0.016354
34.819897	1.459918	0.02902
34.847996	1.563742	0.022845
34.876068	1.546937	0.090585
34.90155	1.756407	0.034585
34.929562	1.398378	0.037768
34.957546	1.351538	0.036044
34.985008	1.358384	0.13082
35.012932	1.466607	0.031494
35.03875	1.480072	0.02192
35.068703	1.454885	0.019286
35.096546	1.200573	0.030159
35.124367	1.451242	0.012572
35.152153	1.615303	0.020663
35.179916	1.511368	0.029184
35.205563	1.883973	0.038924
35.231174	1.895985	0.011908
35.258858	1.619394	0.03239
35.288609	1.457554	0.463722
35.316238	1.530336	0.121342
35.341228	1.65882		0.033817
35.368801	1.42303		0.030977
35.395828	1.37858		0.028632
35.421242	1.434145	0.330639
35.44873	1.565748	0.023905
35.478306	1.377909	0.023579
35.505749	1.350508	0.062405
35.533165	1.632157	0.042178
35.560558	1.397351	0.579945
35.585808	1.279439	0.023818
35.613152	1.475966	0.043956
35.640465	1.380264	0.041642
35.667759	1.555572	0.034474
35.691818	1.431435	0.048535
35.719048	1.414909	0.029347
35.746258	1.508225	0.031453
35.773445	1.247635	0.037217
35.800602	1.537601	0.046743
35.82774	1.280063	0.051838
35.854851	1.312286	0.027053
35.881943	1.437995	0.026799
35.909004	1.460355	0.064217
35.932793	1.193596	0.048467
35.959801	1.729547	0.0746
35.986786	1.519424	0.03473
36.013748	1.467997	0.129307
36.038544	1.083591	0.031223
36.06546	1.370945	0.023703
36.09235	1.575002	0.027744
36.121365	1.390727	0.110785
36.145493	1.599573	0.19284
36.17231	1.305905	0.198025
36.196369	1.518279	0.091609
36.225288	1.721408	0.130772
36.252037	1.156991	0.033182
36.278763	1.227996	0.030489
36.305466	1.680776	0.019294
36.329987	1.54116		0.03741
36.356647	1.633157	0.429232
36.382088	1.24085		0.056592
36.408691	1.550746	0.045605
36.433113	1.750528	0.027512
36.459671	1.416862	0.033634
36.486214	1.380659	0.02271
36.514896	2.050676	1.218359
36.53862	1.194591	0.047278
36.56448	1.679373	0.610434
36.590927	1.845124	0.083103
36.617348	1.154027	0.045366
36.643753	1.520602	0.018404
36.670135	0.820987	0.034892
36.696499	2.815001	0.080057
36.719418	1.305205	0.055291
36.745724	1.285829	0.102282
36.772015	0.7245		0.066154
36.796101	1.88166		0.568969
36.82235	1.390654	0.070977
36.850765	1.637397	0.043702
36.874153	1.249807	0.050844
36.899696	1.101438	0.157008
