5.24749		0.091261	0.004506
5.27773		0.093308	0.005543
5.30797		0.094748	0.00391
5.33821		0.093886	0.003177
5.36846		0.098453	0.004447
5.3987		0.113196	0.005287
5.42894		0.111463	0.004435
5.45918		0.096367	0.003312
5.48942		0.097183	0.004226
5.51967		0.108238	0.002406
5.54991		0.10705		0.003144
5.58015		0.119295	0.00539
5.61039		0.108331	0.004437
5.64063		0.10559		0.0026
5.67088		0.127433	0.004771
5.70112		0.129137	0.003732
5.73136		0.109676	0.003786
5.7616		0.10779		0.003366
5.79184		0.108895	0.003043
5.82209		0.111907	0.002502
5.85233		0.112138	0.004187
5.88257		0.113569	0.002877
5.91281		0.11704		0.003481
5.94305		0.11794		0.002987
5.9733		0.120128	0.003705
6.00354		0.121253	0.003695
6.03378		0.12251		0.003712
6.06402		0.125632	0.003475
6.09426		0.126079	0.003422
6.12451		0.126738	0.003174
6.15475		0.128989	0.00347
6.18499		0.129441	0.006242
6.21523		0.132384	0.00323
6.24547		0.134228	0.003176
6.27572		0.133307	0.002779
6.30596		0.133388	0.003112
6.3362		0.134182	0.003249
6.36644		0.136367	0.003144
6.39668		0.137601	0.004075
6.42693		0.138064	0.002983
6.45717		0.138396	0.002853
6.48741		0.139879	0.004002
6.51765		0.141454	0.003168
6.54789		0.143619	0.009181
6.57814		0.146107	0.003522
6.60838		0.148099	0.003555
6.63862		0.147052	0.003939
6.66886		0.149969	0.003755
6.6991		0.153241	0.005776
6.72935		0.160413	0.003996
6.75959		0.159825	0.008774
6.78983		0.161043	0.00418
6.82007		0.162127	0.00446
6.85031		0.159812	0.004817
6.88056		0.160242	0.004475
6.9108		0.162275	0.004785
6.94104		0.163931	0.006728
6.97128		0.169899	0.004588
7.00152		0.172456	0.009615
7.03177		0.177839	0.005726
7.06201		0.237993	0.010012
7.09225		0.256678	0.006238
7.12249		0.191573	0.012804
7.15273		0.177746	0.005331
7.18298		0.183237	0.006025
7.21322		0.184456	0.007837
7.24346		0.188375	0.0084
7.2737		0.192057	0.006927
7.30394		0.19612		0.006671
7.33419		0.202547	0.008742
7.36443		0.205544	0.018314
7.39467		0.215517	0.017507
7.42491		0.220691	0.014762
7.45515		0.221093	0.008152
7.4854		0.222174	0.018565
7.45515		0.191569	0.005583
7.51564		0.202204	0.007435
7.57612		0.202375	0.006835
7.6366		0.199067	0.007421
7.69709		0.210999	0.016722
7.75757		0.304882	0.005851
7.81805		0.266145	0.018323
7.87854		0.216019	0.003301
7.93902		0.225751	0.011615
7.99951		0.226625	0.007218
8.05999		0.224654	0.00533
8.12047		0.226121	0.00482
8.18096		0.228939	0.006897
8.24144		0.230338	0.006128
8.30192		0.234027	0.007584
8.36241		0.234304	0.004593
8.42289		0.238076	0.00314
8.48337		0.241849	0.005315
8.54386		0.246215	0.003634
8.60434		0.244366	0.003517
8.66483		0.246684	0.003869
8.72531		0.251054	0.004721
8.78579		0.251001	0.003985
8.84628		0.252142	0.00357
8.90676		0.25285		0.003477
8.96724		0.253971	0.009488
9.02773		0.254108	0.004399
9.08821		0.287221	0.008159
9.14869		0.307399	0.005275
9.20918		0.254645	0.007919
9.26966		0.256054	0.008292
9.33015		0.251453	0.005657
9.39063		0.251122	0.007823
9.45111		0.252249	0.005256
9.5116		0.252194	0.005575
9.57208		0.256916	0.008979
9.63256		0.270183	0.006657
9.69305		0.275481	0.005658
9.75353		0.273231	0.005846
9.81401		0.274866	0.004708
9.8745		0.275636	0.008415
9.93498		0.279331	0.004944
9.99547		0.283392	0.005484
10.05595	0.290059	0.007797
10.11643	0.296236	0.003437
10.17692	0.304017	0.003152
10.2374		0.312269	0.005107
10.29788	0.322218	0.004626
10.35837	0.330863	0.004636
10.41885	0.336518	0.005483
10.47933	0.34894		0.005677
10.53982	0.358605	0.024895
10.6003		0.446137	0.004577
10.66079	0.543742	0.010741
10.72127	0.448805	0.006648
10.78175	0.388505	0.008421
10.84224	0.403614	0.005535
10.90272	0.411488	0.005732
10.9632		0.423992	0.010439
11.02369	0.426467	0.0082
11.08417	0.443067	0.008552
11.14465	0.452136	0.008416
11.20514	0.462129	0.007206
11.26562	0.466102	0.008972
11.32611	0.479848	0.008722
11.38659	0.492323	0.012662
11.44707	0.5049		0.009094
11.50756	0.513629	0.010048
11.56804	0.52522		0.02343
11.62852	0.537621	0.014834
11.68901	0.551178	0.012704
11.74949	0.557317	0.010498
11.80997	0.562644	0.025703
11.87046	0.567369	0.009734
11.93094	0.58386		0.011013
11.99143	0.598875	0.007112
12.05191	0.611538	0.008854
12.11239	0.620748	0.008683
12.17288	0.631221	0.013022
12.23336	0.642738	0.012025
12.29384	0.648988	0.009232
12.35433	0.658478	0.022508
12.41481	0.67558		0.022849
12.47529	0.686486	0.024054
12.53578	0.690152	0.026081
12.59626	0.69666		0.010458
12.65675	0.706487	0.010359
12.71723	0.714724	0.011318
12.77771	0.728269	0.009399
12.8382		0.738623	0.010431
12.89868	0.797707	0.024315
12.95916	1.072996	0.01113
13.01965	1.153254	0.040307
13.08013	0.840929	0.009707
13.14061	0.773398	0.011939
13.2011		0.788635	0.009346
13.26158	0.808805	0.012191
13.32206	0.814941	0.013156
13.38255	0.810158	0.010934
13.44303	0.817841	0.010925
13.50352	0.830602	0.010668
13.564		0.843284	0.012447
13.62448	0.856095	0.035433
13.68497	0.873382	0.01588
13.74545	0.891563	0.047644
13.80593	0.905366	0.014377
13.86642	0.91751		0.021315
13.9269		0.929506	0.015187
13.98738	0.95259		0.018067
14.06935	1.100742	0.017455
14.15403	1.126858	0.015681
14.23871	1.17164		0.017577
14.32338	1.167331	0.009694
14.40806	1.248902	0.044719
14.49274	1.466964	0.040884
14.57741	1.471025	0.011941
14.66209	1.265097	0.010439
14.74677	1.256105	0.019963
14.83145	1.297951	0.008425
14.91612	1.320663	0.021723
15.0008		1.367827	0.031463
15.08548	1.376326	0.016072
15.17015	1.393677	0.018246
15.25483	1.417497	0.013845
15.33951	1.442703	0.01318
15.42418	1.473657	0.010526
15.50886	1.492418	0.014396
15.59354	1.489735	0.006916
15.67821	1.848116	0.010102
15.76289	2.515523	0.017027
15.84757	2.062657	0.020655
15.93224	1.60749		0.018089
16.01692	1.639287	0.01507
16.101601	1.648023	0.01406
16.186279	1.671222	0.011929
16.27095	1.717755	0.012198
16.355631	1.71697		0.010652
16.44031	1.744688	0.016952
16.524981	1.761237	0.042109
16.609659	1.777609	0.058288
16.69434	1.797606	0.010045
16.779011	1.8203		0.014552
16.863689	1.861767	0.010656
16.94837	1.864791	0.013019
17.033039	1.892946	0.012716
17.11772	1.949186	0.012175
17.2024		2.001352	0.013924
17.287069	2.062575	0.017221
17.37175	2.007478	0.025703
17.45643	2.007937	0.011309
17.541109	2.015479	0.018106
17.62578	2.029717	0.02331
17.710461	2.05758		0.018907
17.795139	2.065871	0.014588
17.87981	2.051122	0.032782
17.964491	2.083057	0.040499
18.04917	2.129779	0.022904
18.133841	2.153483	0.011953
18.218519	2.172963	0.02594
18.3032		2.124741	0.020955
18.387871	2.154078	0.023324
18.472549	2.160953	0.023719
18.55723	2.14019		0.050075
18.641899	2.141999	0.059139
18.72658	2.12265		0.01772
18.81126	2.124298	0.017466
18.895941	2.413359	0.018663
18.98061	2.629461	0.046865
19.06529	2.345937	0.019618
19.149969	2.119222	0.024719
19.23464	2.12202		0.013729
19.319321	2.142857	0.019316
19.403999	2.124114	0.019464
19.48867	2.128229	0.016725
19.573351	2.164868	0.018541
19.65803	2.172187	0.023247
19.742701	2.170812	0.021857
19.827379	2.184174	0.023502
19.91206	2.180442	0.101002
19.996731	2.183758	0.059045
20.081409	2.198407	0.017055
20.16609	2.204955	0.025788
20.250771	2.213228	0.024245
20.33544	2.2029		0.031587
20.42012	2.213862	0.017472
20.504801	2.192155	0.019891
20.58947	2.181506	0.061727
20.758829	2.214318	0.02208
20.928181	2.270146	0.03036
21.09753	2.263724	0.02912
21.26689	2.280164	0.025416
21.436239	2.291422	0.033871
21.6056		2.278944	0.040354
21.77495	2.295124	0.015838
21.9443		2.31755		0.036005
22.113661	2.343572	0.016977
22.28301	2.370783	0.052412
22.45236	2.34375		0.047132
22.621719	2.358399	0.03603
22.791071	2.394652	0.017686
22.96043	2.396659	0.017743
23.12978	2.395704	0.031604
23.299129	2.387435	0.059177
23.468491	2.399677	0.024188
23.63784	2.413873	0.014947
23.80719	2.404701	0.034348
23.976549	2.396582	0.048096
24.145901	2.396671	0.011912
24.31526	2.435697	0.017845
24.48461	2.477303	0.014264
24.653959	2.720377	0.032007
24.82332	2.518243	0.013696
24.99267	2.397344	0.02854
25.16202	2.441301	0.029631
25.331381	2.410326	0.039682
25.500731	2.375865	0.017673
25.67009	2.409044	0.013669
25.839439	2.414251	0.022587
26.008789	2.618614	0.061117
26.17815	3.660444	0.040905
26.3475		3.443912	0.06404
26.51685	2.571672	0.041636
26.686211	2.478159	0.045977
26.85556	2.502709	0.015233
27.02492	2.487695	0.06316
27.194269	2.499695	0.053779
27.363621	2.538665	0.041071
27.53298	2.566636	0.026429
27.70233	2.554861	0.021643
27.871679	2.564059	0.017318
28.04104	2.549402	0.014952
28.21039	2.581388	0.031365
28.379749	2.592373	0.025109
28.549101	2.60818		0.018747
28.718451	2.595906	0.074303
28.88781	2.604803	0.021366
29.057159	2.594611	0.016448
29.226509	2.58285		0.019295
29.39587	2.635914	0.025112
29.56522	2.640397	0.016695
29.734579	2.665439	0.01979
29.903931	2.689331	0.019892
30.07328	2.656791	0.041406
30.24264	2.658157	0.049693
30.411989	2.657218	0.025455
30.581341	2.64628		0.035215
30.7507		2.704056	0.019391
30.92005	2.70974		0.071197
31.089411	2.723732	0.019281
31.25876	2.749263	0.079492
31.42811	2.783736	0.018742
31.597469	2.816492	0.03863
31.766821	2.791632	0.044143
31.936171	2.807359	0.02595
32.10553	2.796036	0.03617
32.274879	2.772897	0.029754
32.444241	2.821085	0.023521
32.61359	2.874718	0.047693
32.78294	2.894111	0.02978
32.952301	2.968204	0.025721
33.121651	2.996732	0.033944
33.291		3.09336		0.033426
33.460361	3.062163	0.055131
33.629711	3.087378	0.134917
33.799068	3.454732	0.047779
33.968418	3.617055	0.051756
34.137772	3.182635	0.036709
34.307129	3.165301	0.055868
34.476479	3.157898	0.083445
34.645828	3.116745	0.074278
34.815189	3.035544	0.099642
34.984539	3.210722	0.072368
35.1539		3.918381	0.063268
35.32325	4.190657	0.071567
35.492599	3.397626	0.094664
35.661961	3.150597	0.12413
35.83131	3.019243	0.093463
36.00066	3.038715	0.053914
36.170021	3.01138		0.124002
36.339371	3.083453	0.069184
36.508732	3.063573	0.278281
36.678082	3.103828	0.148062
36.847431	3.021721	0.074826
37.016788	3.010944	0.096808
37.186138	3.184848	0.183444
37.355492	2.968665	0.165481

