     5.247490     0.228391    0.017310       
     5.277730     0.243172    0.040742       
     5.307970     0.248276    0.028407       
     5.338210     0.238348    0.015075       
     5.368460     0.234215    0.039417       
     5.398700     0.244441    0.032321       
     5.428940     0.244898    0.014851       
     5.459180     0.254143    0.024203       
     5.489420     0.242827    0.020151       
     5.519670     0.238684    0.036567       
     5.549910     0.235661    0.014461       
     5.580150     0.235920    0.021484       
     5.610390     0.246767    0.036860       
     5.640630     0.248291    0.027492       
     5.670880     0.249742    0.035688       
     5.701120     0.243732    0.021940       
     5.731360     0.242715    0.040412       
     5.761600     0.242664    0.022120       
     5.791840     0.251960    0.015712       
     5.822090     0.255316    0.028852       
     5.852330     0.255481    0.030267       
     5.882570     0.254228    0.026994       
     5.912810     0.258219    0.015778       
     5.943050     0.260521    0.028607       
     5.973300     0.262307    0.028083       
     6.003540     0.262040    0.027421       
     6.033780     0.265407    0.016008       
     6.064020     0.262402    0.035971       
     6.094260     0.260503    0.037776       
     6.124510     0.260755    0.038806       
     6.154750     0.260972    0.023954       
     6.184990     0.262913    0.041369       
     6.215230     0.268466    0.025378       
     6.245470     0.260060    0.018066       
     6.275720     0.254087    0.015726       
     6.305960     0.255449    0.016014       
     6.336200     0.259954    0.039142       
     6.366440     0.261483    0.016524       
     6.396680     0.265729    0.028983       
     6.426930     0.266965    0.028930       
     6.457170     0.263716    0.043312       
     6.487410     0.262140    0.016069       
     6.517650     0.261150    0.016620       
     6.547890     0.263214    0.018423       
     6.578140     0.272247    0.018560       
     6.608380     0.278215    0.038180       
     6.638620     0.282159    0.018195       
     6.668860     0.279263    0.032559       
     6.699100     0.272920    0.039621       
     6.729350     0.268222    0.041633       
     6.759590     0.269164    0.017076       
     6.789830     0.266673    0.025785       
     6.820070     0.275571    0.037665       
     6.850310     0.271999    0.039949       
     6.880560     0.270477    0.042091       
     6.910800     0.275324    0.047794       
     6.941040     0.271217    0.025880       
     6.971280     0.273512    0.017597       
     7.001520     0.275160    0.029063       
     7.031770     0.277520    0.036367       
     7.062010     0.277365    0.033897       
     7.092250     0.276898    0.030627       
     7.122490     0.275633    0.018975       
     7.152730     0.273437    0.043982       
     7.182980     0.270786    0.022043       
     7.213220     0.278249    0.043715       
     7.243460     0.272895    0.027967       
     7.273700     0.278037    0.018697       
     7.303940     0.281718    0.033256       
     7.334190     0.283458    0.040970       
     7.364430     0.281977    0.039639       
     7.394670     0.280599    0.031755       
     7.424910     0.277230    0.039288       
     7.455150     0.275211    0.031509       
     7.485400     0.275826    0.041979       
     7.455150     0.289878    0.020740       
     7.515640     0.287078    0.020257       
     7.576120     0.288058    0.018659       
     7.636600     0.292024    0.018910       
     7.697090     0.295242    0.018392       
     7.757570     0.291167    0.019518       
     7.818050     0.290149    0.019457       
     7.878540     0.295368    0.033080       
     7.939020     0.296836    0.042567       
     7.999510     0.293316    0.017978       
     8.059990     0.289316    0.017946       
     8.120470     0.283964    0.043129       
     8.180960     0.283816    0.043117       
     8.241440     0.283978    0.018676       
     8.301920     0.285837    0.038247       
     8.362410     0.282359    0.018090       
     8.422890     0.273105    0.061324       
     8.483370     0.276832    0.018787       
     8.543860     0.276627    0.035699       
     8.604340     0.275551    0.015337       
     8.664830     0.278472    0.015044       
     8.725310     0.271912    0.028667       
     8.785790     0.267826    0.045239       
     8.846280     0.263061    0.041487       
     8.906760     0.262014    0.028807       
     8.967240     0.261012    0.021711       
     9.027730     0.264356    0.029988       
     9.088210     0.262775    0.025337       
     9.148690     0.258947    0.014825       
     9.209180     0.262709    0.032035       
     9.269660     0.262913    0.035467       
     9.330150     0.257782    0.018939       
     9.390630     0.258429    0.012624       
     9.451110     0.262313    0.022706       
     9.511600     0.259454    0.022748       
     9.572080     0.257307    0.011910       
     9.632560     0.256912    0.012358       
     9.693050     0.256756    0.012138       
     9.753530     0.251654    0.018124       
     9.814010     0.255449    0.012352       
     9.874500     0.254429    0.015420       
     9.934980     0.252950    0.015778       
     9.995470     0.257307    0.031137       
    10.055950     0.260179    0.031893       
    10.116430     0.247832    0.003954       
    10.176920     0.257050    0.026052       
    10.237400     0.258776    0.022703       
    10.297880     0.260843    0.013797       
    10.358370     0.270234    0.014589       
    10.418850     0.271411    0.024621       
    10.479330     0.277188    0.014347       
    10.539820     0.282475    0.034691       
    10.600300     0.288538    0.035564       
    10.660790     0.299506    0.029816       
    10.721270     0.295957    0.038911       
    10.781750     0.299919    0.041130       
    10.842240     0.307013    0.026134       
    10.902720     0.309008    0.035620       
    10.963200     0.308902    0.014814       
    11.023690     0.311579    0.015560       
    11.084170     0.314633    0.014654       
    11.144650     0.316679    0.042307       
    11.205140     0.318957    0.014871       
    11.265620     0.319690    0.015777       
    11.326110     0.320311    0.015230       
    11.386590     0.320774    0.041842       
    11.447070     0.321058    0.041146       
    11.507560     0.326403    0.035540       
    11.568040     0.335102    0.014295       
    11.628520     0.341718    0.029535       
    11.689010     0.343564    0.016228       
    11.749490     0.352510    0.014845       
    11.809970     0.359118    0.014777       
    11.870460     0.357775    0.016590       
    11.930940     0.363074    0.016903       
    11.991430     0.366760    0.014710       
    12.051910     0.370517    0.016133       
    12.112390     0.373156    0.017616       
    12.172880     0.377440    0.017998       
    12.233360     0.380662    0.027630       
    12.293840     0.383604    0.028536       
    12.354330     0.387840    0.018668       
    12.414810     0.388375    0.049129       
    12.475290     0.390000    0.054489       
    12.535780     0.392398    0.018819       
    12.596260     0.399679    0.038632       
    12.656750     0.401068    0.036478       
    12.717230     0.403334    0.017544       
    12.777710     0.405339    0.017039       
    12.838200     0.401655    0.018259       
    12.898680     0.399167    0.047210       
    12.959160     0.399356    0.017496       
    13.019650     0.399660    0.044890       
    13.080130     0.398348    0.017078       
    13.140610     0.398821    0.017280       
    13.201100     0.402450    0.029973       
    13.261580     0.403621    0.030587       
    13.322060     0.400197    0.037386       
    13.382550     0.391145    0.018499       
    13.443030     0.392726    0.018100       
    13.503520     0.399229    0.025271       
    13.564000     0.402371    0.017291       
    13.624480     0.397063    0.036232       
    13.684970     0.400782    0.019865       
    13.745450     0.402517    0.029535       
    13.805930     0.400504    0.041929       
    13.866420     0.399785    0.032922       
    13.926900     0.398684    0.014865       
    13.987380     0.403716    0.015146 
    14.069350     0.543050    0.012241       
    14.154030     0.550139    0.010260       
    14.238710     0.555482    0.009298       
    14.323380     0.557760    0.008891       
    14.408060     0.556361    0.008085       
    14.492740     0.562737    0.009501       
    14.577410     0.564803    0.009904       
    14.662090     0.563518    0.006283       
    14.746770     0.565138    0.019220       
    14.831450     0.592077    0.012925       
    14.916120     0.577647    0.008833       
    15.000800     0.579731    0.010059       
    15.085480     0.572582    0.005399       
    15.170150     0.577524    0.014467       
    15.254830     0.575798    0.011003       
    15.339510     0.572808    0.008781       
    15.424180     0.570814    0.012154       
    15.508860     0.584397    0.033407       
    15.593540     0.586146    0.043259       
    15.678210     0.581931    0.006240       
    15.762890     0.587785    0.008219       
    15.847570     0.595265    0.008747       
    15.932240     0.594483    0.005810       
    16.016920     0.598629    0.010950       
    16.101601     0.618389    0.008264       
    16.186279     0.599620    0.010347       
    16.270950     0.590362    0.009554       
    16.355631     0.587140    0.008313       
    16.440310     0.586295    0.010480       
    16.524981     0.586873    0.012170       
    16.609659     0.586627    0.022141       
    16.694340     0.581128    0.007033       
    16.779011     0.577802    0.009393       
    16.863689     0.582414    0.007804       
    16.948370     0.579374    0.007740       
    17.033039     0.574048    0.007942       
    17.117720     0.585860    0.012100       
    17.202400     0.586450    0.006874       
    17.287069     0.587210    0.006018       
    17.371750     0.586292    0.008411       
    17.456430     0.593221    0.011943       
    17.541109     0.597183    0.006896       
    17.625780     0.601183    0.007642       
    17.710461     0.591744    0.014066       
    17.795139     0.595579    0.017251       
    17.879810     0.596452    0.021093       
    17.964491     0.597067    0.012999       
    18.049170     0.599109    0.010135       
    18.133841     0.595888    0.014111       
    18.218519     0.595518    0.006899       
    18.303200     0.596243    0.008329       
    18.387871     0.596860    0.006485       
    18.472549     0.597114    0.012900       
    18.557230     0.601075    0.008319       
    18.641899     0.600187    0.011384       
    18.726580     0.592997    0.008359       
    18.811260     0.591281    0.009323       
    18.895941     0.592610    0.019648       
    18.980610     0.588848    0.013758       
    19.065290     0.592251    0.009425       
    19.149969     0.593546    0.017558       
    19.234640     0.590717    0.017419       
    19.319321     0.591710    0.011770       
    19.403999     0.590914    0.012169       
    19.488670     0.582331    0.009786       
    19.573351     0.589908    0.009781       
    19.658030     0.589458    0.017564       
    19.742701     0.587578    0.011905       
    19.827379     0.580063    0.011366       
    19.912060     0.580356    0.017591       
    19.996731     0.588045    0.013650       
    20.081409     0.592899    0.014705       
    20.166090     0.589066    0.016736       
    20.250771     0.587695    0.009732       
    20.335440     0.585852    0.012945       
    20.420120     0.587259    0.013959       
    20.504801     0.595441    0.019999       
    20.589470     0.584458    0.014167       
    20.758829     0.591270    0.013187       
    20.928181     0.593285    0.007435       
    21.097530     0.584735    0.010923       
    21.266890     0.589689    0.008481       
    21.436239     0.600223    0.007572       
    21.605600     0.597779    0.012029       
    21.774950     0.594418    0.009522       
    21.944300     0.596305    0.010771       
    22.113661     0.600336    0.013419       
    22.283010     0.599479    0.014767       
    22.452360     0.595623    0.009030       
    22.621719     0.594132    0.018140       
    22.791071     0.596391    0.007198       
    22.960430     0.601205    0.007712       
    23.129780     0.594901    0.006930       
    23.299129     0.594976    0.007169       
    23.468491     0.587620    0.007647       
    23.637840     0.590729    0.009121       
    23.807190     0.590741    0.006990       
    23.976549     0.590762    0.019615       
    24.145901     0.591066    0.037032       
    24.315260     0.590103    0.031959       
    24.484610     0.582539    0.006780       
    24.653959     0.592403    0.006208       
    24.823320     0.586029    0.026769       
    24.992670     0.586178    0.008444       
    25.162020     0.590191    0.005746       
    25.331381     0.578638    0.006385       
    25.500731     0.587205    0.005106       
    25.670090     0.582952    0.005560       
    25.839439     0.567741    0.005383       
    26.008789     0.580685    0.017177       
    26.178150     0.570262    0.010757       
    26.347500     0.565747    0.005307       
    26.516850     0.565530    0.009877       
    26.686211     0.599765    0.023359       
    26.855560     0.595821    0.020954       
    27.024920     0.565591    0.012198       
    27.194269     0.552230    0.009099       
    27.363621     0.558593    0.007127       
    27.532980     0.569033    0.013303       
    27.702330     0.558798    0.030582       
    27.871679     0.557437    0.023002       
    28.041040     0.546936    0.010288       
    28.210390     0.550692    0.010875       
    28.379749     0.554840    0.014108       
    28.549101     0.556726    0.010765       
    28.718451     0.555866    0.015804       
    28.887810     0.553460    0.007555       
    29.057159     0.558974    0.009231       
    29.226509     0.540706    0.010759       
    29.395870     0.543985    0.016380       
    29.565220     0.537916    0.010311       
    29.734579     0.541927    0.010399       
    29.903931     0.542159    0.018511       
    30.073280     0.533303    0.008284       
    30.242640     0.531576    0.009388       
    30.411989     0.529124    0.009480       
    30.581341     0.520686    0.014500       
    30.750700     0.531946    0.013952       
    30.920050     0.526483    0.016932       
    31.089411     0.523516    0.008409       
    31.258760     0.519739    0.011813       
    31.428110     0.514644    0.010381       
    31.597469     0.527903    0.012168       
    31.766821     0.518951    0.016925       
    31.936171     0.512788    0.013898       
    32.105530     0.510152    0.012151       
    32.274879     0.501824    0.010694       
    32.444241     0.508934    0.011549       
    32.613590     0.515802    0.018723       
    32.782940     0.510885    0.017817       
    32.952301     0.514527    0.014912       
    33.121651     0.509220    0.025837       
    33.291000     0.508077    0.017999       
    33.460361     0.510796    0.022251       
    33.629711     0.493740    0.024377       
    33.799068     0.519797    0.013231       
    33.968418     0.512451    0.026693       
    34.137772     0.511395    0.018335       
    34.307129     0.523336    0.027914       
    34.476479     0.521549    0.019855       
    34.645828     0.519768    0.014713       
    34.815189     0.515541    0.021247       
    34.984539     0.517064    0.017167       
    35.153900     0.516215    0.023286       
    35.323250     0.499766    0.020934       
    35.492599     0.511848    0.033693       
    35.661961     0.509519    0.031520       
    35.831310     0.489423    0.030641       
    36.000660     0.492137    0.024504       
    36.170021     0.471940    0.031091       
    36.339371     0.464467    0.031310       
    36.508732     0.464763    0.036472       
    36.678082     0.470216    0.063730       
    36.847431     0.474654    0.025532       
    37.016788     0.464442    0.028178           
    37.186138     0.460577    0.063379       
    37.355492     0.432789    0.033077 
