10.004904	0.245126	0.003884
10.012988	0.241293	0.003693
10.021071	0.250287	0.004775
10.029154	0.245207	0.005768
10.037234	0.236657	0.002947
10.045313	0.241237	0.004941
10.053392	0.245333	0.00504
10.061468	0.247749	0.003054
10.069544	0.243633	0.003995
10.077618	0.250809	0.003778
10.08569	0.246476	0.00354
10.093762	0.249136	0.004642
10.101832	0.24872		0.003673
10.109901	0.247499	0.004704
10.118013	0.250608	0.00398
10.12608	0.252618	0.003688
10.134145	0.251186	0.002643
10.142208	0.257374	0.002894
10.15027	0.252612	0.002197
10.158331	0.25118		0.002175
10.16639	0.25682		0.003062
10.174449	0.254609	0.001904
10.182506	0.253209	0.002854
10.190561	0.242845	0.013835
10.198615	0.259057	0.002858
10.206668	0.256193	0.003463
10.21472	0.262102	0.003567
10.222769	0.259891	0.002904
10.230818	0.25718		0.002841
10.238866	0.2657		0.003847
10.246912	0.264783	0.003901
10.254956	0.26197		0.002525
10.263		0.268168	0.002857
10.271043	0.263387	0.003259
10.279083	0.269282	0.002438
10.287123	0.265901	0.00222
10.295161	0.269653	0.003411
10.303198	0.27106		0.002152
10.311234	0.267935	0.002217
10.319268	0.272946	0.003556
10.327301	0.271788	0.00225
10.335333	0.270283	0.004093
10.343363	0.273272	0.004694
10.351392	0.280979	0.003519
10.359468	0.277707	0.003217
10.367495	0.278761	0.005131
10.37552	0.277868	0.004096
10.383543	0.285561	0.005087
10.391566	0.283007	0.003218
10.399588	0.280629	0.005303
10.407607	0.280209	0.00362
10.415627	0.281146	0.001948
10.423643	0.275889	0.002375
10.43166	0.28067		0.001502
10.439674	0.280813	0.00299
10.447687	0.27902		0.002114
10.455699	0.281793	0.002809
10.46371	0.280294	0.002557
10.47172	0.282232	0.003899
10.479728	0.287304	0.002405
10.487734	0.292973	0.002977
10.495739	0.283589	0.002932
10.508369	0.29131		0.019435
10.516876	0.284003	0.005652
10.525383	0.287164	0.003307
10.533886	0.289165	0.005646
10.542389	0.287781	0.003981
10.55089	0.284919	0.004972
10.559389	0.28836		0.004679
10.567888	0.292629	0.010404
10.576385	0.284053	0.004754
10.584881	0.2967		0.004636
10.593374	0.288644	0.004278
10.601867	0.294666	0.006766
10.610357	0.293722	0.004695
10.618847	0.295726	0.004255
10.627336	0.293981	0.006652
10.635822	0.290578	0.005697
10.644308	0.302225	0.004187
10.652792	0.297236	0.003763
10.661275	0.29763		0.003952
10.669756	0.304346	0.002746
10.678236	0.299691	0.002638
10.686714	0.300126	0.004054
10.695191	0.299442	0.003057
10.703667	0.303763	0.002746
10.712141	0.302483	0.003307
10.720613	0.30277		0.003863
10.729086	0.306467	0.005093
10.737556	0.310192	0.005078
10.746024	0.311492	0.003932
10.754491	0.310707	0.005117
10.762957	0.320801	0.003822
10.771421	0.324145	0.003159
10.779884	0.339345	0.005987
10.788345	0.347333	0.004413
10.796806	0.369123	0.003855
10.805264	0.455274	0.008856
10.813723	0.559312	0.007372
10.822178	0.49164		0.00615
10.830633	0.359056	0.003089
10.839087	0.326772	0.002796
10.847538	0.320941	0.003167
10.855988	0.318664	0.003153
10.864437	0.32363		0.003118
10.872885	0.31822		0.002097
10.88133	0.32287		0.004272
10.889775	0.318766	0.003044
10.898218	0.327186	0.003019
10.90666	0.321756	0.003404
10.915102	0.328585	0.002575
10.92354	0.321202	0.003979
10.931978	0.326391	0.002646
10.940414	0.323519	0.003583
10.94885	0.321996	0.002962
10.957283	0.326397	0.002935
10.965715	0.329241	0.002895
10.974146	0.327499	0.002497
10.982576	0.330423	0.002629
10.991004	0.333989	0.002006
10.999499	0.332924	0.005564
11.003922	0.327831	0.004049
11.012907	0.326698	0.002624
11.021891	0.328759	0.002592
11.030873	0.331866	0.002626
11.039854	0.334274	0.002829
11.048836	0.329898	0.002839
11.057814	0.325266	0.003124
11.06679	0.341027	0.004819
11.075765	0.3286		0.0028
11.084738	0.331673	0.002199
11.09371	0.33416		0.002437
11.10268	0.338231	0.004832
11.111649	0.338402	0.003927
11.120616	0.334237	0.005729
11.129582	0.339476	0.003252
11.138546	0.339278	0.003829
11.147509	0.34024		0.004568
11.156471	0.344603	0.004005
11.16543	0.335668	0.004106
11.174389	0.339698	0.004111
11.183346	0.338119	0.002837
11.192301	0.344619	0.005115
11.201254	0.341507	0.005049
11.210207	0.342541	0.00461
11.219158	0.347223	0.003117
11.228107	0.341467	0.002975
11.237055	0.346084	0.007034
11.246002	0.347793	0.004227
11.254948	0.349493	0.004435
11.263891	0.348205	0.003001
11.272833	0.347906	0.003241
11.281773	0.346437	0.002266
11.290711	0.352336	0.004334
11.299648	0.348895	0.003855
11.308584	0.35422		0.003423
11.317518	0.351081	0.003633
11.326451	0.350841	0.005211
11.335382	0.352386	0.005065
11.344313	0.350215	0.003996
11.353241	0.354109	0.00441
11.362167	0.36029		0.003089
11.371093	0.360876	0.007166
11.380016	0.357634	0.002554
11.388939	0.360208	0.00409
11.39786	0.360035	0.003453
11.406779	0.362857	0.003078
11.415697	0.356939	0.002986
11.424613	0.361739	0.004203
11.433529	0.363951	0.004162
11.442442	0.366339	0.003179
11.451353	0.370377	0.003149
11.460264	0.37032		0.003545
11.469173	0.37686		0.003503
11.478081	0.382864	0.002908
11.486986	0.385451	0.002925
11.495892	0.394823	0.003104
11.504794	0.402028	0.002766
11.513696	0.409283	0.004724
11.522596	0.417661	0.003505
11.531494	0.421249	0.002637
11.540392	0.421919	0.00399
11.549287	0.41944		0.003154
11.558182	0.41976		0.004055
11.567074	0.4165		0.004837
11.575966	0.422184	0.003436
11.584855	0.424289	0.006187
11.593743	0.423307	0.003517
11.60263	0.4227		0.003282
11.611515	0.426139	0.003515
11.620399	0.424416	0.003417
11.629282	0.425378	0.002992
11.638163	0.428128	0.002898
11.647041	0.422225	0.004415
11.65592	0.421668	0.004249
11.664797	0.424483	0.003719
11.673672	0.4105		0.003805
11.682545	0.418491	0.036604
11.691418	0.410516	0.004426
11.708624	0.416848	0.004187
11.718117	0.397686	0.004584
11.72761	0.40827		0.007199
11.7371		0.412018	0.006645
11.746588	0.400659	0.023362
11.756075	0.410437	0.006342
11.765561	0.407415	0.005596
11.775045	0.411972	0.006735
11.784528	0.408242	0.005469
11.794008	0.406374	0.004562
11.803488	0.407366	0.031847
11.812965	0.414011	0.005492
11.822443	0.410293	0.004673
11.83192	0.412456	0.005012
11.841393	0.408117	0.004347
11.850864	0.416967	0.00405
11.860332	0.414027	0.00463
11.869801	0.411613	0.00323
11.879268	0.408945	0.003539
11.888732	0.414247	0.00369
11.898195	0.415697	0.003087
11.907658	0.417878	0.003424
11.917116	0.415275	0.00854
11.926575	0.414908	0.00597
11.936031	0.415031	0.005232
11.945487	0.413696	0.004534
11.954941	0.416867	0.004738
11.964392	0.416254	0.004622
11.973843	0.418475	0.004795
11.983292	0.422936	0.004019
11.992739	0.419905	0.003714
12.002184	0.419407	0.002924
12.011629	0.419025	0.003703
12.02107	0.419381	0.005877
12.030512	0.425357	0.005775
12.039951	0.421331	0.007752
12.049389	0.427119	0.006192
12.058825	0.426565	0.004153
12.06826	0.434874	0.004309
12.077692	0.428083	0.004411
12.087124	0.430519	0.004545
12.096554	0.430175	0.00319
12.105982	0.42958		0.004973
12.115408	0.429644	0.005857
12.124834	0.425872	0.005627
12.134256	0.430768	0.006036
12.143679	0.433522	0.005653
12.153099	0.440731	0.005376
12.162518	0.432872	0.039539
12.171936	0.435833	0.004962
12.181351	0.435		0.004745
12.190764	0.436867	0.006689
12.200177	0.436376	0.00711
12.209588	0.442525	0.006346
12.218998	0.438653	0.005531
12.228405	0.440181	0.006265
12.237811	0.437813	0.004487
12.247215	0.446166	0.005627
12.256618	0.438185	0.004561
12.26602	0.445565	0.005162
12.275419	0.449915	0.007372
12.284819	0.448228	0.00587
12.294215	0.444448	0.006042
12.30361	0.452087	0.045932
12.313004	0.45246		0.006754
12.322395	0.460017	0.039551
12.331787	0.457693	0.005562
12.341175	0.452047	0.006492
12.350563	0.457992	0.008366
12.359948	0.459472	0.006153
12.369333	0.460161	0.006354
12.378716	0.461424	0.005769
12.388096	0.461592	0.006214
12.397476	0.458784	0.006832
12.408842	0.45849		0.008605
12.418926	0.449115	0.008139
12.429008	0.452397	0.006323
12.439085	0.464482	0.006568
12.44916	0.456027	0.007041
12.45923	0.457554	0.007151
12.469302	0.464608	0.008569
12.479371	0.468516	0.007702
12.489439	0.46801		0.007808
12.499504	0.461606	0.004592
12.509567	0.465835	0.005192
12.51963	0.470493	0.005432
12.529691	0.468754	0.006238
12.539749	0.468895	0.005495
12.549807	0.458475	0.013619
12.559862	0.469206	0.00609
12.569916	0.470851	0.006112
12.579967	0.466892	0.005571
12.590017	0.474411	0.004969
12.600065	0.473819	0.005681
12.610113	0.469954	0.006518
12.620158	0.472771	0.021974
12.630201	0.535075	0.060331
12.640244	0.499306	0.00923
12.650288	0.470699	0.004592
12.660331	0.479372	0.004529
12.670367	0.475932	0.005003
12.680403	0.482716	0.005106
12.690435	0.482201	0.002625
12.700466	0.487094	0.00244
12.710497	0.486748	0.002514
12.720524	0.487051	0.002356
12.730551	0.489803	0.034606
12.740576	0.484701	0.02486
12.750599	0.484586	0.002734
12.76062	0.487951	0.002619
12.770639	0.491705	0.003089
12.780657	0.488782	0.002648
12.790674	0.488059	0.018176
12.800688	0.48987		0.00421
12.8107		0.49594		0.005195
12.820712	0.490901	0.003633
12.830721	0.489076	0.005173
12.840729	0.493231	0.004641
12.850735	0.495833	0.00465
12.86074	0.495416	0.004287
12.870743	0.495649	0.004551
12.880743	0.493727	0.005159
12.890743	0.500708	0.005463
12.900741	0.497232	0.005779
12.910736	0.499408	0.002371
12.920731	0.501255	0.002445
12.930723	0.499837	0.002939
12.940714	0.500887	0.003048
12.950704	0.505169	0.002873
12.960691	0.503085	0.002759
12.970676	0.504112	0.003118
12.980661	0.50543		0.00359
12.990644	0.506621	0.002611
13.000625	0.500628	0.00302
13.010603	0.509383	0.003488
13.02058	0.511903	0.003832
13.030557	0.506802	0.003368
13.040531	0.510814	0.004136
13.050504	0.51135		0.004033
13.060474	0.508095	0.004344
13.070444	0.514432	0.003834
13.080411	0.513731	0.00287
13.090377	0.507139	0.002994
13.100341	0.515703	0.003172
13.110304	0.515418	0.003503
13.120264	0.523159	0.003455
13.130223	0.521795	0.003995
13.140181	0.535186	0.007364
13.150137	0.535654	0.005497
13.160091	0.559187	0.00509
13.170043	0.650335	0.04695
13.179994	0.902894	0.005234
13.189943	0.816937	0.010803
13.19989	0.604651	0.006738
13.2003		0.600137	0.006671
13.21104	0.538496	0.004352
13.221781	0.521842	0.00384
13.232518	0.524337	0.004812
13.243254	0.507868	0.005254
13.253986	0.505815	0.004672
13.264719	0.508837	0.004097
13.275449	0.51219		0.004329
13.286178	0.517487	0.005638
13.296904	0.50973		0.003719
13.307629	0.515948	0.003655
13.318352	0.513773	0.004122
13.329072	0.517802	0.005055
13.3398		0.512351	0.003902
13.350525	0.514766	0.004943
13.36124	0.515112	0.005759
13.371954	0.509235	0.003631
13.382666	0.503642	0.004869
13.393375	0.517202	0.005491
13.404084	0.515328	0.00492
13.414791	0.510504	0.040625
13.425495	0.517081	0.003452
13.436197	0.511979	0.004957
13.446898	0.518534	0.005774
13.45741	0.520393	0.005761
13.468107	0.529307	0.004037
13.478803	0.534853	0.00632
13.489496	0.532778	0.006552
13.500188	0.524663	0.005007
13.510878	0.517853	0.004302
13.521565	0.516487	0.003442
13.532251	0.517476	0.005164
13.542935	0.52218		0.005114
13.553618	0.518308	0.005063
13.564299	0.520944	0.004718
13.574978	0.515158	0.006553
13.585655	0.520038	0.005352
13.596331	0.521717	0.006139
13.607004	0.526324	0.005954
13.617676	0.520951	0.00436
13.628345	0.523173	0.006032
13.639013	0.527274	0.005093
13.649488	0.513791	0.005749
13.660152	0.524929	0.005411
13.670815	0.518701	0.043004
13.681476	0.523878	0.004587
13.692135	0.531686	0.005168
13.702791	0.530578	0.005307
13.713448	0.533242	0.005046
13.7241		0.524252	0.004358
13.734752	0.536047	0.004295
13.745401	0.533114	0.005088
13.75605	0.532776	0.00504
13.766697	0.536185	0.005477
13.777341	0.540531	0.00441
13.787984	0.528212	0.005811
13.798624	0.532281	0.005811
13.809263	0.542473	0.006322
13.819901	0.541739	0.005895
13.830537	0.544684	0.005122
13.841171	0.540702	0.005427
13.851803	0.541963	0.005498
13.862432	0.564814	0.052904
13.873061	0.5503		0.005652
13.883688	0.549487	0.004716
13.894313	0.555078	0.005002
13.904936	0.552079	0.00603
13.915558	0.554389	0.006193
13.926176	0.556606	0.005583
13.936794	0.558903	0.004668
13.947411	0.552899	0.004834
13.958025	0.549264	0.00561
13.968637	0.55636		0.006015
13.979248	0.550043	0.005733
13.989857	0.562953	0.004478
14.000463	0.559339	0.004781
14.011068	0.558777	0.005543
14.021673	0.56111		0.005772
14.032274	0.563241	0.005285
14.042875	0.562464	0.005383
14.053473	0.559378	0.004923
14.06407	0.566612	0.005127
14.074664	0.558609	0.00699
14.085257	0.563235	0.004901
14.095848	0.556246	0.005803
14.106438	0.569404	0.004177
14.117025	0.562508	0.005393
14.127611	0.54891		0.006704
14.138195	0.567321	0.005952
14.148778	0.578796	0.009276
14.159359	0.563963	0.005903
14.169937	0.56001		0.006597
14.180515	0.568319	0.008293
14.191091	0.558371	0.005892
14.205001	0.557395	0.005625
14.216478	0.556755	0.004799
14.227953	0.573246	0.00908
14.239426	0.565592	0.006137
14.250896	0.56959		0.00881
14.262365	0.564351	0.006693
14.273833	0.577954	0.008132
14.285313	0.561992	0.008354
14.296789	0.581163	0.006757
14.30825	0.578654	0.0055
14.31971	0.579265	0.004229
14.331167	0.57996		0.004348
14.342623	0.581912	0.004
14.354076	0.589039	0.003863
14.365528	0.583673	0.005528
14.376977	0.583238	0.016237
14.388425	0.588777	0.005842
14.39987	0.586619	0.003981
14.411314	0.577652	0.003963
14.422756	0.578143	0.003969
14.434196	0.592998	0.004198
14.445634	0.595077	0.006385
14.45707	0.591746	0.004031
14.468504	0.588752	0.003938
14.479937	0.587005	0.006946
14.491125	0.592408	0.004695
14.502553	0.584794	0.00661
14.51398	0.598611	0.004706
14.525404	0.577401	0.005005
14.536826	0.599996	0.006459
14.548246	0.594638	0.005943
14.559665	0.594498	0.04969
14.571081	0.592426	0.00589
14.582496	0.593276	0.049506
14.593908	0.586212	0.044954
14.605075	0.596615	0.008516
14.616484	0.595793	0.006536
14.62789	0.597337	0.039419
14.639295	0.597282	0.006451
14.650697	0.613125	0.006225
14.662098	0.62264		0.006181
14.673496	0.632428	0.014012
14.684894	0.656504	0.00562
14.696289	0.680094	0.005999
14.707682	0.698476	0.008125
14.719073	0.818574	0.014125
14.730462	1.016399	0.01077
14.74185	0.976878	0.010097
14.753235	0.748907	0.007179
14.764618	0.670027	0.006633
14.776001	0.652737	0.007198
14.78738	0.641734	0.006714
14.798758	0.639536	0.006911
14.810133	0.635505	0.005654
14.821507	0.632531	0.006118
14.83288	0.632951	0.007043
14.84425	0.624539	0.006706
14.855618	0.632204	0.006106
14.866984	0.634043	0.005479
14.878349	0.623506	0.005862
14.889711	0.648756	0.007141
14.901073	0.635993	0.005049
14.912432	0.634786	0.004798
14.923788	0.639562	0.006351
14.935143	0.645609	0.004579
14.946496	0.641768	0.005596
14.957848	0.637288	0.004698
14.969196	0.650665	0.004055
14.980544	0.647546	0.006164
14.99189	0.642292	0.004862
15.003233	0.650395	0.004012
15.014575	0.645437	0.007089
15.025915	0.643521	0.005421
15.037252	0.649034	0.008338
15.048589	0.643824	0.006489
15.059923	0.653983	0.005994
15.071256	0.648486	0.009057
15.082586	0.649713	0.007439
15.093915	0.64812		0.008057
15.105242	0.655303	0.008199
15.116566	0.6687		0.00788
15.12789	0.654043	0.010702
15.13921	0.665571	0.009594
15.15053	0.662143	0.004585
15.161847	0.644137	0.008318
15.172903	0.682805	0.008484
15.184216	0.701471	0.011573
15.195528	0.66406		0.007829
15.211985	0.666569	0.006562
15.224035	0.664088	0.008064
15.236382	0.645544	0.007191
15.248726	0.668053	0.005604
15.261067	0.650441	0.008369
15.273407	0.672442	0.013517
15.285789	0.656257	0.009159
15.298124	0.671939	0.012558
15.310159	0.680414	0.00783
15.322489	0.66701		0.010465
15.334818	0.686044	0.008429
15.347145	0.669676	0.00921
15.35947	0.684613	0.010536
15.371793	0.690015	0.009127
15.384113	0.678848	0.008629
15.396431	0.68924		0.008257
15.408748	0.675382	0.009918
15.421062	0.69626		0.009086
15.433374	0.678941	0.006779
15.445684	0.68131		0.008502
15.457993	0.700527	0.007536
15.470299	0.68137		0.006406
15.482602	0.696015	0.00835
15.494904	0.682089	0.00695
15.507204	0.684922	0.008951
15.519501	0.701466	0.006478
15.531797	0.683667	0.005158
15.54409	0.705576	0.00774
15.556381	0.697925	0.005399
15.56867	0.697758	0.004992
15.580958	0.712982	0.00585
15.593243	0.687824	0.004547
15.605526	0.706604	0.00778
15.617499	0.696117	0.006318
15.629778	0.693288	0.006096
15.642055	0.714449	0.007686
15.654329	0.704565	0.008754
15.666601	0.711773	0.008723
15.678919	0.697344	0.007138
15.691188	0.695307	0.006723
15.703454	0.709621	0.0067
15.715718	0.70516		0.010329
15.727981	0.710861	0.009374
15.74024	0.721184	0.009018
15.752186	0.702646	0.005995
15.764441	0.720618	0.007486
15.776695	0.713741	0.00832
15.788947	0.716396	0.009031
15.801196	0.719485	0.008113
15.813444	0.722019	0.008384
15.825689	0.72819		0.006857
15.837933	0.720985	0.008077
15.850174	0.713255	0.005378
15.862413	0.734712	0.008888
15.874651	0.724418	0.007344
15.886887	0.723458	0.00626
15.899118	0.754079	0.007852
15.91135	0.733654	0.007412
15.923578	0.770891	0.007
15.935806	0.77055		0.006733
15.94803	0.793504	0.005633
15.960254	0.825402	0.006397
15.972475	0.881504	0.006616
15.984694	1.048445	0.008775
15.99691	1.400232	0.009542
16.009125	1.484735	0.010874
16.021339	1.140773	0.012594
16.033548	0.858127	0.007831
16.045757	0.779696	0.006257
16.057964	0.778205	0.006735
16.070168	0.745861	0.006173
16.082371	0.763362	0.005889
16.09425	0.754346	0.005492
16.106398	0.733259	0.022826
16.118593	0.769147	0.007368
16.130787	0.741442	0.009311
16.142979	0.741892	0.007771
16.155169	0.753542	0.007695
16.167356	0.745165	0.007615
16.179543	0.764945	0.00704
16.191727	0.75519		0.009097
16.203583	0.752654	0.009301
16.215763	0.753811	0.008288
16.227942	0.766605	0.008437
16.240116	0.752661	0.010407
16.252291	0.779995	0.009742
16.264462	0.777004	0.011948
16.27663	0.783939	0.009983
16.288799	0.77591		0.011136
16.300964	0.760179	0.014198
16.313128	0.802009	0.015123
16.325291	0.776432	0.010028
16.337448	0.764544	0.011021
16.349606	0.780083	0.009593
16.361763	0.745591	0.013587
16.373917	0.793488	0.012402
16.386066	0.776304	0.009646
16.398216	0.793967	0.009662
16.410364	0.763512	0.007912
16.42251	0.838192	0.07139
16.434654	0.784529	0.010118
16.446796	0.783693	0.009117
16.458935	0.792621	0.052802
16.471073	0.806618	0.007341
16.483208	0.771007	0.011254
16.495316	0.797821	0.010553
16.500284	0.78418		0.023667
16.513622	0.803462	0.014374
16.52696	0.794517	0.013776
16.539913	0.799246	0.010751
16.553246	0.80503		0.011073
16.566574	0.809128	0.013135
16.579903	0.789648	0.013066
16.593227	0.794736	0.012453
16.60655	0.800135	0.012825
16.619871	0.796627	0.013819
16.63319	0.810553	0.012085
16.646505	0.799757	0.01221
16.659821	0.798693	0.014986
16.673134	0.828167	0.017077
16.686478	0.795813	0.012836
16.699787	0.832041	0.013413
16.713127	0.815703	0.010051
16.726429	0.832313	0.007254
16.739731	0.835275	0.007806
16.753031	0.819213	0.007589
16.766327	0.845212	0.008438
16.779621	0.840517	0.010478
16.792912	0.824316	0.008716
16.805811	0.84255		0.009913
16.819098	0.825337	0.013408
16.832382	0.842975	0.009248
16.845665	0.843152	0.011724
16.858946	0.832586	0.011454
16.87183	0.84693		0.012634
16.885105	0.849413	0.011147
16.89838	0.851077	0.010019
16.91165	0.848349	0.010495
16.924919	0.872957	0.012961
16.938185	0.84597		0.009764
16.95145	0.860278	0.011057
16.96471	0.85159		0.010386
16.97797	0.850936	0.009231
16.991228	0.878555	0.009825
17.004484	0.847685	0.007636
17.017738	0.86599		0.010098
17.030989	0.861402	0.009412
17.044237	0.856881	0.007902
17.057484	0.860007	0.006974
17.070728	0.877653	0.007061
17.083969	0.856991	0.01519
17.09721	0.884855	0.007021
17.110449	0.884251	0.007932
17.123684	0.861307	0.008681
17.136917	0.870741	0.00726
17.150148	0.878854	0.007684
17.162975	0.850833	0.021463
17.176201	0.876512	0.010725
17.189426	0.87251		0.009106
17.202648	0.874562	0.011117
17.215868	0.881678	0.012001
17.228682	0.863855	0.011849
17.241896	0.880172	0.010782
17.255108	0.88056		0.016689
17.268318	0.877869	0.015165
17.281528	0.869372	0.013334
17.294735	0.881806	0.013969
17.307938	0.890989	0.013618
17.32114	0.875812	0.007021
17.334339	0.882479	0.010083
17.347538	0.887348	0.00853
17.360733	0.856045	0.009002
17.373928	0.906395	0.008233
17.387117	0.888737	0.007167
17.400307	0.903722	0.00868
17.413494	0.888021	0.006925
17.426678	0.903753	0.006512
17.439861	0.897635	0.006109
17.453041	0.88511		0.006832
17.466219	0.908		0.007133
17.479393	0.901945	0.009976
17.492569	0.904579	0.011179
17.505741	0.900765	0.013557
17.518496	1.018397	0.018904
17.531662	1.018615	0.014696
17.544827	0.932102	0.010091
17.557989	0.887093	0.012159
17.570734	0.912736	0.010119
17.584309	0.913779	0.014327
17.597466	0.906494	0.015087
17.610161	0.910658	0.014929
17.62331	0.912383	0.015622
17.636417	0.958151	0.021552
17.649565	0.918091	0.01655
17.662708	0.885848	0.011725
17.67585	0.931413	0.014321
17.688992	0.920598	0.012758
17.702129	0.90833		0.010536
17.715267	0.922334	0.01693
17.728401	0.925895	0.008927
17.741531	0.926111	0.008522
17.754662	0.914313	0.008379
17.76779	0.939649	0.007008
17.780914	0.917959	0.016177
17.794039	0.937531	0.009828
17.807159	0.887582	0.00692
17.820278	0.946999	0.010761
17.833397	0.941937	0.00815
17.846512	0.92266		0.007208
17.859623	0.937699	0.013084
17.872734	0.951563	0.008445
17.885843	0.892235	0.010112
17.898523	0.95608		0.010566
17.912579	0.932902	0.008555
17.927101	0.947213	0.010936
17.94162	0.940356	0.012581
17.955647	0.934556	0.015895
17.970161	0.94607		0.015222
17.984673	0.954942	0.015613
17.99918	0.9408		0.017481
18.013195	0.949163	0.015443
18.027699	0.929544	0.012126
18.0422		0.948179	0.0133
18.056698	0.94199		0.014247
18.071194	0.952068	0.011615
18.08569	0.950822	0.011837
18.10018	0.938631	0.015183
18.11467	0.97995		0.018638
18.129154	0.938844	0.016069
18.143639	0.956982	0.015041
18.158121	0.958824	0.011341
18.1726		0.96322		0.012625
18.187077	0.935036	0.01465
18.201611	0.967021	0.013087
18.216084	0.939991	0.015409
18.229994	0.968908	0.016447
18.244579	0.981787	0.012561
18.259045	0.962531	0.012412
18.273506	0.967253	0.018539
18.287966	0.965076	0.016284
18.301922	0.954921	0.013362
18.316376	0.957064	0.016131
18.330826	0.992361	0.015099
18.345276	0.972726	0.013933
18.359724	0.973321	0.00966
18.374168	0.992207	0.009641
18.388611	0.984698	0.011831
18.403051	0.981042	0.010267
18.417488	0.981871	0.009378
18.431923	0.984629	0.008381
18.446358	0.997441	0.008584
18.460787	0.995268	0.014845
18.475216	0.968381	0.008502
18.489643	1.01657		0.067846
18.504065	1.008375	0.017033
18.517977	0.970473	0.01166
18.532394	0.977112	0.014783
18.54681	0.98635		0.015859
18.560713	0.968818	0.012592
18.575123	0.974995	0.013065
18.589531	0.994073	0.015093
18.603937	0.96431		0.015428
18.61834	0.992103	0.01339
18.63274	0.981168	0.014039
18.647141	0.98523		0.012549
18.661537	0.986831	0.016079
18.67593	1.004838	0.079216
18.690323	0.957132	0.010294
18.704712	1.003351	0.014523
18.719097	0.990076	0.010364
18.733482	0.976797	0.007513
18.747864	1.00663		0.008639
18.762245	1.009744	0.01114
18.776623	0.983811	0.009888
18.790997	0.970897	0.010283
18.80485	0.98888		0.012626
18.81922	0.982511	0.009971
18.833588	1.006248	0.017436
18.847431	0.998314	0.014476
18.861794	0.990752	0.009688
18.876154	1.00392		0.018684
18.890511	0.996983	0.006413
18.904869	1.015997	0.013044
18.91922	1.011309	0.008912
18.933571	1.013542	0.00966
18.94792	1.012909	0.008906
18.962265	0.995013	0.009989
18.97661	1.005752	0.009117
18.990952	1.061777	0.00618
19.005291	1.00501		0.00989
19.019627	0.985146	0.010927
19.033962	1.014567	0.010174
19.048294	1.012082	0.011322
19.062626	1.004341	0.011036
19.076885	1.061469	0.066337
19.090614	1.012421	0.014562
19.104935	1.00933		0.013448
19.119255	0.998598	0.027
19.133574	1.025673	0.013782
19.147888	1.02994		0.015702
19.161669	1.05267		0.01453
19.17598	1.006681	0.014501
19.190287	1.012911	0.013772
19.204592	1.04224		0.016433
19.218895	1.088601	0.015729
19.233196	1.150867	0.014854
19.247496	1.37846		0.017729
19.261791	1.338986	0.018291
19.276085	1.057077	0.013834
19.290379	1.114118	0.012524
19.304668	1.010844	0.011078
19.318954	1.044526	0.009721
19.333241	1.032133	0.009815
19.347523	1.024433	0.012808
19.361803	1.042053	0.014138
19.376081	1.066949	0.01006
19.389816	0.95552		0.010296
19.404089	1.03828		0.016446
19.41836	1.025671	0.018711
19.432629	1.05495		0.019346
19.446754	0.971614	0.015731
19.50325	1.135767	0.013958
19.518805	1.131759	0.012046
19.53434	1.141983	0.007233
19.549858	1.163246	0.006779
19.580635	1.141297	0.111084
19.596104	1.130858	0.004696
19.611557	1.137513	0.00686
19.626993	1.162889	0.004745
19.642414	1.141625	0.008318
19.657818	1.106866	0.079403
19.673204	1.144453	0.015169
19.688576	1.116265	0.025852
19.719246	1.150556	0.008339
19.734364	1.140327	0.06767
19.74967	1.141191	0.00607
19.764961	1.142817	0.009507
19.780235	1.122541	0.023882
19.795492	1.163174	0.152884
19.810734	1.113787	0.018039
19.825962	1.10147		0.018854
19.841171	1.110573	0.014593
19.856365	1.083802	0.009684
19.871544	1.081778	0.012478
19.886707	1.133743	0.008813
19.901833	1.091715	0.034775
19.916962	1.091502	0.006921
19.932079	1.118331	0.00498
19.947178	1.103283	0.010202
19.977333	1.073211	0.010467
19.992386	1.153036	0.0079
20.008863	1.164271	0.007345
20.025791	1.14885		0.007315
20.042702	1.163004	0.013913
20.059589	1.183084	0.015152
20.076458	1.170486	0.026903
20.093309	1.171962	0.006064
20.110138	1.204404	0.015455
20.126949	1.161262	0.013815
20.143742	1.166481	0.091635
20.160515	1.16388		0.014832
20.177267	1.155778	0.012004
20.194002	1.16827		0.016243
20.210716	1.165756	0.013259
20.227413	1.167564	0.007585
20.244089	1.169098	0.005643
20.26075	1.147207	0.012352
20.277388	1.186118	0.144211
20.294008	1.14613		0.079836
20.310612	1.123347	0.012006
20.327194	1.166795	0.144001
20.343758	1.144952	0.046605
20.360306	1.186133	0.134903
20.376833	1.156046	0.007515
20.393341	1.192365	0.012158
20.409834	1.163062	0.006822
20.426308	1.163858	0.01223
20.44276	1.161653	0.088685
20.459198	1.183476	0.028106
20.475616	1.170933	0.027559
20.492018	1.203339	0.131238
20.508394	1.131624	0.005208
20.524755	1.145184	0.012638
20.5411		1.15204		0.006175
20.573742	1.168103	0.1205
20.590034	1.165211	0.046694
20.606308	1.149048	0.014905
20.622566	1.143761	0.004278
20.638807	1.172875	0.009599
20.655029	1.162291	0.006777
20.671236	1.137467	0.005795
20.687424	1.229817	0.115062
20.703594	1.174529	0.013868
20.719749	1.159965	0.021273
20.735886	1.157544	0.100123
20.752007	1.189894	0.026267
20.768108	1.181745	0.01631
20.784195	1.197365	0.020506
20.800255	1.168299	0.069604
20.816305	1.178358	0.013138
20.832336	1.177105	0.016517
20.848354	1.198651	0.024552
20.864357	1.201212	0.009002
20.880341	1.192646	0.01315
20.896196	1.160624	0.087004
20.916592	1.188701	0.072714
20.93466	1.218745	0.012283
20.952705	1.254981	0.004487
20.97073	1.241909	0.004485
20.988731	1.25169		0.004325
21.006714	1.251635	0.106253
21.024673	1.188645	0.005689
21.042614	1.200123	0.00933
21.06053	1.259819	0.016671
21.078426	1.227373	0.008604
21.096302	1.236988	0.116336
21.114159	1.257495	0.005302
21.131992	1.259121	0.027423
21.149807	1.259636	0.073989
21.167599	1.244182	0.078688
21.185371	1.244413	0.009134
21.203125	1.229786	0.010027
21.220856	1.223113	0.126789
21.238565	1.270474	0.083042
21.256256	1.267251	0.004049
21.273926	1.244638	0.003207
21.291576	1.241969	0.09357
21.309208	1.248749	0.002824
21.326817	1.235821	0.007283
21.344406	1.234951	0.016034
21.361977	1.245675	0.127836
21.379528	1.22815		0.113841
21.397058	1.251032	0.004367
21.41457	1.258958	0.005975
21.43206	1.249272	0.004279
21.449532	1.22459		0.147203
21.466984	1.215177	0.117232
21.484417	1.213285	0.089727
21.501829	1.230254	0.008766
21.519222	1.233531	0.020878
21.536598	1.247331	0.011369
21.553953	1.250228	0.008466
21.571289	1.234284	0.006041
21.605904	1.188859	0.068817
21.623184	1.231015	0.010846
21.640446	1.199556	0.021742
21.657686	1.232737	0.008644
21.67491	1.254961	0.007235
21.692114	1.247112	0.006302
21.709299	1.256717	0.012752
21.726467	1.24685		0.01713
21.743614	1.245717	0.010689
21.760746	1.231114	0.011643
21.777857	1.251378	0.105341
21.79495	1.242151	0.011208
21.812023	1.249641	0.046629
21.829079	1.264816	0.007385
21.846117	1.278472	0.015837
21.863136	1.250403	0.006288
21.880138	1.281527	0.007275
21.897121	1.232172	0.050581
21.914089	1.253689	0.012339
21.931036	1.245519	0.018328
21.947966	1.278851	0.008931
21.964878	1.26914		0.013654
21.981773	1.32061		0.129699
21.99865	1.236861	0.049514
22.015511	1.285142	0.006093
22.032352	1.276998	0.010204
22.049175	1.248873	0.05134
22.065983	1.258183	0.015127
22.082771	1.25861		0.006411
22.099541	1.242487	0.008271
22.118357	1.303393	0.003572
22.137482	1.298519	0.018769
22.156586	1.295863	0.005931
22.175667	1.326114	0.116984
22.194725	1.300281	0.152936
22.21376	1.309056	0.014721
22.232773	1.292962	0.027909
22.25176	1.287077	0.007319
22.270729	1.298681	0.112444
22.289673	1.28087		0.08777
22.308594	1.26465		0.008156
22.327494	1.266311	0.065326
22.346371	1.260749	0.018749
22.365229	1.284839	0.10874
22.38406	1.301858	0.015788
22.402872	1.304388	0.008834
22.421661	1.31809		0.136893
22.440428	1.314965	0.037654
22.459175	1.312934	0.072028
22.477898	1.334257	0.007135
22.496599	1.318497	0.024854
22.51528	1.312586	0.06721
22.533939	1.384576	0.150505
22.552576	1.328552	0.008845
22.571192	1.335858	0.01649
22.589785	1.319187	0.018947
22.608356	1.36616		0.10852
22.626909	1.336169	0.009785
22.645441	1.345372	0.025024
22.663952	1.337967	0.016353
22.68244	1.339029	0.013086
22.700909	1.342356	0.09206
22.719357	1.349852	0.004323
22.737782	1.348296	0.024844
22.756187	1.347833	0.006637
22.774574	1.349647	0.008386
22.792938	1.361288	0.09259
22.811283	1.364553	0.107821
22.829607	1.363255	0.011354
22.847912	1.354952	0.008943
22.866194	1.353583	0.011
22.884457	1.347844	0.009439
22.9027		1.362117	0.010797
22.920925	1.353557	0.111879
22.939127	1.368595	0.012106
22.95731	1.366344	0.015823
22.975473	1.355716	0.004587
22.993618	1.366804	0.003161
23.011742	1.351979	0.005202
23.029846	1.339787	0.023097
23.04793	1.34868		0.004959
23.065996	1.36422		0.003758
23.084038	1.350254	0.016908
23.102062	1.340306	0.105992
23.12007	1.371599	0.006944
23.138056	1.356667	0.018212
23.156025	1.344416	0.030461
23.173971	1.335532	0.070916
23.209812	1.355845	0.013016
23.227703	1.355127	0.01388
23.245575	1.357038	0.006655
23.263428	1.363222	0.008427
23.281263	1.372297	0.011017
23.29908	1.329003	0.006801
23.316879	1.379096	0.101703
23.334652	1.35895		0.013425
23.352413	1.354952	0.011782
23.370152	1.367232	0.009233
23.387875	1.354537	0.015993
23.405579	1.359787	0.015606
23.440933	1.391791	0.107013
23.458582	1.327355	0.163028
23.476212	1.426378	0.125348
23.493828	1.365848	0.117609
23.511419	1.403353	0.078025
23.528996	1.386326	0.019136
23.546551	1.39907		0.009231
23.564093	1.386243	0.129293
23.581615	1.422968	0.010622
23.599121	1.392416	0.011115
23.607841	1.434289	0.005534
23.627974	1.428469	0.00648
23.648083	1.427201	0.066307
23.668167	1.400443	0.010039
23.688229	1.407654	0.007136
23.708265	1.449747	0.155499
23.728291	1.45307		0.167402
23.74828	1.385756	0.032254
23.768255	1.459869	0.012758
23.7882		1.366756	0.100984
23.828022	1.41754		0.011811
23.847897	1.399132	0.146973
23.887581	1.430581	0.008844
23.907387	1.443192	0.012194
23.927174	1.448673	0.008892
23.946926	1.437061	0.006957
23.966667	1.452953	0.02479
23.986374	1.455799	0.009648
24.005835	1.459918	0.014943
24.025743	1.456588	0.023346
24.045395	1.456984	0.012184
24.065023	1.458624	0.148119
24.084629	1.439711	0.007002
24.104214	1.445256	0.005364
24.123533	1.445093	0.115088
24.143074	1.463842	0.005996
24.162592	1.453462	0.114358
24.182087	1.480158	0.012299
24.201563	1.472788	0.009165
24.221016	1.481621	0.010561
24.240448	1.474437	0.024729
24.259859	1.46177		0.017247
24.279249	1.45757		0.0107
24.298616	1.456922	0.008477
24.317965	1.455643	0.111159
24.33729	1.415023	0.009551
24.356596	1.480954	0.110246
24.375881	1.463791	0.004716
24.395144	1.456963	0.019536
24.414387	1.480924	0.007125
24.433609	1.488078	0.020035
24.45281	1.487645	0.10857
24.471992	1.467423	0.019269
24.491133	1.468116	0.012143
24.510271	1.490312	0.00935
24.529388	1.502788	0.10641
24.548487	1.487663	0.017292
24.567566	1.482618	0.14297
24.586622	1.475252	0.007544
24.605661	1.485973	0.005295
24.624678	1.475962	0.011872
24.643677	1.477863	0.005796
24.662655	1.478685	0.005575
24.681612	1.47638		0.005717
24.700268	1.487077	0.006189
24.719185	1.488376	0.006876
24.738369	1.482643	0.164348
24.757227	1.493305	0.007456
24.776085	1.495504	0.005728
24.832253	1.509715	0.00625
24.85103	1.520314	0.012722
24.869793	1.505577	0.10276
24.888535	1.501454	0.136658
24.907257	1.499824	0.006868
24.925961	1.525846	0.007281
24.944633	1.551771	0.008531
24.963287	1.559883	0.023234
24.981934	1.635978	0.010099
25.000559	1.892095	0.009245
25.019165	2.103758	0.147877
25.037756	1.86383		0.007053
25.056326	1.58658		0.011057
25.074879	1.50788		0.021312
25.093414	1.503492	0.122259
25.117496	1.477896	0.007045
25.138977	1.466681	0.007277
25.160435	1.476055	0.010383
25.181866	1.436644	0.041934
25.224651	1.480472	0.028447
25.246006	1.482491	0.003493
25.267338	1.486972	0.005603
25.288645	1.476898	0.00844
25.309925	1.492491	0.011108
25.331184	1.521629	0.109336
25.373196	1.521836	0.017811
25.394377	1.483612	0.121354
25.415535	1.520546	0.007969
25.436668	1.515259	0.018481
25.457777	1.52454		0.00643
25.478863	1.510767	0.014885
25.499926	1.489266	0.116191
25.520962	1.506428	0.008665
25.541977	1.51388		0.01992
25.562523	1.520004	0.01645
25.583488	1.527096	0.113918
25.604431	1.559435	0.014272
25.625349	1.539869	0.012046
25.646244	1.551973	0.014412
25.667114	1.534231	0.020925
25.687962	1.54006		0.128193
25.708788	1.496977	0.017649
25.729589	1.526959	0.134592
25.75037	1.502728	0.014572
25.771126	1.538908	0.032119
25.791859	1.571157	0.148451
25.812569	1.457725	0.068695
25.833227	1.533955	0.024748
25.853861	1.54077		0.026388
25.874504	1.520154	0.014219
25.895123	1.548144	0.017945
25.915718	1.524278	0.140677
25.956844	1.520761	0.013455
25.977375	1.533671	0.011312
25.997883	1.487761	0.137407
26.01837	1.501607	0.010592
26.038834	1.514271	0.011484
26.059277	1.510677	0.006553
26.079697	1.51364		0.003919
26.100096	1.494022	0.06618
26.120472	1.529485	0.007933
26.140827	1.490557	0.05771
26.161163	1.516126	0.004263
26.181477	1.530855	0.006244
26.201736	1.495533	0.01659
26.22197	1.5168		0.118701
26.262444	1.476636	0.007168
26.28265	1.498664	0.010182
26.302834	1.50189		0.010351
26.322996	1.498297	0.008953
26.34314	1.501502	0.00456
26.363262	1.494612	0.075836
26.383362	1.507982	0.018159
26.403442	1.503328	0.010942
26.423504	1.530099	0.108836
26.44351	1.534775	0.007682
26.46349	1.539289	0.006944
26.483488	1.533315	0.038667
26.503464	1.590294	0.005677
26.52342	1.597815	0.006349
26.543358	1.637398	0.141475
26.563272	1.702679	0.010454
26.582659	1.789787	0.011899
26.602533	2.070418	0.023986
26.622389	2.974801	0.269447
26.642153	3.349264	0.024326
26.661966	2.347285	0.016514
26.681759	1.789162	0.037985
26.701532	1.648905	0.008787
26.721287	1.627425	0.127213
26.741022	1.648179	0.129868
26.760738	1.564576	0.124696
26.800112	1.564002	0.123242
26.819695	1.585624	0.034555
26.839331	1.56814		0.014509
26.858948	1.583753	0.145315
26.878546	1.580224	0.029082
26.898125	1.573902	0.008762
26.917685	1.575117	0.010092
26.937227	1.570768	0.128821
26.956751	1.556709	0.013492
26.976175	1.569834	0.013193
26.995659	1.556475	0.01503
27.015123	1.578271	0.008547
27.034569	1.562358	0.010551
27.053995	1.618742	0.027219
27.072863	1.566295	0.110083
27.092253	1.585786	0.014173
27.112087	1.604921	0.018664
27.131439	1.547734	0.133386
27.169538	1.557329	0.016618
27.188835	1.622575	0.013699
27.208115	1.57461		0.017848
27.227924	1.588951	0.021092
27.246532	1.608782	0.016703
27.265755	1.586834	0.015424
27.284958	1.586328	0.021062
27.311363	1.581608	0.127019
27.333836	1.593892	0.021953
27.355576	1.560069	0.005259
27.377995	1.578757	0.126805
27.400391	1.601092	0.01071
27.42276	1.598438	0.009103
27.445105	1.647921	0.011999
27.467424	1.607237	0.131044
27.489719	1.61471		0.133609
27.511272	1.670725	0.181537
27.533518	1.637171	0.014773
27.555737	1.631438	0.012055
27.577934	1.6495		0.011444
27.600105	1.63484		0.139202
27.622253	1.658375	0.01847
27.644377	1.727157	0.17631
27.666477	1.645587	0.010777
27.688553	1.675597	0.014903
27.710602	1.669333	0.011127
27.732632	1.479259	0.084304
27.754637	1.820481	0.195812
27.776546	1.585636	0.056237
27.798502	1.639404	0.017968
27.820358	1.672948	0.194746
27.842266	1.676488	0.02374
27.864153	1.698824	0.142925
27.886015	1.662878	0.006211
27.92967	1.655929	0.014441
27.951464	1.690597	0.0111
27.973236	1.647086	0.010307
27.994984	1.619178	0.019585
28.016708	1.637134	0.006601
28.03841	1.655097	0.097011
28.060091	1.670335	0.022008
28.081749	1.675213	0.138056
28.103384	1.66821		0.083357
28.124081	1.63813		0.018431
28.145666	1.654424	0.026764
28.167992	1.654468	0.121955
28.188774	1.651955	0.01418
28.210295	1.641962	0.009822
28.231794	1.644062	0.117758
28.253271	1.684386	0.010139
28.274727	1.694446	0.008835
28.29616	1.656782	0.018265
28.338964	1.68847		0.047995
28.360168	1.758577	0.018672
28.380737	1.698757	0.027152
28.423361	1.706493	0.016549
28.444641	1.705889	0.012651
28.4659		1.69068		0.018023
28.487139	1.7015		0.014878
28.508356	1.673789	0.021396
28.529552	1.696533	0.009419
28.550644	1.66458		0.045309
28.571711	1.739283	0.035438
28.613953	1.744879	0.017433
28.635042	1.722684	0.011592
28.656113	1.706378	0.065764
28.677162	1.72292		0.008312
28.698193	1.712459	0.005626
28.719202	1.707158	0.019308
28.740013	1.69806		0.070608
28.760979	1.698447	0.183055
28.781923	1.695559	0.014571
28.802849	1.697457	0.005454
28.823757	1.706243	0.010134
28.844643	1.711207	0.005989
28.865509	1.696395	0.008508
28.886356	1.690077	0.02156
28.907		1.673455	0.023849
28.927803	1.705206	0.024377
28.948589	1.672247	0.01343
28.969353	1.733856	0.021668
28.990101	1.577244	0.008149
29.023945	1.890749	0.132805
29.048481	1.770079	0.02427
29.071966	1.680711	0.01192
29.096445	1.678038	0.012792
29.120895	1.79284		0.155487
29.145319	1.748167	0.012343
29.169714	1.74838		0.017018
29.19305	1.746343	0.028594
29.217388	1.780167	0.015176
29.241699	1.777224	0.016984
29.290239	1.738437	0.01672
29.314468	1.743242	0.016659
29.338671	1.787673	0.019039
29.362846	1.797587	0.021676
29.386995	1.723886	0.071209
29.411118	1.764644	0.022374
29.435213	1.760851	0.009261
29.459282	1.775526	0.134769
29.483324	1.723974	0.005529
29.507341	1.751251	0.005886
29.53133	1.7759		0.007627
29.555294	1.763431	0.006887
29.579235	1.726488	0.014607
29.603146	1.744572	0.012184
29.625971	1.716941	0.116814
29.64983	1.737682	0.014727
29.673664	1.789019	0.182184
29.697472	1.764131	0.012551
29.721254	1.824684	0.163617
29.743942	1.809321	0.020521
29.768745	1.768735	0.045156
29.792452	1.73606		0.023991
29.814913	1.699497	0.080784
29.838566	1.801656	0.025717
29.862045	1.762572	0.092179
29.885647	1.73973		0.168127
29.909225	1.727374	0.017686
29.932779	1.779917	0.154037
29.95631	1.754354	0.069389
29.979813	1.753633	0.019556
30.003296	1.760239	0.018263
30.026752	1.765776	0.016656
30.050182	1.787115	0.023409
30.073591	1.80863		0.009221
30.096975	1.758832	0.041032
30.120337	1.683578	0.144037
30.143673	1.762734	0.162106
30.166988	1.763293	0.041993
30.190117	1.771852	0.148557
30.21212	1.711353	0.15916
30.23646	1.749973	0.133197
30.259674	1.737931	0.013355
30.281763	1.811793	0.012968
30.304932	1.820127	0.136817
30.328075	1.7667		0.019115
30.351198	1.775994	0.013656
30.373184	1.818378	0.102782
30.396259	1.858332	0.015156
30.420427	1.797556	0.017259
30.442177	1.846712	0.139235
30.465014	1.798552	0.115307
30.487993	1.813628	0.02012
30.510952	1.820169	0.028277
30.533886	1.805564	0.01442
30.556801	1.809362	0.010529
30.579693	1.814901	0.013354
30.602562	1.84071		0.005359
30.625408	1.802143	0.04608
30.648235	1.820582	0.016034
30.670866	1.80971		0.033664
30.69347	1.81996		0.033369
30.716225	1.8343		0.016036
30.73896	1.809194	0.009882
30.761673	1.759478	0.008015
30.784365	1.770258	0.131702
30.807035	1.793101	0.012239
30.829685	1.821475	0.014623
30.850815	1.879282	0.032068
30.873415	1.769539	0.042641
30.897139	1.752696	0.01934
30.918554	1.827872	0.016839
30.941092	1.844932	0.150206
30.96361	1.847092	0.015733
30.984955	1.760915	0.011723
31.03067	1.877682	0.026419
31.051945	1.849246	0.018105
31.074352	1.837915	0.048588
31.096741	1.761264	0.146387
31.105776	1.836966	0.018329
31.132591	1.882464	0.036506
31.159374	1.875137	0.031936
31.184685	1.825193	0.026572
31.211641	1.855789	0.030705
31.238333	1.977794	0.234452
31.264994	1.942965	0.090414
31.291624	1.91098		0.044037
31.318226	1.868831	0.037126
31.344795	1.859847	0.095177
31.371574	1.938982	0.016664
31.398087	1.689715	0.013003
31.424572	2.118306	0.050389
31.451023	1.846048	0.12616
31.477448	1.819242	0.191876
31.502375	1.848367	0.023192
31.528738	1.90764		0.201496
31.555073	1.873559	0.022719
31.581377	1.858133	0.022006
31.607655	1.845607	0.025346
31.633902	1.918301	0.028814
31.658392	1.906744	0.025564
31.684578	1.910355	0.173846
31.73687	1.876521	0.032864
31.762974	1.873223	0.07732
31.788788	1.940445	0.219557
31.814831	1.830584	0.098367
31.840849	1.88236		0.024586
31.865349	1.864455	0.047937
31.89131	1.873182	0.019714
31.917242	1.847672	0.039171
31.944643	1.842299	0.01975
31.970522	1.884752	0.017569
31.996376	1.925052	0.019413
32.020699	1.923661	0.016215
32.046497	1.917117	0.038617
32.072266	1.900201	0.050509
32.096504	1.936411	0.019635
32.122219	1.978985	0.020575
32.147903	1.912444	0.010648
32.173569	1.875427	0.013589
32.199203	1.902443	0.013703
32.224812	1.905624	0.096646
32.250397	1.947024	0.005477
32.275955	1.897216	0.018389
32.301483	1.982648	0.032031
32.326988	1.900251	0.030308
32.352188	1.835205	0.026208
32.37764	1.966123	0.18878
32.401249	1.855494	0.143489
32.426647	1.861312	0.010884
32.453545	1.9408		0.180729
32.478897	1.933167	0.014717
32.502686	1.95402		0.017749
32.527985	1.859803	0.127976
32.553253	1.894505	0.011523
32.576965	1.985318	0.162184
32.602184	1.956735	0.014466
32.628922	1.989906	0.028216
32.654095	1.908153	0.048696
32.677399	2.003861	0.041722
32.702217	1.969687	0.043951
32.72731	2.013568	0.042487
32.75238	1.991097	0.146047
32.777428	1.978322	0.127535
32.802444	1.975692	0.11643
32.827446	1.956984	0.035032
32.852417	1.974695	0.106087
32.877369	1.968063	0.015711
32.902294	1.95082		0.018625
32.925636	1.974597	0.014075
32.949894	1.974404	0.183307
32.974743	2.051948	0.024201
33.024368	2.02943		0.023951
33.049149	1.966103	0.016681
33.072338	1.998542	0.012235
33.097069	2.029551	0.013377
33.12178	2.026443	0.007742
33.148041	2.025178	0.028026
33.170811	2.041309	0.033656
33.195126	2.037159	0.033855
33.219738	2.011628	0.132994
33.244331	2.070399	0.025988
33.268898	2.06211		0.044484
33.293449	2.101977	0.157799
33.317974	1.982518	0.190622
33.342476	2.083879	0.181334
33.366959	2.04958		0.022878
33.391083	2.079296	0.170245
33.41518	2.002908	0.047438
33.43959	2.060948	0.01542
33.462387	1.976156	0.013955
33.486755	2.112653	0.152028
33.509506	2.123545	0.055136
33.535423	2.052146	0.031884
33.55904	2.099256	0.081403
33.581718	1.997209	0.115048
33.605972	1.991794	0.022391
33.630203	2.134084	0.030702
33.654411	2.030735	0.076565
33.678604	2.152361	0.151125
33.70438	2.011897	0.03674
33.726219	2.224633	0.120277
33.750343	2.24362		0.055975
33.774445	2.183624	0.033048
33.798523	2.117605	0.011231
33.822586	2.094876	0.02387
33.846626	2.09726		0.053486
33.870293	2.10073		0.040213
33.892311	2.029404	0.027999
33.9179		2.106747	0.028107
33.941856	2.117634	0.018422
33.964169	2.111108	0.022644
33.988083	2.145001	0.185848
34.000385	2.610392	0.202766
34.029358	2.27723		0.167935
34.056274	2.189764	0.046468
34.085178	2.196243	0.036503
34.114052	2.208688	0.023222
34.142899	2.15596		0.016351
34.171711	2.157193	0.012453
34.200493	2.164339	0.017005
34.22924	2.165568	0.242827
34.257965	2.27024		0.013387
34.286652	2.224946	0.01532
34.315311	2.261667	0.026702
34.343941	2.277541	0.018203
34.372536	2.187554	0.018315
34.399063	2.354884	0.02483
34.427597	2.844382	0.211755
34.454056	3.212249	0.035703
34.482533	2.449277	0.170363
34.510979	2.420986	0.130073
34.539394	2.054245	0.015224
34.56778	2.227014	0.028644
34.596138	2.140135	0.0201
34.624466	2.232402	0.015182
34.652771	2.239463	0.014907
34.681038	2.235398	0.037779
34.709282	2.280091	0.123822
34.737495	2.252644	0.020495
34.763615	2.241082	0.026274
34.791767	2.14079		0.059493
34.819897	2.202755	0.028524
34.847996	2.243727	0.062413
34.876068	2.058182	0.026555
34.90155	2.194755	0.199752
34.929562	2.227267	0.036538
34.957546	2.227567	0.041574
34.985008	2.246973	0.073699
35.012932	2.242251	0.11531
35.03875	2.345794	0.048937
35.068703	2.252772	0.034529
35.096546	2.245733	0.015115
35.124367	2.305216	0.026413
35.152153	2.255468	0.031145
35.179916	2.218685	0.013429
35.205563	2.107045	0.018774
35.231174	2.224727	0.021895
35.258858	2.15954		0.016574
35.288609	2.096256	0.126461
35.316238	2.164512	0.030781
35.341228	2.207061	0.05918
35.368801	2.252672	0.034751
35.395828	2.175386	0.032725
35.421242	2.195212	0.03576
35.44873	2.310831	0.022943
35.478306	2.047084	0.017041
35.505749	2.169085	0.021082
35.533165	2.280531	0.022693
35.560558	2.188429	0.033882
35.585808	2.145221	0.020996
35.613152	2.153238	0.166932
35.640465	2.083142	0.023706
35.667759	2.126577	0.020055
35.691818	2.235769	0.127498
35.719048	2.258866	0.047471
35.746258	2.263721	0.026455
35.773445	2.499093	0.036613
35.800602	3.243114	0.049105
35.82774	3.584469	0.076152
35.854851	2.566887	0.040146
35.881943	2.339761	0.022471
35.909004	2.261024	0.038368
35.932793	2.296447	0.190357
35.959801	2.195558	0.242057
35.986786	2.190493	0.053699
36.013748	2.365456	0.171566
36.038544	2.23094		0.024961
36.06546	2.12799		0.0321
36.09235	2.322455	0.029721
36.121365	2.215604	0.090062
36.145493	2.482261	0.399012
36.17231	2.36776		0.020356
36.196369	2.187128	0.038131
36.225288	2.347336	0.049442
36.252037	2.271228	0.017063
36.278763	2.225333	0.077568
36.305466	2.145934	0.019677
36.329987	2.060983	0.020882
36.382088	2.388914	0.058929
36.433113	2.191894	0.034707
36.459671	2.065546	0.076561
36.486214	2.201513	0.0154
36.514896	2.344781	0.296102
36.53862	2.228883	0.0857
36.56448	2.248273	0.102876
36.590927	2.009302	0.061372
36.617348	2.50459		0.087403
36.643753	1.991559	0.20099
36.670135	2.366487	0.025972
36.696499	2.314979	0.036673
36.719418	2.328967	0.088819
36.745724	2.27831		0.067785
36.772015	2.257525	0.045052
36.796101	2.238919	0.232438
36.82235	2.136574	0.022489
36.850765	2.231302	0.044485
36.874153	2.123224	0.042433
36.899696	2.341252	0.073621
