5.24749		0.009192	0.00557
5.27773		0.007023	0.006311
5.30797		0.009415	0.005563
5.33821		0.012785	0.004565
5.36846		0.008573	0.005889
5.3987		0.009057	0.005547
5.42894		0.011111	0.003526
5.45918		0.009631	0.003344
5.48942		0.008829	0.003584
5.51967		0.009794	0.004582
5.54991		0.008936	0.005398
5.58015		0.009356	0.00422
5.61039		0.015015	0.005241
5.64063		0.012534	0.003759
5.67088		0.012557	0.003969
5.70112		0.013427	0.00437
5.73136		0.01161		0.003984
5.7616		0.012051	0.002575
5.79184		0.011096	0.004401
5.82209		0.012		0.003753
5.85233		0.011587	0.004225
5.88257		0.014091	0.004861
5.91281		0.013408	0.003652
5.94305		0.013594	0.004828
5.9733		0.014764	0.006465
6.00354		0.016377	0.012331
6.03378		0.020536	0.005464
6.06402		0.022097	0.004021
6.09426		0.022856	0.005482
6.12451		0.029216	0.003965
6.15475		0.04061		0.004602
6.18499		0.055281	0.007039
6.21523		0.059978	0.009693
6.24547		0.058598	0.007247
6.27572		0.046791	0.00705
6.30596		0.036181	0.009015
6.3362		0.034827	0.007493
6.36644		0.033604	0.007389
6.39668		0.029555	0.00604
6.42693		0.024679	0.005874
6.45717		0.021386	0.004218
6.48741		0.021258	0.003938
6.51765		0.02026		0.004678
6.54789		0.019682	0.003823
6.57814		0.02131		0.006213
6.60838		0.025737	0.010122
6.63862		0.025151	0.005465
6.66886		0.026111	0.007338
6.6991		0.026377	0.011192
6.72935		0.025203	0.004489
6.75959		0.027566	0.011795
6.78983		0.030364	0.007279
6.82007		0.031611	0.006
6.85031		0.033169	0.005437
6.88056		0.034367	0.007527
6.9108		0.038084	0.008081
6.94104		0.037114	0.007236
6.97128		0.037399	0.016673
7.00152		0.052839	0.008267
7.03177		0.043844	0.007673
7.06201		0.038137	0.007815
7.09225		0.038074	0.014797
7.12249		0.038063	0.007233
7.15273		0.038962	0.005467
7.18298		0.038994	0.00534
7.21322		0.038081	0.006636
7.24346		0.040662	0.00588
7.2737		0.042953	0.007479
7.30394		0.046687	0.007017
7.33419		0.049955	0.009216
7.36443		0.052411	0.025561
7.39467		0.063286	0.027584
7.42491		0.068339	0.034907
7.45515		0.067665	0.036194
7.4854		0.082423	0.015494
7.45515		0.067113	0.030569
7.51564		0.081051	0.015804
7.57612		0.101739	0.00449
7.6366		0.123764	0.008856
7.69709		0.125647	0.010248
7.75757		0.12335		0.006186
7.81805		0.12717		0.006281
7.87854		0.12901		0.006517
7.93902		0.119613	0.006423
7.99951		0.109936	0.006574
8.05999		0.10551		0.00497
8.12047		0.094436	0.004449
8.18096		0.092357	0.013327
8.24144		0.088075	0.005486
8.30192		0.090617	0.005075
8.36241		0.090138	0.00483
8.42289		0.08688		0.005382
8.48337		0.086837	0.005139
8.54386		0.087876	0.004441
8.60434		0.090488	0.003787
8.66483		0.086094	0.003993
8.72531		0.074686	0.007333
8.78579		0.061126	0.003249
8.84628		0.051402	0.002905
8.90676		0.044304	0.003757
8.96724		0.041088	0.003406
9.02773		0.041003	0.002623
9.08821		0.037805	0.004215
9.14869		0.037102	0.002441
9.20918		0.035526	0.0032
9.26966		0.031966	0.002495
9.33015		0.032813	0.002928
9.39063		0.035589	0.005124
9.45111		0.03409		0.008807
9.5116		0.033966	0.005314
9.57208		0.035657	0.003813
9.63256		0.034562	0.002725
9.69305		0.039613	0.002763
9.75353		0.037634	0.004398
9.81401		0.031701	0.002877
9.8745		0.031781	0.003084
9.93498		0.030433	0.003908
9.99547		0.03339		0.00421
10.05595	0.03329		0.003537
10.11643	0.034078	0.00349
10.17692	0.033699	0.003629
10.2374		0.032489	0.003015
10.29788	0.034275	0.002509
10.35837	0.036195	0.00275
10.41885	0.038223	0.003723
10.47933	0.047471	0.003156
10.53982	0.062327	0.005176
10.6003		0.060524	0.003364
10.66079	0.054999	0.002915
10.72127	0.057175	0.004404
10.78175	0.058449	0.00294
10.84224	0.060637	0.004424
10.90272	0.063238	0.009262
10.9632		0.068115	0.005974
11.02369	0.078897	0.017129
11.08417	0.089954	0.006846
11.14465	0.110375	0.011406
11.20514	0.170327	0.022157
11.26562	0.229571	0.02277
11.32611	0.233737	0.017445
11.38659	0.196634	0.017712
11.44707	0.164617	0.008386
11.50756	0.136613	0.005945
11.56804	0.132587	0.009058
11.62852	0.129975	0.007427
11.68901	0.117785	0.010816
11.74949	0.112724	0.008498
11.80997	0.11839		0.006482
11.87046	0.109982	0.010063
11.93094	0.124085	0.005734
11.99143	0.134642	0.007047
12.05191	0.14645		0.00699
12.11239	0.137102	0.01571
12.17288	0.139263	0.009387
12.23336	0.136612	0.009033
12.29384	0.150045	0.012419
12.35433	0.153543	0.009387
12.41481	0.156623	0.010685
12.47529	0.161901	0.007118
12.53578	0.168932	0.005873
12.59626	0.181067	0.006722
12.65675	0.191154	0.008185
12.71723	0.198403	0.008057
12.77771	0.220285	0.013195
12.8382		0.271961	0.01403
12.89868	0.271034	0.010591
12.95916	0.183542	0.008696
13.01965	0.13957		0.008838
13.08013	0.139178	0.012919
13.14061	0.134252	0.007054
13.2011		0.136471	0.007248
13.26158	0.134819	0.006669
13.32206	0.131567	0.008784
13.38255	0.13431		0.009065
13.44303	0.138677	0.007193
13.50352	0.142999	0.00943
13.564		0.136976	0.007174
13.62448	0.133822	0.00576
13.68497	0.131333	0.007817
13.74545	0.13335		0.006455
13.80593	0.130675	0.007799
13.86642	0.134991	0.008745
13.9269		0.133049	0.008176
13.98738	0.13488		0.008863
14.06935	1.668775	0.056508
14.15403	1.649745	0.056858
14.23871	1.714325	0.049391
14.32338	1.868357	0.043006
14.40806	1.835292	0.077171
14.49274	1.686168	0.067357
14.57741	1.600621	0.016079
14.66209	1.636697	0.02403
14.74677	1.663064	0.033584
14.83145	1.675967	0.020277
14.91612	1.711074	0.01858
15.0008		1.717007	0.035021
15.08548	1.703327	0.022567
15.17015	1.681102	0.026
15.25483	1.681163	0.012297
15.33951	1.710664	0.025848
15.42418	1.72764		0.0801
15.50886	1.857647	0.014312
15.59354	2.275312	0.017107
15.67821	2.265928	0.072973
15.76289	1.897518	0.081001
15.84757	1.868913	0.05261
15.93224	1.890581	0.033594
16.01692	1.922106	0.029387
16.101601	1.928494	0.032251
16.186279	1.921998	0.018711
16.27095	1.978777	0.041324
16.355631	2.078844	0.038451
16.44031	2.313242	0.021213
16.524981	2.410442	0.020893
16.609659	2.294551	0.05556
16.69434	2.267417	0.081298
16.779011	2.256303	0.043874
16.863689	2.299535	0.03379
16.94837	2.359963	0.049617
17.033039	2.437736	0.039726
17.11772	2.593538	0.05772
17.2024		2.487339	0.084789
17.287069	2.467504	0.087211
17.37175	2.505974	0.074019
17.45643	2.494269	0.061546
17.541109	2.460942	0.100659
17.62578	2.431693	0.060701
17.710461	2.479472	0.095301
17.795139	2.396616	0.024758
17.87981	2.458317	0.030013
17.964491	2.479936	0.030172
18.04917	2.435763	0.036278
18.133841	2.460305	0.022661
18.218519	2.511868	0.032934
18.3032		2.50438		0.029503
18.387871	2.542134	0.044699
18.472549	2.529886	0.05277
18.55723	2.571046	0.058032
18.641899	2.55418		0.071737
18.72658	3.057102	0.287605
18.81126	3.282624	0.059132
18.895941	2.86409		0.041063
18.98061	2.698725	0.085761
19.06529	2.703269	0.188304
19.149969	2.640552	0.097248
19.23464	2.643671	0.13941
19.319321	2.661692	0.105278
19.403999	2.750925	0.091725
19.48867	2.745437	0.092685
19.573351	2.798953	0.056551
19.65803	2.782138	0.054544
19.742701	2.853163	0.058729
19.827379	2.965027	0.051245
19.91206	3.00392		0.038187
19.996731	3.081689	0.055077
20.081409	3.167696	0.048297
20.16609	3.216925	0.036927
20.250771	3.273084	0.04021
20.33544	3.306721	0.042588
20.42012	3.405012	0.038504
20.504801	3.383734	0.045948
20.58947	3.18522		0.10778
20.758829	3.39223		0.037863
20.928181	3.529713	0.035182
21.09753	3.444498	0.091044
21.26689	3.540128	0.122756
21.436239	3.738935	0.110984
21.6056		3.728172	0.117891
21.77495	3.849433	0.084203
21.9443		4.090873	0.106786
22.113661	4.129169	0.327765
22.28301	4.107607	0.261043
22.45236	4.234537	0.086391
22.621719	4.365848	0.275927
22.791071	4.429378	0.093077
22.96043	4.439976	0.030553
23.12978	4.553796	0.042799
23.299129	4.632681	0.08678
23.468491	4.737762	0.057621
23.63784	4.813411	0.134057
23.80719	4.947508	0.022688
23.976549	5.137893	0.050234
24.145901	5.162453	0.118177
24.31526	5.260081	0.480842
24.48461	5.411677	0.061035
24.653959	5.378942	0.12306
24.82332	5.535748	0.168786
24.99267	5.634221	0.119747
25.16202	5.607972	0.122844
25.331381	5.742362	0.134347
25.500731	5.949244	0.10306
25.67009	6.076374	0.1068
25.839439	6.607578	0.202356
26.008789	7.743402	0.226624
26.17815	7.150888	0.039442
26.3475		6.541789	0.042893
26.51685	6.549995	0.040747
26.686211	6.89128		0.184258
26.85556	7.153561	0.199543
27.02492	7.125991	0.158972
27.194269	7.125821	0.042351
27.363621	7.152886	0.04026
27.53298	7.341864	0.724491
27.70233	7.506536	0.627827
27.871679	7.676878	0.148861
28.04104	7.737221	0.047164
28.21039	7.946669	0.046782
28.379749	8.190022	0.359564
28.549101	8.187695	0.527043
28.718451	8.305467	0.184965
28.88781	8.346063	0.158079
29.057159	8.370704	0.172609
29.226509	8.466007	0.218204
29.39587	8.66877		0.103769
29.56522	8.841836	0.135007
29.734579	9.054832	0.120229
29.903931	9.295012	0.60526
30.07328	9.322615	0.630174
30.24264	9.311345	0.595141
30.411989	9.477085	0.136733
30.581341	9.604812	0.169898
30.7507		9.898318	0.098865
30.92005	9.985314	0.427013
31.089411	10.11435	0.351368
31.25876	10.293199	0.688856
31.42811	10.474499	0.392519
31.597469	10.643187	0.566167
31.766821	10.939716	0.270124
31.936171	11.033979	0.189833
32.10553	11.108355	0.605313
32.274879	11.172851	0.192079
32.444241	11.53646	0.120831
32.61359	12.05023	0.110775
32.78294	12.508706	0.249683
32.952301	12.851237	0.113241
33.121651	12.761527	0.224686
33.291		13.013879	0.611186
33.460361	13.314182	0.390056
33.629711	13.855432	0.109653
33.799068	13.896657	0.276398
33.968418	14.017076	0.341887
34.137772	13.984677	0.132107
34.307129	14.516892	0.518809
34.476479	14.460019	0.239768
34.645828	14.20994	0.207946
34.815189	15.896344	0.50716
34.984539	17.055492	0.117817
35.1539		14.689538	1.125985
35.32325	13.781038	0.129249
35.492599	15.250727	0.16465
35.661961	15.273537	0.24168
35.83131	15.034874	0.31251
36.00066	15.860612	0.481917
36.170021	15.735843	0.506751
36.339371	15.35017	0.731647
36.508732	14.675126	0.217461
36.678082	14.951302	0.783446
36.847431	15.834918	0.393124
37.016788	16.15662	0.644642
37.186138	15.80718	1.126346
37.355492	14.643452	0.316294