4.9687435  0.0118370  0.0013360 
4.9973771  0.0127850  0.0014340 
5.0260108  0.0121980  0.0010750 
5.0546444  0.0134300  0.0021470 
5.0832876  0.0142760  0.0012860 
5.1119212  0.0135460  0.0021400 
5.1405549  0.0120800  0.0021690 
5.1691885  0.0127870  0.0013550 
5.1978222  0.0130930  0.0008800 
5.2264653  0.0137700  0.0017070 
5.2550989  0.0139370  0.0013040 
5.2837326  0.0149440  0.0015730 
5.3123663  0.0162650  0.0015590 
5.3409999  0.0180120  0.0008670 
5.3696430  0.0162720  0.0026570 
5.3982767  0.0161050  0.0014760 
5.4269103  0.0175870  0.0010000 
5.4555440  0.0189980  0.0009580 
5.4841776  0.0201500  0.0009470 
5.5128208  0.0211720  0.0012400 
5.5414544  0.0179690  0.0011220 
5.5700881  0.0182530  0.0012390 
5.5987217  0.0214910  0.0017190 
5.6273554  0.0196190  0.0033620 
5.6559985  0.0190800  0.0008330 
5.6846321  0.0201240  0.0033260 
5.7132658  0.0195010  0.0012930 
5.7418994  0.0199960  0.0011540 
5.7705331  0.0199400  0.0015710 
5.7991762  0.0197930  0.0010350 
5.8278099  0.0205310  0.0011690 
5.8564435  0.0204700  0.0009840 
5.8850772  0.0216620  0.0009820 
5.9137108  0.0220880  0.0032310 
5.9423539  0.0225720  0.0011420 
5.9709876  0.0225110  0.0008740 
5.9996212  0.0220160  0.0014050 
6.0282549  0.0237830  0.0013320 
6.0568886  0.0243290  0.0042060 
6.0855317  0.0243220  0.0017580 
6.1141653  0.0254180  0.0013080 
6.1427990  0.0254480  0.0019970 
6.1714326  0.0249870  0.0010320 
6.2000663  0.0252670  0.0016910 
6.2287094  0.0257600  0.0014070 
6.2573431  0.0258680  0.0020140 
6.2859767  0.0260820  0.0019930 
6.3146104  0.0263420  0.0014020 
6.3432440  0.0261930  0.0014350 
6.3718871  0.0264920  0.0011360 
6.4005208  0.0264240  0.0011730 
6.4291544  0.0276230  0.0020740 
6.4577881  0.0280620  0.0020730 
6.4864217  0.0290670  0.0013290 
6.5150649  0.0279570  0.0026900 
6.5436985  0.0293610  0.0030270 
6.5723322  0.0306120  0.0015860 
6.6009658  0.0310080  0.0017900 
6.6295995  0.0303980  0.0041120 
6.6582426  0.0309600  0.0032610 
6.6868762  0.0324280  0.0026320 
6.7155099  0.0332120  0.0016000 
6.7441435  0.0318700  0.0024150 
6.7727772  0.0337300  0.0015290 
6.8014203  0.0341570  0.0021350 
6.8300540  0.0339090  0.0015940 
6.8586876  0.0368200  0.0021080 
6.8873213  0.0388510  0.0032410 
6.9159549  0.0425420  0.0030460 
6.9445980  0.0467460  0.0032010 
6.9732317  0.0568310  0.0049420 
7.0018654  0.0563750  0.0026160 
7.0304990  0.0430780  0.0022370 
7.0591327  0.0388350  0.0024450 
7.0877758  0.0402570  0.0023730 
7.0591327  0.0412920  0.0023470 
7.1164094  0.0392830  0.0023080 
7.1736767  0.0404930  0.0013900 
7.2309440  0.0408690  0.0023540 
7.2882208  0.0431740  0.0011110 
7.3454881  0.0429900  0.0013150 
7.4027554  0.0431660  0.0020310 
7.4600322  0.0468350  0.0017570 
7.5172995  0.0479360  0.0018920 
7.5745763  0.0528310  0.0026190 
7.6318436  0.0701960  0.0025940 
7.6891109  0.0704650  0.0014230 
7.7463877  0.0533590  0.0022100 
7.8036550  0.0538860  0.0015230 
7.8609223  0.0552660  0.0018210 
7.9181990  0.0560990  0.0011160 
7.9754663  0.0558880  0.0018410 
8.0327336  0.0569700  0.0009920 
8.0900104  0.0566730  0.0015150 
8.1472777  0.0569120  0.0016530 
8.2045545  0.0568680  0.0008110 
8.2618218  0.0568250  0.0012540 
8.3190891  0.0570280  0.0011880 
8.3763659  0.0581420  0.0019200 
8.4336332  0.0568360  0.0008700 
8.4909005  0.0576260  0.0010990 
8.5481773  0.0573960  0.0015290 
8.6054446  0.0574620  0.0009350 
8.6627119  0.0568690  0.0020310 
8.7199886  0.0551900  0.0013310 
8.7772559  0.0554670  0.0018050 
8.8345327  0.0560350  0.0037280 
8.8918000  0.0539140  0.0012990 
8.9490673  0.0630100  0.0013680 
9.0063441  0.0660850  0.0019260 
9.0636114  0.0553480  0.0011170 
9.1208787  0.0518180  0.0008660 
9.1781555  0.0513020  0.0009470 
9.2354228  0.0499190  0.0010680 
9.2926901  0.0514210  0.0022380 
9.3499669  0.0508720  0.0007570 
9.4072342  0.0511800  0.0008680 
9.4645109  0.0513570  0.0010350 
9.5217782  0.0533600  0.0011180 
9.5790455  0.0539560  0.0009480 
9.6363223  0.0571560  0.0010410 
9.6935896  0.0586300  0.0013370 
9.7508569  0.0566200  0.0009050 
9.8081337  0.0565980  0.0012290 
9.8654010  0.0579540  0.0008230 
9.9226683  0.0595570  0.0008260 
9.9799451  0.0602760  0.0010120 
10.0372124  0.0624390  0.0010610 
10.0944892  0.0648540  0.0009110 
10.1517565  0.0666720  0.0008740 
10.2090238  0.0690160  0.0010050 
10.2663005  0.0698800  0.0013760 
10.3235678  0.0725140  0.0009070 
10.3808351  0.0762730  0.0018830 
10.4381119  0.0881320  0.0047650 
10.4953792  0.1177290  0.0016370 
10.5526465  0.1147500  0.0036310 
10.6099233  0.0882840  0.0029910 
10.6671906  0.0889250  0.0017770 
10.7244674  0.0898170  0.0016250 
10.7817347  0.0924570  0.0024880 
10.8390020  0.0959560  0.0023080 
10.8962788  0.0988420  0.0027820 
10.9535461  0.0997780  0.0019580 
11.0108134  0.1033390  0.0017740 
11.0680901  0.1060490  0.0029760 
11.1253574  0.1109440  0.0014410 
11.1826248  0.1148760  0.0014140 
11.2399015  0.1182550  0.0017250 
11.2971688  0.1231890  0.0014670 
11.3544456  0.1279260  0.0014440 
11.4117129  0.1292660  0.0038930 
11.4689802  0.1328970  0.0046250 
11.5262570  0.1371890  0.0031620 
11.5835243  0.1401360  0.0023200 
11.6407916  0.1425570  0.0017580 
11.6980684  0.1464250  0.0014550 
11.7553357  0.1505210  0.0061940 
11.8126030  0.1539620  0.0016830 
11.8698797  0.1588340  0.0014330 
11.9271471  0.1622170  0.0029240 
11.9844238  0.1666030  0.0027670 
12.0416911  0.1699560  0.0022560 
12.0989584  0.1743880  0.0018440 
12.1562352  0.1783990  0.0019490 
12.2135025  0.1835030  0.0039940 
12.2707698  0.1875460  0.0056290 
12.3280466  0.1891210  0.0017450 
12.3853139  0.1911090  0.0027050 
12.4425812  0.1932730  0.0018670 
12.4998580  0.1983290  0.0022980 
12.5571253  0.1999980  0.0021030 
12.6143926  0.2037210  0.0021290 
12.6716693  0.2109880  0.0020500 
12.7289367  0.2310760  0.0027750 
12.7862134  0.2916310  0.0024810 
12.8434807  0.3082260  0.0035700 
12.9007480  0.2325950  0.0034570 
12.9580248  0.2216580  0.0023940 
13.0152921  0.2246480  0.0026410 
13.0725594  0.2274440  0.0036920 
13.1298362  0.2348070  0.0041190 
13.1871035  0.2336240  0.0040270 
13.2443708  0.2341220  0.0059320 
13.3219866  0.2328760  0.0047110 
13.4021684  0.2456740  0.0075700 
13.4823502  0.2465020  0.0051090 
13.5625225  0.2475550  0.0017070 
13.6427043  0.2568590  0.0045090 
13.7228861  0.2648610  0.0123720 
13.8030584  0.2689170  0.0076740 
13.8832402  0.2724660  0.0017090 
13.9634220  0.2746330  0.0023060 
14.0436038  0.2788440  0.0089660 
14.1237762  0.2833170  0.0026600 
14.2039580  0.2930920  0.0121780 
14.2841398  0.3649360  0.0022340 
14.3643121  0.3551440  0.0029220 
14.4444939  0.3146410  0.0035640 
14.5246757  0.3019500  0.0015510 
14.6048480  0.3025170  0.0033370 
14.6850298  0.3121810  0.0034210 
14.7652116  0.3126020  0.0065000 
14.8453840  0.3128570  0.0050020 
14.9255658  0.3185420  0.0042790 
15.0057476  0.3237090  0.0033140 
15.0859199  0.3271870  0.0018270 
15.1661017  0.3297690  0.0042540 
15.2462844  0.3326580  0.0026110 
15.3264643  0.3379690  0.0057700 
15.4066376  0.3486320  0.0050530 
15.4868204  0.4725980  0.0082400 
15.5670012  0.5307420  0.0060800 
15.6471745  0.4008680  0.0025810 
15.7273544  0.3556280  0.0016870 
15.8075372  0.3573750  0.0020630 
15.8877104  0.3570570  0.0046030 
15.9678904  0.3595950  0.0021380 
16.0480731  0.3534780  0.0037600 
16.1282445  0.3602930  0.0030950 
16.2084272  0.3635620  0.0048390 
16.2886090  0.3695900  0.0051150 
16.3687804  0.3721970  0.0023240 
16.4489632  0.3781080  0.0043110 
16.5291450  0.3806740  0.0039410 
16.6093258  0.3835380  0.0146300 
16.6894991  0.3872030  0.0056400 
16.7696818  0.3928190  0.0083900 
16.8498618  0.3926880  0.0116530 
16.9300350  0.3978270  0.0171130 
17.0102178  0.4115900  0.0039120 
17.0903986  0.4122260  0.0021710 
17.1705719  0.4072830  0.0028120 
17.2507518  0.4109540  0.0039820 
17.3309346  0.4118670  0.0029810 
17.4111078  0.4255820  0.0026730 
17.4912878  0.4244700  0.0026830 
17.5714705  0.4267320  0.0073260 
17.6516419  0.4273910  0.0090750 
17.7318246  0.4264950  0.0092940 
17.8120064  0.4327380  0.0024160 
17.8921892  0.4456340  0.0022900 
17.9723606  0.4437990  0.0031030 
18.0525424  0.4370690  0.0044250 
18.1327232  0.4421310  0.0050800 
18.2128965  0.4489140  0.0046870 
18.2930793  0.4578730  0.0068990 
18.3732592  0.4559790  0.0060530 
18.4534324  0.4611920  0.0030870 
18.5336152  0.4710140  0.0030400 
18.6137960  0.5040660  0.0108520 
18.6939693  0.6254880  0.0039120 
18.7741492  0.5490120  0.0036950 
18.8543320  0.5318520  0.0030930 
19.0146852  0.5140580  0.0026500 
19.1750507  0.5214120  0.0065740 
19.3354038  0.5276140  0.0077260 
19.4957580  0.5089500  0.0047360 
19.6561206  0.5225330  0.0062100 
19.8164767  0.5379540  0.0068320 
19.9768298  0.5394570  0.0027780 
20.1371934  0.5496130  0.0078380 
20.2975466  0.5714650  0.0165010 
20.4579112  0.5775490  0.0030390 
20.6182653  0.5832030  0.0046990 
20.7786194  0.5958290  0.0041490 
20.9389840  0.6121210  0.0031790 
21.0993372  0.6220090  0.0068400 
21.2596913  0.6202110  0.0029200 
21.4200540  0.6333660  0.0045200 
21.5804100  0.6533990  0.0060610 
21.7407727  0.6513850  0.0331850 
21.9011268  0.6574800  0.0028210 
22.0614800  0.6709260  0.0050920 
22.2218455  0.6796310  0.0055600 
22.3821987  0.6962190  0.0055190 
22.5425528  0.7055040  0.0020900 
22.7029154  0.7046120  0.0023930 
22.8632715  0.7085700  0.0021880 
23.0236341  0.7284310  0.0147990 
23.1839883  0.7370770  0.0017390 
23.3443414  0.7411810  0.0308820 
23.5047060  0.7446720  0.0297000 
23.6650601  0.7547940  0.0059040 
23.8254143  0.7798400  0.0025270 
23.9857788  0.7996880  0.0052610 
24.1461329  0.8397400  0.0106910 
24.3064956  0.9207030  0.0188890 
24.4668488  0.8602980  0.0179740 
24.6272029  0.8340330  0.0080960 
24.7875675  0.8481630  0.0099730 
24.9479216  0.8514410  0.0133130 
25.1082757  0.8420980  0.0121040 
25.2686403  0.8462830  0.0043820 
25.4289935  0.8689760  0.0025530 
25.5893571  0.9218270  0.0359020 
25.7497103  1.1175620  0.0054540 
25.9100663  1.2837090  0.0038440 
26.0704289  1.0146590  0.0028240 
26.2307831  0.9229040  0.0111620 
26.3911363  0.9389810  0.0069880 
26.5515008  0.9472720  0.0055710 
26.7118549  0.9531400  0.0078260 
26.8722176  0.9541650  0.0041900 
27.0325736  0.9695680  0.0035500 
27.1929278  0.9801300  0.0055350 
27.3532904  0.9848860  0.0086060 
27.5136436  1.0032650  0.0422630 
27.6739977  1.0114890  0.0129900 
27.8343623  1.0305470  0.0298710 
27.9947164  1.0455480  0.0034180 
28.1550791  1.0565330  0.0082420 
28.3154351  1.0661680  0.0062010 
28.4757883  1.0758800  0.0084630 
28.6361519  1.0857450  0.0067170 
28.7965051  1.1046110  0.0078430 
28.9568611  1.1040360  0.0076030 
29.1172237  1.1170290  0.0084090 
29.2775779  1.1293120  0.0069270 
29.4379424  1.1366470  0.0110140 
29.5982956  1.1389280  0.0125660 
29.7586497  1.1503920  0.0480660 
29.9190124  1.1735660  0.0147620 
30.0793684  1.1779280  0.0347550 
30.2397226  1.1843820  0.0117250 
30.4000852  1.1886400  0.0206660 
30.5604384  1.2115800  0.0226900 
30.7208039  1.2228790  0.0244650 
30.8811571  1.2322060  0.0233900 
31.0415112  1.2369420  0.0092620 
31.2018758  1.2475270  0.0103080 
31.3622299  1.2688420  0.0173220 
31.5225831  1.2933930  0.0282470 
31.6829476  1.2817020  0.0164900 
31.8433018  1.2703350  0.0129720 
32.0036625  1.3102870  0.1205110 
32.1640167  1.3688300  0.0102150 
32.3243746  1.3335930  0.0133070 
32.4847353  1.3602090  0.0160400 
32.6450895  1.3905170  0.0353640 
32.8054427  1.4172430  0.0083310 
32.9658072  1.4332500  0.0216100 
33.1261613  1.4344490  0.0144070 
33.2865259  1.5217800  0.0286830 
33.4468800  1.6506770  0.0523010 
33.6072332  1.6409860  0.0623990 
33.7675987  1.4455180  0.0261250 
33.9279519  1.4027690  0.0727840 
34.0883060  1.5227630  0.0791140 
34.2486706  1.5161600  0.0303100 
34.4090247  1.4973440  0.0226080 
34.5693893  1.5921340  0.1144730 
34.7297434  1.9682260  0.1310640 
34.8900966  1.9291110  0.0695630 
35.0504573  1.6652000  0.0449410 
35.2108115  1.6712360  0.0396170 
35.3711694  1.4489500  0.1748660 
