5.24749		0.143235	0.002891
5.27773		0.145216	0.002813
5.30797		0.148338	0.001433
5.33821		0.150006	0.00154
5.36846		0.149019	0.002413
5.3987		0.154153	0.011113
5.42894		0.163162	0.010103
5.45918		0.159784	0.004539
5.48942		0.159815	0.002741
5.51967		0.170293	0.003363
5.54991		0.179916	0.001688
5.58015		0.177524	0.007568
5.61039		0.179591	0.002007
5.64063		0.176546	0.003739
5.67088		0.188473	0.00293
5.70112		0.206053	0.001565
5.73136		0.188841	0.002683
5.7616		0.183923	0.00282
5.79184		0.183022	0.002332
5.82209		0.185502	0.001329
5.85233		0.187714	0.002428
5.88257		0.190284	0.003031
5.91281		0.192058	0.002688
5.94305		0.194048	0.001997
5.9733		0.195885	0.002813
6.00354		0.197886	0.002551
6.03378		0.20152		0.001927
6.06402		0.203264	0.00215
6.09426		0.207582	0.001999
6.12451		0.209233	0.002302
6.15475		0.211735	0.003038
6.18499		0.215734	0.012652
6.21523		0.220527	0.002708
6.24547		0.221167	0.002533
6.27572		0.224912	0.00178
6.30596		0.22815		0.00213
6.3362		0.228845	0.001657
6.36644		0.228974	0.003102
6.39668		0.23136		0.002877
6.42693		0.232788	0.001614
6.45717		0.237294	0.002739
6.48741		0.237206	0.002091
6.51765		0.236842	0.003965
6.54789		0.238358	0.005035
6.57814		0.242872	0.010422
6.60838		0.245638	0.003044
6.63862		0.248241	0.002225
6.66886		0.252045	0.002456
6.6991		0.255344	0.003474
6.72935		0.259982	0.001912
6.75959		0.26419		0.002728
6.78983		0.264132	0.002774
6.82007		0.268624	0.007742
6.85031		0.268378	0.003759
6.88056		0.270543	0.002116
6.9108		0.270916	0.002381
6.94104		0.27087		0.002465
6.97128		0.275284	0.012131
7.00152		0.283343	0.003784
7.03177		0.293772	0.014196
7.06201		0.305351	0.003304
7.09225		0.336626	0.006444
7.12249		0.330124	0.004088
7.15273		0.303066	0.004933
7.18298		0.303027	0.003832
7.21322		0.311093	0.004038
7.24346		0.314789	0.005177
7.2737		0.31773		0.01128
7.30394		0.31909		0.005417
7.33419		0.32196		0.005158
7.36443		0.32578		0.008776
7.39467		0.332386	0.012544
7.42491		0.345168	0.003679
7.45515		0.352407	0.003191
7.4854		0.348325	0.010253
7.45515		0.338869	0.00563
7.51564		0.343262	0.011335
7.57612		0.361063	0.003211
7.6366		0.365177	0.002043
7.69709		0.388854	0.002321
7.75757		0.451691	0.002318
7.81805		0.441842	0.002419
7.87854		0.401155	0.001826
7.93902		0.407218	0.001828
7.99951		0.410141	0.002953
8.05999		0.405967	0.00471
8.12047		0.399098	0.003344
8.18096		0.399162	0.002992
8.24144		0.396755	0.002635
8.30192		0.397731	0.001881
8.36241		0.396407	0.003833
8.42289		0.394042	0.00286
8.48337		0.394268	0.00268
8.54386		0.393796	0.002021
8.60434		0.392494	0.001512
8.66483		0.393679	0.002237
8.72531		0.394824	0.004266
8.78579		0.390788	0.003744
8.84628		0.385244	0.004919
8.90676		0.379719	0.004183
8.96724		0.376562	0.003371
9.02773		0.379019	0.002395
9.08821		0.396841	0.003152
9.14869		0.425596	0.002178
9.20918		0.388774	0.002053
9.26966		0.374711	0.004307
9.33015		0.375113	0.00337
9.39063		0.379601	0.002148
9.45111		0.384994	0.00285
9.5116		0.390287	0.003351
9.57208		0.399662	0.002104
9.63256		0.425598	0.002289
9.69305		0.441661	0.002941
9.75353		0.43661		0.00347
9.81401		0.4402		0.002735
9.8745		0.441951	0.003692
9.93498		0.446394	0.001574
9.99547		0.451694	0.011242
10.05595	0.465177	0.001983
10.11643	0.481105	0.019181
10.17692	0.49094		0.003152
10.2374		0.501771	0.002042
10.29788	0.512674	0.002522
10.35837	0.525019	0.004144
10.41885	0.539108	0.002574
10.47933	0.55164		0.001995
10.53982	0.567767	0.003366
10.6003		0.621448	0.004259
10.66079	0.729918	0.00224
10.72127	0.713928	0.002171
10.78175	0.629933	0.002858
10.84224	0.620938	0.001745
10.90272	0.627852	0.002627
10.9632		0.633509	0.002069
11.02369	0.645202	0.001764
11.08417	0.65723		0.001844
11.14465	0.669052	0.002209
11.20514	0.680407	0.002703
11.26562	0.692669	0.002498
11.32611	0.720952	0.008494
11.38659	0.757136	0.003134
11.44707	0.780349	0.005651
11.50756	0.781688	0.003261
11.56804	0.780788	0.002615
11.62852	0.782001	0.003144
11.68901	0.785388	0.002288
11.74949	0.788618	0.009988
11.80997	0.791656	0.007762
11.87046	0.79942		0.004504
11.93094	0.811514	0.002798
11.99143	0.821791	0.002591
12.05191	0.831199	0.002283
12.11239	0.844379	0.00376
12.17288	0.857111	0.004014
12.23336	0.869466	0.002897
12.29384	0.877865	0.004773
12.35433	0.885029	0.005841
12.41481	0.900657	0.006549
12.47529	0.922048	0.006292
12.53578	0.928987	0.004983
12.59626	0.932328	0.00669
12.65675	0.939304	0.006847
12.71723	0.944736	0.008064
12.77771	0.957657	0.007591
12.8382		0.97131		0.003463
12.89868	0.996565	0.003096
12.95916	1.07023		0.005099
13.01965	1.187611	0.003388
13.08013	1.125915	0.004397
13.14061	1.009512	0.003054
13.2011		0.990374	0.004703
13.26158	1.00098		0.008776
13.32206	1.009183	0.009292
13.38255	1.00583		0.003307
13.44303	1.008954	0.014678
13.50352	1.022686	0.011489
13.564		1.035863	0.012655
13.62448	1.045535	0.011869
13.68497	1.060223	0.012383
13.74545	1.074899	0.013895
13.80593	1.089882	0.043762
13.86642	1.098441	0.012772
13.9269		1.111943	0.017137
13.98738	1.13086		0.020129
14.06935	1.10979		0.031171
14.15403	1.149843	0.022641
14.23871	1.181142	0.027999
14.32338	1.198648	0.029615
14.40806	1.246747	0.102861
14.49274	1.370254	0.050911
14.57741	1.538041	0.023478
14.66209	1.434913	0.016183
14.74677	1.337167	0.034716
14.83145	1.320577	0.022437
14.91612	1.324075	0.014034
15.0008		1.348138	0.021978
15.08548	1.363562	0.005663
15.17015	1.379657	0.013092
15.25483	1.386352	0.025302
15.33951	1.386158	0.019715
15.42418	1.399091	0.027118
15.50886	1.414044	0.103807
15.59354	1.438515	0.108374
15.67821	1.511005	0.106478
15.76289	1.766876	0.035359
15.84757	2.093064	0.006658
15.93224	1.685774	0.00559
16.01692	1.545243	0.008924
16.101601	1.557719	0.008352
16.186279	1.567859	0.026913
16.27095	1.595013	0.020928
16.355631	1.590921	0.005889
16.44031	1.617391	0.018647
16.524981	1.636649	0.019907
16.609659	1.666137	0.025839
16.69434	1.699563	0.025815
16.779011	1.713246	0.0223
16.863689	1.718102	0.015854
16.94837	1.7063		0.021049
17.033039	1.724163	0.017872
17.11772	1.751237	0.015379
17.2024		1.776162	0.006303
17.287069	1.830914	0.01617
17.37175	1.834954	0.009708
17.45643	1.808076	0.010277
17.541109	1.799634	0.01743
17.62578	1.814124	0.039948
17.710461	1.831217	0.060636
17.795139	1.842897	0.069669
17.87981	1.852121	0.048725
17.964491	1.851771	0.022368
18.04917	1.862665	0.010361
18.133841	1.87675		0.012213
18.218519	1.909521	0.007633
18.3032		1.908723	0.006654
18.387871	1.909765	0.015106
18.472549	1.919536	0.007769
18.55723	1.917292	0.012676
18.641899	1.919154	0.007232
18.72658	1.914265	0.006109
18.81126	1.926226	0.011763
18.895941	1.938396	0.007247
18.98061	2.011025	0.008873
19.06529	2.062763	0.013856
19.149969	1.992285	0.009484
19.23464	1.941338	0.008146
19.319321	1.955191	0.032435
19.403999	1.943093	0.039036
19.48867	1.946779	0.007332
19.573351	1.985481	0.020066
19.65803	1.997816	0.027934
19.742701	2.002115	0.016009
19.827379	2.01107		0.013619
19.91206	2.020118	0.018384
19.996731	2.022107	0.019927
20.081409	2.012956	0.008635
20.16609	2.015881	0.009019
20.250771	2.007844	0.016193
20.42012	2.06634		0.024121
20.58947	2.001869	0.025666
20.758829	2.02666		0.007316
20.928181	2.030242	0.062013
21.09753	2.084059	0.078801
21.26689	2.076303	0.010688
21.436239	2.107075	0.021952
21.6056		2.123305	0.007879
21.77495	2.145709	0.007138
21.9443		2.152026	0.021855
22.113661	2.168362	0.021322
22.28301	2.188485	0.00819
22.45236	2.194273	0.022421
22.621719	2.229653	0.010868
22.791071	2.239353	0.026588
22.96043	2.26703		0.034936
23.12978	2.277527	0.028426
23.299129	2.297312	0.011849
23.468491	2.320752	0.02317
23.63784	2.355566	0.011631
23.80719	2.345955	0.018692
23.976549	2.361572	0.018073
24.145901	2.397571	0.014471
24.31526	2.409859	0.058722
24.48461	2.43245		0.008432
24.653959	2.558484	0.016663
24.82332	2.552462	0.023387
24.99267	2.47265		0.059299
25.16202	2.479023	0.013783
25.331381	2.495471	0.023438
25.500731	2.500646	0.022488
25.67009	2.503537	0.008928
25.839439	2.482658	0.012323
26.008789	2.517106	0.034862
26.17815	2.82775		0.006696
26.3475		3.199117	0.007865
26.51685	2.804029	0.191312
26.686211	2.589286	0.051156
26.85556	2.592241	0.02412
27.02492	2.615074	0.009322
27.194269	2.628538	0.010427
27.363621	2.661746	0.008542
27.53298	2.665881	0.012961
27.70233	2.656929	0.022981
27.871679	2.691362	0.015996
28.04104	2.702555	0.018193
28.21039	2.737953	0.037124
28.379749	2.737998	0.042999
28.549101	2.759895	0.048134
28.718451	2.780834	0.029836
28.88781	2.789143	0.025623
29.057159	2.821144	0.027502
29.226509	2.822632	0.027762
29.39587	2.852314	0.018588
29.56522	2.840844	0.050159
29.734579	2.881811	0.037032
29.903931	2.906794	0.012394
30.07328	2.90597		0.028823
30.24264	2.917969	0.007498
30.411989	2.922744	0.061774
30.581341	2.938605	0.083025
30.7507		2.983559	0.027503
30.92005	3.023021	0.012717
31.089411	3.01701		0.12465
31.25876	3.039976	0.100382
31.42811	3.049879	0.140659
31.597469	3.115538	0.039413
31.766821	3.108132	0.122027
31.936171	3.083332	0.012558
32.10553	3.113998	0.026715
32.274879	3.170599	0.032847
32.444241	3.221992	0.06349
32.61359	3.246902	0.069684
32.78294	3.201106	0.012079
32.952301	3.208284	0.017999
33.121651	3.273408	0.05067
33.291		3.344992	0.080075
33.460361	3.397538	0.088242
33.629711	3.33704		0.071794
33.799068	3.424741	0.220393
33.968418	3.840642	0.029331
34.137772	3.546563	0.050688
34.307129	3.461772	0.054756
34.476479	3.443472	0.087574
34.645828	3.490865	0.027742
34.815189	3.583637	0.018772
34.984539	3.581842	0.029481
35.1539		3.577711	0.025117
35.32325	3.574347	0.149395
35.492599	3.69891		0.028885
35.661961	3.643577	0.101854
35.83131	3.555954	0.052719
36.00066	3.621833	0.270818
36.170021	3.596357	0.087957
36.339371	3.598146	0.079897
36.508732	3.523142	0.042725
36.678082	3.616153	0.072806
36.847431	3.658054	0.046297
37.016788	3.754061	0.046657
37.186138	3.998434	0.077311
37.355492	3.715336	0.419187


