5.24749		0.204083	0.013688
5.27773		0.209257	0.012167
5.30797		0.216591	0.016385
5.33821		0.212831	0.043339
5.36846		0.209116	0.013987
5.3987		0.21785		0.040174
5.42894		0.223528	0.023747
5.45918		0.224346	0.034646
5.48942		0.227053	0.016331
5.51967		0.218238	0.016988
5.54991		0.220828	0.048938
5.58015		0.218611	0.015583
5.61039		0.218865	0.020328
5.64063		0.236006	0.017659
5.67088		0.230528	0.016142
5.70112		0.225837	0.035644
5.73136		0.223913	0.037079
5.7616		0.22406		0.015557
5.79184		0.228679	0.013365
5.82209		0.231211	0.012273
5.85233		0.232726	0.015648
5.88257		0.231666	0.019354
5.91281		0.232106	0.021417
5.94305		0.237194	0.027704
5.9733		0.240611	0.016837
6.00354		0.243433	0.019617
6.03378		0.242519	0.014814
6.06402		0.243133	0.032034
6.09426		0.2426		0.016976
6.12451		0.241304	0.018287
6.15475		0.243536	0.035247
6.18499		0.241999	0.050697
6.21523		0.24381		0.01917
6.24547		0.242675	0.047784
6.27572		0.241387	0.018653
6.30596		0.244527	0.048204
6.3362		0.247036	0.019688
6.36644		0.249751	0.018864
6.39668		0.25983		0.038726
6.42693		0.252349	0.018085
6.45717		0.250527	0.043621
6.48741		0.242825	0.015024
6.51765		0.240173	0.013549
6.54789		0.250758	0.01389
6.57814		0.257433	0.013551
6.60838		0.260088	0.013981
6.63862		0.260156	0.013477
6.66886		0.259266	0.023953
6.6991		0.256901	0.01383
6.72935		0.253652	0.014446
6.75959		0.255457	0.018357
6.78983		0.257621	0.017876
6.82007		0.260341	0.048054
6.85031		0.260609	0.019061
6.88056		0.262203	0.047579
6.9108		0.260565	0.02302
6.94104		0.265892	0.039401
6.97128		0.265746	0.065411
7.00152		0.260614	0.023187
7.03177		0.282129	0.043286
7.06201		0.282361	0.022685
7.09225		0.271962	0.022415
7.12249		0.270135	0.067596
7.15273		0.272621	0.058702
7.18298		0.271916	0.020948
7.21322		0.271961	0.019966
7.24346		0.268481	0.021001
7.2737		0.272859	0.024289
7.30394		0.28178		0.020667
7.33419		0.279272	0.042111
7.36443		0.28443		0.031176
7.39467		0.283755	0.039416
7.42491		0.274849	0.023887
7.45515		0.27737		0.03116
7.4854		0.28102		0.056568
7.45515		0.274343	0.007791
7.51564		0.287212	0.014847
7.57612		0.324721	0.008832
7.6366		0.337694	0.031194
7.69709		0.385069	0.008489
7.75757		0.354804	0.008873
7.81805		0.328425	0.005403
7.87854		0.336846	0.010756
7.93902		0.34142		0.01195
7.99951		0.34247		0.012923
8.05999		0.338712	0.004334
8.12047		0.335541	0.004494
8.18096		0.338273	0.004234
8.24144		0.343891	0.006318
8.30192		0.342915	0.012281
8.36241		0.344037	0.004226
8.42289		0.346969	0.005731
8.48337		0.343817	0.005393
8.54386		0.348655	0.009256
8.60434		0.353187	0.00632
8.66483		0.358261	0.014337
8.72531		0.361471	0.006563
8.78579		0.360196	0.007249
8.84628		0.361332	0.009889
8.90676		0.360969	0.006408
8.96724		0.367481	0.005194
9.02773		0.384255	0.006037
9.08821		0.392712	0.008927
9.14869		0.384872	0.004983
9.20918		0.385413	0.006736
9.26966		0.391696	0.006289
9.33015		0.395819	0.005431
9.39063		0.405469	0.004416
9.45111		0.414383	0.006085
9.5116		0.423927	0.004868
9.57208		0.444186	0.006024
9.63256		0.449361	0.005309
9.69305		0.450023	0.004711
9.75353		0.456619	0.004666
9.81401		0.461257	0.008283
9.8745		0.466002	0.008382
9.93498		0.477627	0.006631
9.99547		0.48635		0.005006
10.05595	0.493872	0.004053
10.11643	0.501143	0.017238
10.17692	0.506404	0.0165
10.2374		0.510038	0.004799
10.29788	0.514317	0.005415
10.35837	0.523712	0.006075
10.41885	0.535092	0.004929
10.47933	0.542867	0.006071
10.53982	0.570789	0.007446
10.6003		0.603281	0.006658
10.66079	0.578256	0.009201
10.72127	0.567414	0.005318
10.78175	0.572661	0.006113
10.84224	0.578418	0.006427
10.90272	0.583694	0.012179
10.9632		0.590906	0.01042
11.02369	0.59227		0.006684
11.08417	0.602806	0.007857
11.14465	0.607291	0.005495
11.20514	0.60912		0.0071
11.26562	0.616102	0.007808
11.32611	0.629147	0.009296
11.38659	0.630842	0.018942
11.44707	0.631801	0.00992
11.50756	0.637392	0.013158
11.56804	0.639699	0.00588
11.62852	0.642011	0.005944
11.68901	0.645927	0.008915
11.74949	0.647703	0.00718
11.80997	0.646981	0.006507
11.87046	0.645705	0.007418
11.93094	0.653362	0.006874
11.99143	0.660991	0.006122
12.05191	0.664961	0.005433
12.11239	0.668836	0.009934
12.17288	0.672886	0.013842
12.23336	0.676643	0.007214
12.29384	0.682687	0.006394
12.35433	0.688467	0.005956
12.41481	0.697264	0.008119
12.47529	0.699175	0.008269
12.53578	0.697758	0.009063
12.59626	0.700382	0.009718
12.65675	0.705572	0.019747
12.71723	0.708536	0.008659
12.77771	0.715395	0.009298
12.8382		0.725934	0.007927
12.89868	0.779288	0.010849
12.95916	0.794311	0.010711
13.01965	0.741528	0.010865
13.08013	0.731841	0.008651
13.14061	0.734749	0.02021
13.2011		0.744284	0.019968
13.26158	0.74896		0.009606
13.32206	0.750651	0.011931
13.38255	0.754089	0.012019
13.44303	0.758461	0.007864
13.50352	0.761924	0.007764
13.564		0.766809	0.020333
13.62448	0.778037	0.007476
13.68497	0.783213	0.008799
13.74545	0.79145		0.016043
13.80593	0.795594	0.008015
13.86642	0.804551	0.008401
13.9269		0.812046	0.008559
13.98738	0.822189	0.011184
14.06935	0.90891		0.011601
14.15403	0.932828	0.010205
14.23871	0.939997	0.01037
14.32338	0.945042	0.011453
14.40806	1.024633	0.031949
14.49274	1.049631	0.009798
14.57741	1.015739	0.008185
14.66209	1.006325	0.029591
14.74677	1.019474	0.027267
14.83145	1.035694	0.017403
14.91612	1.0386		0.014368
15.0008		1.03816		0.007594
15.08548	1.051955	0.008624
15.17015	1.073752	0.014332
15.25483	1.079377	0.008621
15.33951	1.081356	0.00809
15.42418	1.090373	0.010346
15.50886	1.108425	0.008265
15.59354	1.146293	0.009951
15.67821	1.23901		0.009532
15.76289	1.281616	0.019585
15.84757	1.180292	0.008768
15.93224	1.197261	0.012583
16.01692	1.204843	0.009058
16.101601	1.208812	0.011109
16.186279	1.230123	0.010262
16.27095	1.243265	0.016213
16.355631	1.250321	0.016222
16.44031	1.285403	0.013172
16.524981	1.295329	0.040448
16.609659	1.304226	0.039159
16.69434	1.314388	0.009872
16.779011	1.311258	0.011519
16.863689	1.329237	0.012797
16.94837	1.347289	0.008625
17.033039	1.352694	0.012055
17.11772	1.365847	0.012635
17.2024		1.380115	0.012018
17.287069	1.403265	0.013103
17.37175	1.408957	0.011988
17.45643	1.421323	0.027211
17.541109	1.436752	0.009719
17.62578	1.433567	0.009373
17.710461	1.448686	0.012257
17.795139	1.447328	0.026477
17.87981	1.453537	0.030774
17.964491	1.460552	0.031229
18.04917	1.486521	0.022256
18.133841	1.505783	0.014504
18.218519	1.517816	0.015982
18.3032		1.498262	0.027137
18.387871	1.532539	0.018857
18.472549	1.555253	0.009947
18.55723	1.561712	0.02502
18.641899	1.572659	0.021647
18.72658	1.583199	0.057962
18.81126	1.626187	0.073545
18.895941	1.689088	0.024113
18.98061	1.662563	0.053506
19.06529	1.633113	0.052565
19.149969	1.636652	0.019565
19.23464	1.637887	0.024563
19.319321	1.643467	0.081853
19.403999	1.628557	0.031965
19.48867	1.631972	0.019993
19.573351	1.655694	0.025898
19.65803	1.636863	0.022025
19.742701	1.660377	0.026502
19.827379	1.679347	0.078256
19.91206	1.696368	0.04445
20.081409	1.69139		0.033942
20.250771	1.679778	0.032121
20.42012	1.677343	0.019157
20.504801	1.734002	0.024451
20.58947	1.705666	0.022866
20.758829	1.736214	0.014939
20.928181	1.745379	0.02903
21.09753	1.785412	0.025314
21.26689	1.819294	0.03158
21.436239	1.824109	0.019192
21.6056		1.813083	0.030635
21.77495	1.841935	0.031659
21.9443		1.884462	0.015569
22.113661	1.893289	0.099773
22.28301	1.911044	0.114824
22.45236	1.916661	0.031126
22.621719	1.930557	0.030712
22.791071	1.94038		0.016447
22.96043	1.950374	0.027344
23.12978	1.973972	0.011744
23.299129	1.955922	0.017404
23.468491	1.955258	0.018852
23.63784	1.968263	0.024946
23.80719	2.005205	0.010348
23.976549	2.016083	0.022203
24.145901	2.016795	0.012773
24.31526	2.022975	0.013686
24.48461	2.066551	0.025921
24.653959	2.096551	0.024383
24.82332	2.039406	0.074181
24.99267	2.038704	0.030512
25.16202	2.045814	0.04659
25.331381	2.030683	0.025866
25.500731	2.032906	0.019967
25.67009	2.042151	0.020157
25.839439	2.049124	0.030592
26.008789	2.186231	0.03847
26.17815	2.295973	0.057405
26.3475		2.140002	0.037739
26.51685	2.060006	0.020748
26.686211	2.083729	0.022815
26.85556	2.109405	0.027616
27.02492	2.097055	0.025674
27.194269	2.074649	0.025406
27.363621	2.085773	0.036389
27.53298	2.115081	0.029747
27.70233	2.128131	0.015901
27.871679	2.121928	0.029698
28.04104	2.107702	0.020263
28.21039	2.153552	0.027943
28.379749	2.129023	0.063796
28.549101	2.130455	0.028706
28.718451	2.14023		0.029346
28.88781	2.14006		0.012218
29.057159	2.140923	0.019599
29.226509	2.131347	0.015383
29.39587	2.138417	0.025914
29.56522	2.129282	0.03795
29.734579	2.145988	0.035364
29.903931	2.17945		0.022912
30.07328	2.160115	0.024014
30.24264	2.171113	0.016095
30.411989	2.172547	0.033491
30.581341	2.129097	0.021203
30.7507		2.17699		0.014804
30.92005	2.185749	0.017338
31.089411	2.198159	0.018946
31.25876	2.189726	0.070952
31.42811	2.188119	0.021338
31.597469	2.204176	0.033949
31.766821	2.209401	0.074905
31.936171	2.215539	0.02902
32.10553	2.214798	0.02018
32.274879	2.219223	0.023365
32.444241	2.240299	0.026972
32.61359	2.257614	0.023972
32.78294	2.267639	0.040065
32.952301	2.285597	0.025021
33.121651	2.274338	0.02628
33.291		2.315752	0.030245
33.460361	2.300359	0.159468
33.629711	2.299885	0.16754
33.799068	2.392528	0.042588
33.968418	2.37831		0.032565
34.137772	2.310899	0.055159
34.307129	2.372038	0.044525
34.476479	2.340053	0.053429
34.645828	2.319464	0.027812
34.815189	2.319066	0.027377
34.984539	2.447345	0.049138
35.1539		2.467648	0.040226
35.32325	2.324872	0.058092
35.492599	2.422771	0.048154
35.661961	2.359664	0.058136
35.83131	2.300811	0.058401
36.00066	2.310817	0.074263
36.170021	2.2778		0.067459
36.339371	2.250217	0.048379
36.508732	2.224193	0.089649
36.678082	2.265147	0.078069
36.847431	2.249951	0.087396
37.016788	2.288292	0.056748
37.186138	2.392958	0.101817
37.355492	2.165166	0.139896