5.24749		0.159868	0.010084
5.27773		0.163456	0.020116
5.30797		0.161629	0.008196
5.33821		0.163186	0.004821
5.36846		0.167383	0.007635
5.3987		0.174879	0.008084
5.42894		0.173213	0.006902
5.45918		0.169899	0.00598
5.48942		0.171824	0.005685
5.51967		0.182969	0.004736
5.54991		0.187344	0.003834
5.58015		0.190739	0.004933
5.61039		0.185168	0.004498
5.64063		0.187744	0.0036
5.67088		0.197157	0.00461
5.70112		0.196642	0.008178
5.73136		0.196232	0.00388
5.7616		0.199013	0.004551
5.79184		0.201716	0.004492
5.82209		0.205279	0.006323
5.85233		0.207818	0.004472
5.88257		0.212312	0.011921
5.91281		0.214043	0.009186
5.94305		0.217486	0.012816
5.9733		0.22004		0.00901
6.00354		0.222462	0.01219
6.03378		0.224286	0.006842
6.06402		0.227876	0.006041
6.09426		0.229042	0.004842
6.12451		0.232239	0.005227
6.15475		0.236866	0.0058
6.18499		0.24094		0.006635
6.21523		0.243079	0.006872
6.24547		0.244402	0.005392
6.27572		0.246746	0.006236
6.30596		0.251606	0.006474
6.3362		0.254885	0.00637
6.36644		0.255826	0.015251
6.39668		0.259355	0.020412
6.42693		0.260604	0.013447
6.45717		0.264267	0.006647
6.48741		0.26561		0.01652
6.51765		0.271049	0.019362
6.54789		0.277815	0.006403
6.57814		0.276941	0.00651
6.60838		0.282662	0.006942
6.63862		0.285184	0.021735
6.66886		0.286922	0.011037
6.6991		0.290571	0.00961
6.72935		0.293782	0.006584
6.75959		0.295628	0.007255
6.78983		0.300348	0.008948
6.82007		0.301656	0.005543
6.85031		0.304086	0.006698
6.88056		0.304607	0.006797
6.9108		0.30582		0.007919
6.94104		0.312989	0.012767
6.97128		0.332883	0.01473
7.00152		0.336308	0.007527
7.03177		0.33645		0.013378
7.06201		0.344879	0.017617
7.09225		0.34525		0.008676
7.12249		0.344072	0.014998
7.15273		0.347083	0.007943
7.18298		0.355576	0.006709
7.21322		0.358034	0.006179
7.24346		0.369667	0.018918
7.2737		0.376661	0.010288
7.30394		0.378378	0.008149
7.33419		0.385957	0.008361
7.36443		0.390319	0.024854
7.39467		0.396037	0.015796
7.42491		0.405176	0.009339
7.45515		0.398593	0.010337
7.4854		0.400898	0.008692
7.45515		0.383797	0.019226
7.51564		0.397745	0.016549
7.57612		0.397085	0.007935
7.6366		0.403764	0.007304
7.69709		0.446615	0.006291
7.75757		0.481346	0.008371
7.81805		0.447112	0.008484
7.87854		0.439741	0.008819
7.93902		0.450473	0.007743
7.99951		0.450166	0.01347
8.05999		0.455858	0.01501
8.12047		0.458783	0.007193
8.18096		0.461272	0.0082
8.24144		0.464115	0.021748
8.30192		0.464152	0.015619
8.36241		0.473525	0.006274
8.42289		0.475484	0.017275
8.48337		0.475405	0.008645
8.54386		0.478974	0.007539
8.60434		0.480266	0.016321
8.66483		0.483449	0.012499
8.72531		0.486183	0.011807
8.78579		0.485504	0.007114
8.84628		0.486966	0.005884
8.90676		0.488283	0.008189
8.96724		0.489141	0.005563
9.02773		0.492784	0.005585
9.08821		0.509728	0.007056
9.14869		0.497332	0.011547
9.20918		0.482493	0.006585
9.26966		0.483298	0.007513
9.33015		0.48325		0.005641
9.39063		0.484919	0.005731
9.45111		0.487543	0.00876
9.5116		0.493589	0.01551
9.57208		0.497568	0.015767
9.63256		0.504132	0.008058
9.69305		0.507622	0.00731
9.75353		0.527934	0.005594
9.81401		0.527175	0.009047
9.8745		0.524399	0.011902
9.93498		0.527094	0.013651
9.99547		0.531553	0.007274
10.05595	0.547049	0.008177
10.11643	0.56756		0.045814
10.17692	0.576171	0.035128
10.2374		0.586191	0.009648
10.29788	0.602613	0.022359
10.35837	0.619613	0.01085
10.41885	0.630847	0.008369
10.47933	0.642084	0.00979
10.53982	0.678958	0.008694
10.6003		0.784729	0.027747
10.66079	0.795399	0.008246
10.72127	0.712407	0.020301
10.78175	0.712672	0.009048
10.84224	0.726795	0.00973
10.90272	0.734537	0.01065
10.9632		0.746672	0.00975
11.02369	0.759353	0.015627
11.08417	0.764781	0.018893
11.14465	0.774134	0.009526
11.20514	0.788699	0.009993
11.26562	0.812957	0.010504
11.32611	0.850819	0.028985
11.38659	0.869638	0.027598
11.44707	0.883719	0.010271
11.50756	0.900695	0.018555
11.56804	0.916779	0.015772
11.62852	0.92859		0.022765
11.68901	0.946956	0.023668
11.74949	0.954772	0.010744
11.80997	0.964638	0.012203
11.87046	0.97269		0.015637
11.93094	0.998014	0.027652
11.99143	1.014173	0.007131
12.05191	1.032495	0.009633
12.11239	1.045354	0.026844
12.17288	1.058202	0.01551
12.23336	1.070006	0.012067
12.29384	1.088286	0.013704
12.35433	1.11111		0.029144
12.41481	1.12974		0.023431
12.47529	1.133929	0.015198
12.53578	1.134896	0.023073
12.59626	1.149986	0.035805
12.65675	1.160583	0.026346
12.71723	1.173387	0.030715
12.77771	1.188769	0.03364
12.8382		1.203702	0.016135
12.89868	1.253097	0.027328
12.95916	1.31343		0.030584
13.01965	1.272842	0.024763
13.08013	1.229942	0.017665
13.14061	1.238653	0.030392
13.2011		1.253855	0.016212
13.26158	1.270422	0.027001
13.32206	1.267951	0.027597
13.38255	1.264989	0.013386
13.44303	1.271027	0.017251
13.50352	1.282683	0.01617
13.564		1.299277	0.035009
13.62448	1.308416	0.015941
13.68497	1.33014		0.016271
13.74545	1.339015	0.01586
13.80593	1.350487	0.013267
13.86642	1.355672	0.014401
13.9269		1.374089	0.016412
13.98738	1.384891	0.017149
14.06935	1.429273	0.013823
14.15403	1.461588	0.009733
14.23871	1.46625		0.013422
14.32338	1.455616	0.023766
14.40806	1.563126	0.012425
14.49274	1.639657	0.025717
14.57741	1.572308	0.011068
14.66209	1.54013		0.025059
14.74677	1.578978	0.011651
14.83145	1.582518	0.016824
14.91612	1.609488	0.01122
15.0008		1.624211	0.024137
15.08548	1.647409	0.023016
15.17015	1.665198	0.020911
15.25483	1.673627	0.019608
15.33951	1.678063	0.009775
15.42418	1.70306		0.008799
15.50886	1.732485	0.009238
15.59354	1.767589	0.040331
15.67821	1.957633	0.01325
15.76289	2.152922	0.01394
15.84757	1.862279	0.016622
15.93224	1.787859	0.013739
16.01692	1.797144	0.013303
16.101601	1.800419	0.008776
16.186279	1.845053	0.029418
16.27095	1.839426	0.012914
16.355631	1.821856	0.010071
16.44031	1.851396	0.030877
16.524981	1.884294	0.031668
16.609659	1.906232	0.043432
16.69434	1.917655	0.013826
16.779011	1.909535	0.01519
16.863689	1.932405	0.013791
16.94837	1.955369	0.017345
17.033039	1.974889	0.062763
17.11772	2.008622	0.015637
17.2024		2.064205	0.022612
17.287069	2.082293	0.011577
17.37175	2.066321	0.016346
17.45643	2.073391	0.01426
17.541109	2.080274	0.015068
17.62578	2.08433		0.015657
17.710461	2.095882	0.074492
17.795139	2.094947	0.02493
17.87981	2.108082	0.019378
17.964491	2.136885	0.043368
18.04917	2.164335	0.023005
18.133841	2.184448	0.042903
18.218519	2.202926	0.012991
18.3032		2.183593	0.023226
18.387871	2.224001	0.027531
18.472549	2.251857	0.022923
18.55723	2.256489	0.118382
18.641899	2.255005	0.023427
18.72658	2.252521	0.019735
18.81126	2.31446		0.028306
18.895941	2.46775		0.077179
18.98061	2.494829	0.027022
19.06529	2.343332	0.029712
19.149969	2.327178	0.041814
19.23464	2.336287	0.045087
19.319321	2.332973	0.026938
19.403999	2.323301	0.016929
19.48867	2.319654	0.04284
19.573351	2.395056	0.031043
19.65803	2.404725	0.032936
19.742701	2.395383	0.04201
19.827379	2.38385		0.021541
19.91206	2.427643	0.042293
19.996731	2.484082	0.027573
20.081409	2.481416	0.021645
20.16609	2.492366	0.019737
20.250771	2.488837	0.019174
20.33544	2.510976	0.027256
20.42012	2.512604	0.032457
20.504801	2.537912	0.025202
20.58947	2.50736		0.053405
20.758829	2.558585	0.037915
20.928181	2.592422	0.041843
21.09753	2.650494	0.044818
21.26689	2.678959	0.037154
21.436239	2.704268	0.020756
21.6056		2.70902		0.022288
21.77495	2.741978	0.020485
21.9443		2.762585	0.027355
22.113661	2.792273	0.023774
22.28301	2.853427	0.054106
22.45236	2.888661	0.037077
22.621719	2.921405	0.138589
22.791071	2.947908	0.145368
22.96043	3.023048	0.014341
23.12978	3.044531	0.02478
23.299129	3.029494	0.044132
23.468491	3.055215	0.031625
23.63784	3.098123	0.030305
23.80719	3.13035		0.042092
23.976549	3.176823	0.047687
24.145901	3.191684	0.019452
24.31526	3.219035	0.037722
24.48461	3.274439	0.031752
24.653959	3.354706	0.029992
24.82332	3.238392	0.028864
24.99267	3.275371	0.027926
25.16202	3.291532	0.021532
25.331381	3.2683		0.028969
25.500731	3.286254	0.027043
25.67009	3.335204	0.02127
25.839439	3.363224	0.021281
26.008789	3.620003	0.025752
26.17815	4.027216	0.027593
26.3475		3.607722	0.02356
26.51685	3.414714	0.026447
26.686211	3.484693	0.016473
26.85556	3.534601	0.017675
27.02492	3.515865	0.024901
27.194269	3.509715	0.021178
27.363621	3.597661	0.02393
27.53298	3.637624	0.095607
27.70233	3.643131	0.030245
27.871679	3.646161	0.058954
28.04104	3.640164	0.017656
28.21039	3.680119	0.077499
28.379749	3.67992		0.022879
28.549101	3.707479	0.027757
28.718451	3.705752	0.064186
28.88781	3.724657	0.021811
29.057159	3.744422	0.036531
29.226509	3.702546	0.034429
29.39587	3.724392	0.040289
29.56522	3.725463	0.039811
29.734579	3.753521	0.021088
29.903931	3.800048	0.025497
30.07328	3.80274		0.057306
30.24264	3.782269	0.019067
30.411989	3.790118	0.035152
30.581341	3.81935		0.066092
30.7507		3.844532	0.031234
30.92005	3.850862	0.034559
31.089411	3.858647	0.043138
31.25876	3.892659	0.028811
31.42811	3.923213	0.030495
31.597469	3.929051	0.029886
31.766821	3.973619	0.170456
31.936171	3.973241	0.050128
32.10553	4.00381		0.023651
32.274879	4.022543	0.023866
32.444241	4.09402		0.035375
32.61359	4.152664	0.031929
32.78294	4.158479	0.024856
32.952301	4.209132	0.055155
33.121651	4.212447	0.059396
33.291		4.331944	0.161907
33.460361	4.385751	0.081107
33.629711	4.396147	0.192316
33.799068	4.616344	0.046725
33.968418	4.75789		0.162069
34.137772	4.462821	0.052005
34.307129	4.544529	0.086172
34.476479	4.51187		0.166698
34.645828	4.453805	0.057769
34.815189	4.406287	0.037415
34.984539	4.582469	0.105706
35.1539		4.845719	0.12331
35.32325	4.678993	0.091542
35.492599	4.580162	0.120573
35.661961	4.621565	0.12621
35.83131	4.374098	0.085509
36.00066	4.44301		0.125758
36.170021	4.505678	0.364428
36.339371	4.480552	0.054359
36.508732	4.267134	0.08758
36.678082	4.415371	0.060927
36.847431	4.381114	0.061281
37.016788	4.409813	0.090952
37.186138	4.765738	0.14201
37.355492	4.417415	0.288281
