5.24749		0.11509		0.006087
5.27773		0.117513	0.006084
5.30797		0.117834	0.004285
5.33821		0.121729	0.004541
5.36846		0.125125	0.003557
5.3987		0.121349	0.00352
5.42894		0.126447	0.002874
5.45918		0.141791	0.007635
5.48942		0.135005	0.003472
5.51967		0.135504	0.003562
5.54991		0.129962	0.00634
5.58015		0.128693	0.003009
5.61039		0.139536	0.006137
5.64063		0.143191	0.003026
5.67088		0.133121	0.002904
5.70112		0.132091	0.004237
5.73136		0.131451	0.006806
5.7616		0.132306	0.003949
5.79184		0.128773	0.0043
5.82209		0.130475	0.003933
5.85233		0.132534	0.003516
5.88257		0.131179	0.003224
5.91281		0.129767	0.004382
5.94305		0.130509	0.004242
5.9733		0.131966	0.003553
6.00354		0.132772	0.006996
6.03378		0.134493	0.004012
6.06402		0.134365	0.004571
6.09426		0.136285	0.003493
6.12451		0.140019	0.003353
6.15475		0.145311	0.003567
6.18499		0.149188	0.003155
6.21523		0.148235	0.004455
6.24547		0.149102	0.003828
6.27572		0.151219	0.004078
6.30596		0.150999	0.00586
6.3362		0.152305	0.008666
6.36644		0.154473	0.003196
6.39668		0.156973	0.00401
6.42693		0.160679	0.005766
6.45717		0.157268	0.006121
6.48741		0.16226		0.00568
6.51765		0.164539	0.004314
6.54789		0.16554		0.005479
6.57814		0.171308	0.004292
6.60838		0.170579	0.00419
6.63862		0.173852	0.004013
6.66886		0.177274	0.006435
6.6991		0.17697		0.005756
6.72935		0.176166	0.006219
6.75959		0.178563	0.004011
6.78983		0.177733	0.005688
6.82007		0.179586	0.005215
6.85031		0.178341	0.004184
6.88056		0.178371	0.006106
6.9108		0.188502	0.004956
6.94104		0.193116	0.006265
6.97128		0.196888	0.005972
7.00152		0.207909	0.005898
7.03177		0.204728	0.005637
7.06201		0.198703	0.00635
7.09225		0.202458	0.00552
7.12249		0.206025	0.00475
7.15273		0.207413	0.00534
7.18298		0.207043	0.00554
7.21322		0.212996	0.007021
7.24346		0.215915	0.005454
7.2737		0.220005	0.014864
7.30394		0.227435	0.006196
7.33419		0.228916	0.00654
7.36443		0.229966	0.006542
7.39467		0.234077	0.006552
7.42491		0.236839	0.007783
7.45515		0.241667	0.010962
7.4854		0.243702	0.009016
7.45515		0.242886	0.007365
7.51564		0.247378	0.006823
7.57612		0.243692	0.008322
7.6366		0.319026	0.008195
7.69709		0.327191	0.005941
7.75757		0.269434	0.008191
7.81805		0.27245		0.006221
7.87854		0.275783	0.004652
7.93902		0.271387	0.004688
7.99951		0.268388	0.003619
8.05999		0.266489	0.01003
8.12047		0.260894	0.012853
8.18096		0.257501	0.003357
8.24144		0.25506		0.004502
8.30192		0.250353	0.013175
8.36241		0.250856	0.007354
8.42289		0.24855		0.004551
8.48337		0.240056	0.003468
8.54386		0.234393	0.006773
8.60434		0.229675	0.009313
8.66483		0.225356	0.007481
8.72531		0.217461	0.005703
8.78579		0.210708	0.007466
8.84628		0.202341	0.016404
8.90676		0.192098	0.011934
8.96724		0.199569	0.006788
9.02773		0.212442	0.006184
9.08821		0.182069	0.00553
9.14869		0.174711	0.013087
9.20918		0.168708	0.003819
9.26966		0.167893	0.00492
9.33015		0.164361	0.00525
9.39063		0.164736	0.005302
9.45111		0.163149	0.003357
9.5116		0.175522	0.00408
9.57208		0.178814	0.006845
9.63256		0.175364	0.003524
9.69305		0.182226	0.005872
9.75353		0.177316	0.007871
9.81401		0.173846	0.005279
9.8745		0.173955	0.003409
9.93498		0.179431	0.005467
9.99547		0.182737	0.00502
10.05595	0.19084		0.005819
10.11643	0.198525	0.020334
10.17692	0.202494	0.019054
10.2374		0.206017	0.005845
10.29788	0.211927	0.005202
10.35837	0.220385	0.017339
10.41885	0.227315	0.006866
10.47933	0.268337	0.007437
10.53982	0.322393	0.006953
10.6003		0.280946	0.012239
10.66079	0.253321	0.005421
10.72127	0.263174	0.005984
10.78175	0.270096	0.011322
10.84224	0.273701	0.007015
10.90272	0.283721	0.006354
10.9632		0.292021	0.005423
11.02369	0.301161	0.004751
11.08417	0.30804		0.003552
11.14465	0.32382		0.00929
11.20514	0.361715	0.006909
11.26562	0.39654		0.007057
11.32611	0.400115	0.018035
11.38659	0.395624	0.007841
11.44707	0.390683	0.007184
11.50756	0.39546		0.017901
11.56804	0.39819		0.016424
11.62852	0.398229	0.008345
11.68901	0.406728	0.00893
11.74949	0.41143		0.007635
11.80997	0.41713		0.011358
11.87046	0.421464	0.008067
11.93094	0.435926	0.008541
11.99143	0.455661	0.006964
12.05191	0.463827	0.008816
12.11239	0.469033	0.008491
12.17288	0.475386	0.016859
12.23336	0.481824	0.010126
12.29384	0.502827	0.018221
12.35433	0.510563	0.008812
12.41481	0.508393	0.007131
12.47529	0.515369	0.008723
12.53578	0.521512	0.014089
12.59626	0.532915	0.00853
12.65675	0.539651	0.010502
12.71723	0.541245	0.010119
12.77771	0.570839	0.016594
12.8382		0.609185	0.014591
12.89868	0.584173	0.018317
12.95916	0.546304	0.009459
13.01965	0.543574	0.020301
13.08013	0.549914	0.011614
13.14061	0.55672		0.011804
13.2011		0.557273	0.01167
13.26158	0.551556	0.014454
13.32206	0.549056	0.007916
13.38255	0.555578	0.024401
13.44303	0.555996	0.024286
13.50352	0.561133	0.024532
13.564		0.573508	0.009403
13.62448	0.57509		0.023731
13.68497	0.574804	0.026213
13.74545	0.58225		0.010197
13.80593	0.582862	0.008558
13.86642	0.588581	0.010159
13.9269		0.594469	0.009632
13.98738	0.599119	0.009928
14.06935	0.654451	0.011907
14.15403	0.676316	0.015713
14.23871	0.696119	0.014993
14.32338	0.843527	0.01948
14.40806	0.868771	0.018958
14.49274	0.739154	0.005873
14.57741	0.702115	0.009059
14.66209	0.715251	0.011408
14.74677	0.716278	0.013002
14.83145	0.721862	0.006921
14.91612	0.723829	0.011001
15.0008		0.723535	0.008535
15.08548	0.713825	0.012909
15.17015	0.732018	0.005336
15.25483	0.739454	0.009645
15.33951	0.733991	0.01587
15.42418	0.72692		0.011846
15.50886	0.801171	0.013893
15.59354	0.993949	0.007377
15.67821	0.927305	0.013086
15.76289	0.758674	0.004942
15.84757	0.771876	0.010869
15.93224	0.779946	0.017183
16.01692	0.774936	0.014492
16.101601	0.77075		0.00833
16.186279	0.777833	0.010539
16.27095	0.78669		0.011305
16.355631	0.780212	0.00922
16.44031	0.799071	0.010762
16.524981	0.805456	0.008765
16.609659	0.803917	0.013634
16.69434	0.802087	0.009007
16.779011	0.809061	0.006772
16.863689	0.814188	0.010398
16.94837	0.815872	0.01138
17.033039	0.859171	0.017287
17.11772	0.906484	0.012009
17.2024		0.838503	0.008901
17.287069	0.846719	0.012122
17.37175	0.837725	0.01092
17.45643	0.836173	0.008774
17.541109	0.831836	0.008346
17.62578	0.832407	0.012481
17.710461	0.839597	0.011678
17.795139	0.836682	0.016088
17.87981	0.8512		0.00986
17.964491	0.862251	0.014941
18.04917	0.850707	0.021279
18.133841	0.851696	0.009642
18.218519	0.850252	0.013464
18.3032		0.852303	0.009791
18.387871	0.85531		0.015407
18.472549	0.855159	0.013422
18.55723	0.86644		0.013053
18.641899	0.867556	0.008624
18.72658	0.964259	0.012216
18.81126	0.998075	0.019426
18.895941	0.883271	0.011047
18.98061	0.857869	0.013264
19.06529	0.877957	0.009339
19.149969	0.886285	0.009701
19.23464	0.876294	0.016875
19.319321	0.870535	0.009176
19.403999	0.864486	0.012639
19.48867	0.87039		0.012424
19.573351	0.912984	0.012735
19.65803	0.916853	0.012362
19.742701	0.91335		0.015884
19.827379	0.904946	0.010891
19.91206	0.902847	0.020406
19.996731	0.917841	0.01553
20.081409	0.935604	0.013617
20.16609	0.947423	0.017173
20.250771	0.948654	0.013152
20.33544	0.952055	0.019247
20.42012	0.981107	0.025984
20.504801	0.96263		0.018799
20.58947	0.960444	0.007905
20.758829	0.976026	0.01123
20.928181	0.988964	0.012127
21.09753	1.010114	0.046642
21.26689	1.037701	0.021635
21.436239	1.031866	0.015356
21.6056		1.037156	0.012637
21.77495	1.074319	0.017363
21.9443		1.084578	0.013041
22.113661	1.092072	0.032685
22.28301	1.098947	0.04023
22.45236	1.126065	0.048771
22.621719	1.131726	0.047363
22.791071	1.142996	0.010808
22.96043	1.180279	0.011137
23.12978	1.186287	0.010866
23.299129	1.191051	0.01651
23.468491	1.188469	0.011848
23.63784	1.215695	0.010302
23.80719	1.223834	0.013052
23.976549	1.249664	0.051052
24.145901	1.264856	0.079278
24.31526	1.364165	0.01275
24.48461	1.3777		0.021684
24.653959	1.332776	0.00784
24.82332	1.328243	0.017485
24.99267	1.334299	0.010479
25.16202	1.330036	0.011909
25.331381	1.339213	0.027442
25.500731	1.382464	0.020012
25.67009	1.390192	0.050067
25.839439	1.687627	0.01297
26.008789	2.130455	0.072757
26.17815	1.563883	0.012217
26.3475		1.442209	0.042651
26.51685	1.446858	0.017553
26.686211	1.465677	0.018697
26.85556	1.5026		0.017098
27.02492	1.515546	0.018073
27.194269	1.512757	0.025814
27.363621	1.546202	0.012197
27.53298	1.58465		0.030725
27.70233	1.58589		0.045798
27.871679	1.603786	0.015411
28.04104	1.591576	0.01641
28.21039	1.621531	0.018953
28.379749	1.665849	0.019331
28.549101	1.681562	0.010772
28.718451	1.698779	0.014937
28.88781	1.706882	0.015577
29.057159	1.727083	0.014883
29.226509	1.724733	0.020361
29.39587	1.745921	0.011947
29.56522	1.763088	0.024233
29.734579	1.767445	0.018614
29.903931	1.790924	0.027094
30.07328	1.813489	0.014876
30.24264	1.812256	0.014758
30.411989	1.816948	0.023764
30.581341	1.847647	0.108933
30.7507		1.906867	0.018081
30.92005	1.910055	0.090144
31.089411	1.934615	0.02418
31.25876	1.922906	0.038593
31.42811	1.94496		0.028005
31.597469	1.99202		0.042574
31.766821	1.988622	0.04061
31.936171	1.980388	0.031223
32.10553	1.992346	0.022347
32.274879	2.010519	0.024342
32.444241	2.068799	0.040461
32.61359	2.124317	0.048905
32.78294	2.16516		0.025842
32.952301	2.210077	0.042975
33.121651	2.175815	0.040723
33.291		2.245116	0.033268
33.460361	2.412799	0.03377
33.629711	2.285478	0.027351
33.799068	2.272338	0.15649
33.968418	2.336452	0.08244
34.137772	2.256022	0.041891
34.307129	2.352597	0.057286
34.476479	2.343966	0.082919
34.645828	2.383817	0.046059
34.815189	2.605634	0.041998
34.984539	2.59188		0.043987
35.1539		2.321743	0.084341
35.32325	2.322554	0.049865
35.492599	2.511834	0.069134
35.661961	2.477229	0.072742
35.83131	2.308805	0.086217
36.00066	2.408726	0.039718
36.170021	2.404985	0.091895
36.339371	2.405064	0.037621
36.508732	2.328966	0.106595
36.678082	2.492408	0.083369
36.847431	2.480282	0.049313
37.016788	2.486129	0.076323
37.186138	2.686925	0.103683
37.355492	2.413936	0.388235