

5.24749		0.005958	0.002607
5.27773		0.005961	0.000906
5.30797		0.006557	0.001064
5.33821		0.007282	0.001182
5.36846		0.006675	0.00137
5.3987		0.007932	0.00095
5.42894		0.007446	0.001123
5.45918		0.007452	0.001237
5.48942		0.005896	0.001189
5.51967		0.007793	0.000911
5.54991		0.007319	0.001273
5.58015		0.008044	0.000893
5.61039		0.007631	0.000962
5.64063		0.007622	0.001137
5.67088		0.008887	0.001273
5.70112		0.008463	0.000712
5.73136		0.008737	0.002301
5.7616		0.008853	0.001832
5.79184		0.008533	0.001417
5.82209		0.01024		0.001406
5.85233		0.009393	0.0007
5.88257		0.009579	0.00077
5.91281		0.010291	0.002065
5.94305		0.010376	0.001043
5.9733		0.011257	0.000952
6.00354		0.012195	0.001374
6.03378		0.012042	0.001134
6.06402		0.011966	0.001953
6.09426		0.011481	0.001112
6.12451		0.013818	0.000873
6.15475		0.014451	0.001525
6.18499		0.012087	0.000978
6.21523		0.011232	0.001451
6.24547		0.01129		0.00125
6.27572		0.011214	0.001485
6.30596		0.010618	0.001037
6.3362		0.009276	0.001284
6.36644		0.009538	0.004036
6.39668		0.009796	0.003706
6.42693		0.010043	0.001658
6.45717		0.009297	0.00114
6.48741		0.009795	0.001873
6.51765		0.009498	0.00103
6.54789		0.009473	0.001439
6.57814		0.01052		0.001097
6.60838		0.009626	0.001304
6.63862		0.011464	0.002066
6.66886		0.011511	0.000972
6.6991		0.012027	0.001076
6.72935		0.012264	0.001576
6.75959		0.011194	0.00111
6.78983		0.01247		0.00148
6.82007		0.014926	0.001324
6.85031		0.014497	0.001295
6.88056		0.015199	0.001466
6.9108		0.01525		0.001579
6.94104		0.014618	0.001927
6.97128		0.013644	0.001566
7.00152		0.0158		0.002267
7.03177		0.016402	0.001503
7.06201		0.016011	0.001298
7.09225		0.015634	0.002102
7.12249		0.015964	0.001186
7.15273		0.016899	0.002278
7.18298		0.017289	0.001908
7.21322		0.017256	0.001347
7.24346		0.016964	0.003218
7.2737		0.017455	0.00306
7.30394		0.018341	0.001759
7.33419		0.016665	0.001963
7.36443		0.017175	0.00186
7.39467		0.017669	0.002291
7.42491		0.017609	0.005217
7.45515		0.017522	0.004178
7.4854		0.018093	0.001895
7.45515		0.017208	0.001557
7.51564		0.017721	0.001342
7.57612		0.019053	0.001548
7.6366		0.020446	0.001022
7.69709		0.02119		0.001278
7.75757		0.021418	0.000998
7.81805		0.021212	0.001765
7.87854		0.020711	0.001166
7.93902		0.02395		0.001153
7.99951		0.025656	0.001076
8.05999		0.024922	0.000741
8.12047		0.025952	0.001242
8.18096		0.028496	0.000793
8.24144		0.029308	0.000877
8.30192		0.032757	0.001368
8.36241		0.043916	0.000997
8.42289		0.043661	0.000988
8.48337		0.033648	0.005838
8.54386		0.034015	0.003162
8.60434		0.035245	0.000861
8.66483		0.035725	0.001042
8.72531		0.036227	0.001549
8.78579		0.034386	0.0009
8.84628		0.034219	0.001101
8.90676		0.033328	0.000748
8.96724		0.032464	0.000916
9.02773		0.033394	0.001061
9.08821		0.032391	0.001063
9.14869		0.032149	0.001205
9.20918		0.03146		0.001143
9.26966		0.030925	0.002204
9.33015		0.030256	0.000992
9.39063		0.0305		0.001085
9.45111		0.030277	0.000825
9.5116		0.029754	0.001027
9.57208		0.028315	0.001221
9.63256		0.027085	0.000807
9.69305		0.026004	0.001008
9.75353		0.027138	0.000823
9.81401		0.029432	0.000779
9.8745		0.028172	0.000991
9.93498		0.025118	0.001388
9.99547		0.024178	0.003913
10.05595	0.023647	0.000966
10.11643	0.023566	0.000655
10.17692	0.022801	0.001052
10.2374		0.022994	0.000776
10.29788	0.022871	0.000666
10.35837	0.023478	0.00117
10.41885	0.023981	0.00081
10.47933	0.023991	0.001234
10.53982	0.024534	0.000955
10.6003		0.025426	0.000913
10.66079	0.024173	0.001129
10.72127	0.025092	0.002158
10.78175	0.02473		0.000944
10.84224	0.026782	0.001174
10.90272	0.02697		0.003048
10.9632		0.027677	0.001281
11.02369	0.028559	0.004219
11.08417	0.029215	0.001495
11.14465	0.030262	0.001143
11.20514	0.031615	0.001443
11.26562	0.031187	0.001378
11.32611	0.033607	0.001259
11.38659	0.033823	0.00164
11.44707	0.043414	0.001151
11.50756	0.063053	0.001405
11.56804	0.051812	0.004116
11.62852	0.040508	0.001385
11.68901	0.038866	0.003817
11.74949	0.04071		0.003724
11.80997	0.04187		0.00143
11.87046	0.039674	0.001631
11.93094	0.040343	0.001719
11.99143	0.041858	0.00094
12.05191	0.044553	0.002204
12.11239	0.044508	0.001455
12.17288	0.046167	0.001044
12.23336	0.051476	0.001573
12.29384	0.05647		0.00148
12.35433	0.059246	0.001349
12.41481	0.05932		0.00113
12.47529	0.059993	0.001259
12.53578	0.062282	0.001713
12.59626	0.06212		0.001459
12.65675	0.062225	0.001556
12.71723	0.064986	0.005031
12.77771	0.066487	0.000995
12.8382		0.069131	0.001353
12.89868	0.071166	0.001298
12.95916	0.072212	0.001041
13.01965	0.074		0.004899
13.08013	0.075505	0.001426
13.14061	0.077125	0.003259
13.2011		0.080305	0.001387
13.26158	0.081941	0.005476
13.32206	0.083268	0.001347
13.38255	0.086384	0.001594
13.44303	0.088293	0.001886
13.50352	0.090598	0.006314
13.564		0.092819	0.001365
13.62448	0.095952	0.001581
13.68497	0.0959		0.005136
13.74545	0.09637		0.001506
13.80593	0.100797	0.004895
13.86642	0.103835	0.002427
13.9269		0.106767	0.00217
13.98738	0.108693	0.005052
14.06935	0.123728	0.002208
14.15403	0.119614	0.00252
14.23871	0.12237		0.003068
14.32338	0.124611	0.003891
14.40806	0.12592		0.001891
14.49274	0.126925	0.001724
14.57741	0.127708	0.001837
14.66209	0.127081	0.002089
14.74677	0.124213	0.003008
14.83145	0.127638	0.005985
14.91612	0.129635	0.00394
15.0008		0.13265		0.0038
15.08548	0.133263	0.009216
15.17015	0.137255	0.002933
15.25483	0.139175	0.001664
15.33951	0.140731	0.00488
15.42418	0.140767	0.004321
15.50886	0.144801	0.004635
15.59354	0.159066	0.001752
15.67821	0.200633	0.004625
15.76289	0.200068	0.007138
15.84757	0.162821	0.002291
15.93224	0.155066	0.001857
16.01692	0.155011	0.00406
16.101601	0.160631	0.002461
16.186279	0.162907	0.005346
16.27095	0.166954	0.00256
16.355631	0.164492	0.00397
16.44031	0.163927	0.005357
16.524981	0.16393		0.003393
16.609659	0.165635	0.001717
16.69434	0.168397	0.001623
16.779011	0.168982	0.006794
16.863689	0.172464	0.008492
16.94837	0.181988	0.007917
17.033039	0.26066		0.004106
17.11772	0.229816	0.002704
17.2024		0.178818	0.002515
17.287069	0.179305	0.002103
17.37175	0.176015	0.002689
17.45643	0.174743	0.003815
17.541109	0.175649	0.00446
17.62578	0.17736		0.002578
17.710461	0.180406	0.003226
17.795139	0.180951	0.011379
17.87981	0.180952	0.007966
17.964491	0.180761	0.002231
18.04917	0.180358	0.00485
18.133841	0.183523	0.0038
18.218519	0.186688	0.004048
18.3032		0.189436	0.002618
18.387871	0.193496	0.005254
18.472549	0.195342	0.002809
18.55723	0.197411	0.01226
18.641899	0.200239	0.003937
18.72658	0.203944	0.002843
18.81126	0.20493		0.002194
18.895941	0.206631	0.002931
18.98061	0.205447	0.00322
19.06529	0.203176	0.003711
19.149969	0.201628	0.004309
19.23464	0.202573	0.003813
19.319321	0.205467	0.010337
19.403999	0.206549	0.005312
19.48867	0.20741		0.003734
19.573351	0.206279	0.015547
19.65803	0.215402	0.003109
19.742701	0.210306	0.002955
19.827379	0.20541		0.005249
19.91206	0.210542	0.007632
19.996731	0.216425	0.003542
20.081409	0.213592	0.010917
20.16609	0.21133		0.00471
20.250771	0.212708	0.007905
20.33544	0.215687	0.003838
20.42012	0.229712	0.004438
20.504801	0.263584	0.005577
20.58947	0.261199	0.006653
20.758829	0.240908	0.004448
20.928181	0.237968	0.005061
21.09753	0.241476	0.008855
21.26689	0.251555	0.008323
21.436239	0.267464	0.014544
21.6056		0.250504	0.003894
21.77495	0.257559	0.003274
21.9443		0.266504	0.003375
22.113661	0.26762		0.002979
22.28301	0.269544	0.002461
22.45236	0.278694	0.002711
22.621719	0.278564	0.020065
22.791071	0.28051		0.015953
22.96043	0.285711	0.014732
23.12978	0.290939	0.009896
23.299129	0.295482	0.002739
23.468491	0.301455	0.003487
23.63784	0.304131	0.004176
23.80719	0.301516	0.002853
23.976549	0.307468	0.002805
24.145901	0.310949	0.004911
24.31526	0.316451	0.004592
24.48461	0.313898	0.004558
24.653959	0.317321	0.014062
24.82332	0.319981	0.003565
24.99267	0.321641	0.00863
25.16202	0.324598	0.003815
25.331381	0.324698	0.00358
25.500731	0.326859	0.003484
25.67009	0.333165	0.002454
25.839439	0.335963	0.005202
26.008789	0.352799	0.003832
26.17815	0.351194	0.025844
26.3475		0.358878	0.011503
26.51685	0.400528	0.007913
26.686211	0.450365	0.003214
26.85556	0.381101	0.012348
27.02492	0.370023	0.00641
27.194269	0.379979	0.005676
27.363621	0.382911	0.004808
27.53298	0.378473	0.008525
27.70233	0.37563		0.009065
27.871679	0.383159	0.008336
28.04104	0.40749		0.028458
28.21039	0.583595	0.004693
28.379749	0.894343	0.009963
28.549101	0.535533	0.012655
28.718451	0.423188	0.054722
28.88781	0.40533		0.006517
29.057159	0.403185	0.004348
29.226509	0.409066	0.007545
29.39587	0.426134	0.004519
29.56522	0.424611	0.007827
29.734579	0.424334	0.005167
29.903931	0.430518	0.002524
30.07328	0.438867	0.008752
30.24264	0.443984	0.006941
30.411989	0.450681	0.008071
30.581341	0.44928		0.006748
30.7507		0.456476	0.007839
30.92005	0.461081	0.007093
31.089411	0.468239	0.015421
31.25876	0.461542	0.007072
31.42811	0.476248	0.00892
31.597469	0.478684	0.011465
31.766821	0.481893	0.011218
31.936171	0.479835	0.007645
32.10553	0.484936	0.009197
32.274879	0.498746	0.006105
32.444241	0.497924	0.015965
32.61359	0.500112	0.038886
32.78294	0.503541	0.004817
32.952301	0.506207	0.005122
33.121651	0.506623	0.013797
33.291		0.517218	0.017999
33.460361	0.524782	0.013303
33.629711	0.514229	0.014452
33.799068	0.525349	0.042567
33.968418	0.545801	0.009405
34.137772	0.534094	0.013293
34.307129	0.534081	0.010872
34.476479	0.524372	0.021589
34.645828	0.538973	0.007331
34.815189	0.554922	0.013095
34.984539	0.556486	0.007273
35.1539		0.549141	0.008376
35.32325	0.540289	0.018691
35.492599	0.581838	0.023191
35.661961	0.590939	0.018171
35.83131	0.553111	0.016655
36.00066	0.571139	0.025043
36.170021	0.579321	0.021147
36.339371	0.596561	0.015755
36.508732	0.584658	0.040078
36.678082	0.617422	0.013866
36.847431	0.63952		0.021788
37.016788	0.60621		0.028194
37.186138	0.618661	0.015637
37.355492	0.593078	0.027829
