5.24749		0.028198	0.003751
5.27773		0.027949	0.002635
5.30797		0.031201	0.006564
5.33821		0.032172	0.001983
5.36846		0.031121	0.002406
5.3987		0.028757	0.002985
5.42894		0.032522	0.00243
5.45918		0.034683	0.001896
5.48942		0.036805	0.002829
5.51967		0.041724	0.003075
5.54991		0.034822	0.002071
5.58015		0.034154	0.002479
5.61039		0.040721	0.003313
5.64063		0.038739	0.003043
5.67088		0.034013	0.001919
5.70112		0.03381		0.003389
5.73136		0.034118	0.001876
5.7616		0.033281	0.001718
5.79184		0.031995	0.001863
5.82209		0.031799	0.001877
5.85233		0.032502	0.001739
5.88257		0.034024	0.001594
5.91281		0.033849	0.002091
5.94305		0.032835	0.002108
5.9733		0.035799	0.001793
6.00354		0.041352	0.001823
6.03378		0.043521	0.002335
6.06402		0.046278	0.002438
6.09426		0.050316	0.003174
6.12451		0.057364	0.009139
6.15475		0.065808	0.00787
6.18499		0.078892	0.004195
6.21523		0.084513	0.003044
6.24547		0.080466	0.004317
6.27572		0.07178		0.004688
6.30596		0.067152	0.003956
6.3362		0.065163	0.003609
6.36644		0.060565	0.003211
6.39668		0.057552	0.003277
6.42693		0.054341	0.002678
6.45717		0.050279	0.002883
6.48741		0.046778	0.003259
6.51765		0.045269	0.002472
6.54789		0.045611	0.002684
6.57814		0.04497		0.005196
6.60838		0.04739		0.002612
6.63862		0.049836	0.007151
6.66886		0.04985		0.005461
6.6991		0.047915	0.002806
6.72935		0.049368	0.003713
6.75959		0.052582	0.003022
6.78983		0.054559	0.002754
6.82007		0.056419	0.005116
6.85031		0.058758	0.0118
6.88056		0.06194		0.003579
6.9108		0.078484	0.004949
6.94104		0.080624	0.004888
6.97128		0.083616	0.005873
7.00152		0.088735	0.006096
7.03177		0.078115	0.005808
7.06201		0.070506	0.003625
7.09225		0.070488	0.00379
7.12249		0.068983	0.00463
7.15273		0.068157	0.003718
7.18298		0.067578	0.003558
7.21322		0.067435	0.003937
7.24346		0.069		0.003509
7.2737		0.070502	0.004368
7.30394		0.073961	0.003908
7.33419		0.0762		0.003584
7.36443		0.077697	0.004462
7.39467		0.080301	0.004201
7.42491		0.084059	0.008477
7.45515		0.090985	0.014158
7.4854		0.099171	0.00766
7.45515		0.091143	0.004607
7.51564		0.094158	0.00386
7.57612		0.134971	0.009206
7.6366		0.178838	0.011719
7.69709		0.170902	0.004592
7.75757		0.1479		0.007277
7.81805		0.146046	0.005368
7.87854		0.145211	0.004065
7.93902		0.140313	0.003873
7.99951		0.133831	0.004032
8.05999		0.125334	0.005897
8.12047		0.11466		0.005064
8.18096		0.10987		0.006072
8.24144		0.114218	0.006183
8.30192		0.111385	0.005595
8.36241		0.110592	0.004881
8.42289		0.108456	0.006016
8.48337		0.108785	0.003924
8.54386		0.113939	0.003071
8.60434		0.118792	0.004713
8.66483		0.115601	0.002607
8.72531		0.10903		0.0033
8.78579		0.101705	0.003373
8.84628		0.097743	0.002997
8.90676		0.096525	0.003688
8.96724		0.098067	0.002337
9.02773		0.101662	0.004165
9.08821		0.090458	0.002999
9.14869		0.089584	0.001889
9.20918		0.088123	0.003045
9.26966		0.088218	0.003602
9.33015		0.088368	0.002438
9.39063		0.087502	0.002373
9.45111		0.08847		0.002361
9.5116		0.095277	0.002399
9.57208		0.095987	0.003249
9.63256		0.102883	0.004283
9.69305		0.115421	0.004678
9.75353		0.103565	0.002371
9.81401		0.096413	0.003311
9.8745		0.096538	0.004176
9.93498		0.097397	0.003454
9.99547		0.101636	0.002569
10.05595	0.103532	0.003883
10.11643	0.106646	0.0044
10.17692	0.108987	0.002334
10.2374		0.10937		0.002784
10.29788	0.112546	0.002649
10.35837	0.118519	0.003628
10.41885	0.121252	0.004343
10.47933	0.156751	0.004725
10.53982	0.187282	0.006922
10.6003		0.155049	0.004288
10.66079	0.140956	0.003427
10.72127	0.142458	0.003812
10.78175	0.144148	0.002678
10.84224	0.145713	0.002679
10.90272	0.150474	0.002874
10.9632		0.156243	0.006083
11.02369	0.164315	0.00366
11.08417	0.172568	0.00302
11.14465	0.197665	0.004364
11.20514	0.264956	0.005815
11.26562	0.323783	0.005681
11.32611	0.312312	0.005638
11.38659	0.282959	0.00645
11.44707	0.26534		0.005368
11.50756	0.245292	0.004876
11.56804	0.238988	0.00394
11.62852	0.23293		0.00369
11.68901	0.233492	0.003505
11.74949	0.236944	0.006143
11.80997	0.234523	0.003674
11.87046	0.238108	0.005047
11.93094	0.24647		0.005298
11.99143	0.257608	0.003569
12.05191	0.259419	0.00426
12.11239	0.262694	0.004954
12.17288	0.262881	0.005276
12.23336	0.268479	0.008216
12.29384	0.290985	0.004657
12.35433	0.294139	0.005173
12.41481	0.291002	0.006614
12.47529	0.29438		0.006053
12.53578	0.299837	0.006312
12.59626	0.310833	0.005642
12.65675	0.319591	0.005984
12.71723	0.328402	0.006505
12.77771	0.378074	0.006485
12.8382		0.446134	0.007729
12.89868	0.389668	0.005919
12.95916	0.313229	0.005031
13.01965	0.30358		0.005261
13.08013	0.306518	0.004751
13.14061	0.313181	0.005283
13.2011		0.316017	0.00723
13.26158	0.313652	0.005391
13.32206	0.313291	0.005309
13.38255	0.315199	0.00545
13.44303	0.320413	0.013911
13.50352	0.326068	0.006063
13.564		0.331359	0.011976
13.62448	0.336443	0.005515
13.68497	0.340197	0.007819
13.74545	0.338816	0.005045
13.80593	0.33682		0.008202
13.86642	0.340842	0.007198
13.9269		0.347937	0.00602
13.98738	0.354163	0.008863
14.06935	0.509865	0.005419
14.15403	0.547526	0.008313
14.23871	0.559222	0.008607
14.32338	0.623251	0.011616
14.40806	0.690912	0.006539
14.49274	0.644446	0.013732
14.57741	0.586581	0.013575
14.66209	0.606189	0.010894
14.74677	0.610968	0.009621
14.83145	0.615587	0.010917
14.91612	0.627304	0.014553
15.0008		0.629134	0.009485
15.08548	0.637902	0.009282
15.17015	0.657253	0.005466
15.25483	0.667812	0.009534
15.33951	0.672574	0.034127
15.42418	0.6766		0.011815
15.50886	0.727901	0.015923
15.59354	0.979008	0.008656
15.67821	1.024239	0.014611
15.76289	0.770048	0.015881
15.84757	0.775204	0.005979
15.93224	0.802756	0.006743
16.01692	0.803479	0.009536
16.101601	0.793265	0.014274
16.186279	0.821895	0.006823
16.27095	0.839569	0.010042
16.355631	0.857149	0.01
16.44031	0.893291	0.00921
16.524981	0.926255	0.007994
16.609659	0.927335	0.008984
16.69434	0.923448	0.01157
16.779011	0.938767	0.008924
16.863689	0.95201		0.008686
16.94837	0.95295		0.013655
17.033039	1.004708	0.020381
17.11772	1.145105	0.011911
17.2024		1.042032	0.010221
17.287069	1.016466	0.015667
17.37175	1.015215	0.014432
17.45643	1.024629	0.014266
17.541109	1.026132	0.014349
17.62578	1.036775	0.008083
17.710461	1.058805	0.024419
17.795139	1.040436	0.03277
17.87981	1.040227	0.035542
17.964491	1.029719	0.022926
18.04917	1.040026	0.017781
18.133841	1.046033	0.009069
18.218519	1.065355	0.01691
18.3032		1.064192	0.008803
18.387871	1.077506	0.015765
18.472549	1.096087	0.008978
18.55723	1.118226	0.010982
18.641899	1.120208	0.015017
18.72658	1.195314	0.024742
18.81126	1.325572	0.009518
18.895941	1.239212	0.012554
18.98061	1.180575	0.013527
19.06529	1.216104	0.0239
19.149969	1.233194	0.017302
19.23464	1.192371	0.020576
19.319321	1.197256	0.015555
19.403999	1.196421	0.021303
19.48867	1.202655	0.022975
19.573351	1.237715	0.0192
19.65803	1.232985	0.015065
19.742701	1.252327	0.024671
19.827379	1.266369	0.014902
19.91206	1.266951	0.02373
19.996731	1.282916	0.05092
20.081409	1.30972		0.015246
20.16609	1.320366	0.020397
20.250771	1.321972	0.01154
20.33544	1.318108	0.032468
20.42012	1.344916	0.018895
20.504801	1.360858	0.018438
20.58947	1.28718		0.047623
20.758829	1.42898		0.052126
20.928181	1.364256	0.032017
21.09753	1.429387	0.040406
21.26689	1.490592	0.014095
21.436239	1.4692		0.018977
21.6056		1.496194	0.042521
21.77495	1.58245		0.054192
21.9443		1.590505	0.028283
22.113661	1.55425		0.070216
22.28301	1.630212	0.201733
22.45236	1.715805	0.120474
22.621719	1.722817	0.049267
22.791071	1.670819	0.01416
22.96043	1.762717	0.103306
23.12978	1.834798	0.036101
23.299129	1.854201	0.020689
23.468491	1.857724	0.016745
23.63784	1.874266	0.018198
23.80719	1.873334	0.019424
23.976549	1.920781	0.022192
24.145901	1.989361	0.020489
24.31526	2.096688	0.021464
24.48461	2.167322	0.036502
24.653959	2.092361	0.050026
24.82332	2.101258	0.061541
24.99267	2.087287	0.020736
25.16202	2.060274	0.012414
25.331381	2.118848	0.051766
25.500731	2.219872	0.077662
25.67009	2.238051	0.050819
25.839439	2.290083	0.030702
26.008789	2.842205	0.207008
26.17815	2.609079	0.017666
26.3475		2.392085	0.091204
26.51685	2.354262	0.057122
26.686211	2.358659	0.016308
26.85556	2.415908	0.104443
27.02492	2.413871	0.192011
27.194269	2.468171	0.058436
27.363621	2.556111	0.0957
27.53298	2.614172	0.130111
27.70233	2.628486	0.065795
27.871679	2.645288	0.029999
28.04104	2.630262	0.049169
28.21039	2.736701	0.019417
28.379749	2.732377	0.249131
28.549101	2.73337		0.061351
28.718451	2.774776	0.057073
28.88781	2.808996	0.022354
29.057159	2.808627	0.023624
29.226509	2.809632	0.040226
29.39587	2.828473	0.046173
29.56522	2.868833	0.030803
29.734579	2.907647	0.035168
29.903931	2.946665	0.158891
30.07328	2.967226	0.155808
30.24264	2.992813	0.074729
30.411989	3.038169	0.037389
30.581341	3.056546	0.039945
30.7507		3.152403	0.035195
30.92005	3.171051	0.134951
31.089411	3.234391	0.023664
31.25876	3.232608	0.057107
31.42811	3.244585	0.073904
31.597469	3.331069	0.056335
31.766821	3.36964		0.042835
31.936171	3.366692	0.028981
32.10553	3.411285	0.071298
32.274879	3.41442		0.047972
32.444241	3.49666		0.038193
32.61359	3.606232	0.03655
32.78294	3.688734	0.179225
32.952301	3.813895	0.068409
33.121651	3.803313	0.055387
33.291		3.813548	0.196011
33.460361	3.92196		0.072764
33.629711	3.942523	0.279492
33.799068	3.9641		0.108521
33.968418	4.052799	0.050927
34.137772	4.058367	0.068551
34.307129	4.177118	0.103139
34.476479	4.117241	0.085851
34.645828	4.054963	0.046325
34.815189	4.343866	0.080278
34.984539	4.565702	0.090438
35.1539		4.272093	0.174301
35.32325	4.009582	0.073639
35.492599	4.411581	0.106189
35.661961	4.419189	0.100569
35.83131	4.338453	0.187131
36.00066	4.358893	0.080333
36.170021	4.397818	0.217727
36.339371	4.41189		0.304043
36.508732	4.282039	0.219675
36.678082	4.363745	0.07541
36.847431	4.435483	0.116943
37.016788	4.493871	0.100717
37.186138	4.606		0.288724
37.355492	4.285129	0.106647