5.24749		0.190737	0.011279
5.27773		0.198769	0.007501
5.30797		0.199576	0.008849
5.33821		0.195374	0.007857
5.36846		0.199069	0.019537
5.3987		0.210705	0.005832
5.42894		0.207652	0.008052
5.45918		0.206572	0.014115
5.48942		0.203314	0.004794
5.51967		0.210731	0.008499
5.54991		0.211906	0.004191
5.58015		0.21523		0.006105
5.61039		0.210544	0.004566
5.64063		0.214578	0.010858
5.67088		0.219772	0.005836
5.70112		0.218023	0.00425
5.73136		0.217267	0.005894
5.7616		0.21801		0.004681
5.79184		0.224062	0.007817
5.82209		0.225243	0.006597
5.85233		0.224954	0.017043
5.88257		0.224953	0.01557
5.91281		0.228065	0.020103
5.94305		0.231814	0.012705
5.9733		0.234506	0.009884
6.00354		0.237752	0.005357
6.03378		0.237296	0.006993
6.06402		0.239684	0.015824
6.09426		0.239706	0.005437
6.12451		0.24321		0.008099
6.15475		0.24582		0.004586
6.18499		0.251449	0.006059
6.21523		0.254233	0.006303
6.24547		0.258166	0.005498
6.27572		0.262272	0.005948
6.30596		0.2603		0.008975
6.3362		0.259634	0.008811
6.36644		0.260988	0.009755
6.39668		0.260281	0.00969
6.42693		0.26178		0.006989
6.45717		0.259297	0.013609
6.48741		0.257805	0.008285
6.51765		0.255193	0.007175
6.54789		0.257452	0.006272
6.57814		0.260891	0.013467
6.60838		0.263943	0.007894
6.63862		0.265169	0.006589
6.66886		0.268067	0.006255
6.6991		0.266676	0.005974
6.72935		0.264725	0.006414
6.75959		0.265314	0.006645
6.78983		0.267248	0.005804
6.82007		0.270493	0.007008
6.85031		0.276167	0.005241
6.88056		0.277494	0.006776
6.9108		0.273487	0.006243
6.94104		0.274436	0.011305
6.97128		0.28743		0.008095
7.00152		0.295232	0.0079
7.03177		0.29488		0.008139
7.06201		0.307097	0.012132
7.09225		0.301349	0.007032
7.12249		0.288116	0.005049
7.15273		0.293633	0.008028
7.18298		0.297977	0.007122
7.21322		0.302182	0.007334
7.24346		0.30392		0.018534
7.2737		0.3056		0.011585
7.30394		0.310854	0.007391
7.33419		0.313036	0.027495
7.36443		0.311175	0.012171
7.39467		0.321398	0.007766
7.42491		0.320146	0.008155
7.45515		0.323233	0.010564
7.4854		0.325366	0.010583
7.45515		0.314249	0.01023
7.51564		0.326308	0.010152
7.57612		0.324066	0.00514
7.6366		0.32861		0.006206
7.69709		0.361441	0.010718
7.75757		0.378342	0.007595
7.81805		0.348694	0.00904
7.87854		0.347684	0.007167
7.93902		0.352053	0.006123
7.99951		0.352337	0.006204
8.05999		0.350127	0.006513
8.12047		0.349829	0.005459
8.18096		0.343899	0.006771
8.24144		0.344864	0.006881
8.30192		0.348318	0.007059
8.36241		0.355256	0.00721
8.42289		0.352407	0.009391
8.48337		0.349643	0.00591
8.54386		0.353549	0.006928
8.60434		0.358485	0.0158
8.66483		0.360638	0.007073
8.72531		0.363196	0.007302
8.78579		0.359668	0.01383
8.84628		0.360462	0.012328
8.90676		0.36026		0.013167
8.96724		0.360118	0.006124
9.02773		0.364942	0.006791
9.08821		0.379989	0.007184
9.14869		0.37268		0.011226
9.20918		0.369993	0.005391
9.26966		0.375417	0.005227
9.33015		0.376429	0.005213
9.39063		0.385847	0.005948
9.45111		0.393279	0.005257
9.5116		0.399765	0.005433
9.57208		0.407112	0.006409
9.63256		0.420166	0.0114
9.69305		0.423544	0.004605
9.75353		0.43843		0.010883
9.81401		0.443142	0.010836
9.8745		0.441825	0.012946
9.93498		0.446545	0.006238
9.99547		0.449919	0.007444
10.05595	0.46053		0.005508
10.11643	0.465748	0.006964
10.17692	0.471772	0.019981
10.2374		0.479464	0.006301
10.29788	0.483048	0.005776
10.35837	0.494636	0.029594
10.41885	0.497943	0.023367
10.47933	0.502211	0.015719
10.53982	0.517329	0.004156
10.6003		0.550122	0.00966
10.66079	0.557489	0.006086
10.72127	0.534678	0.006712
10.78175	0.537027	0.0066
10.84224	0.545005	0.006152
10.90272	0.546607	0.005825
10.9632		0.550223	0.006703
11.02369	0.552682	0.007208
11.08417	0.560499	0.007323
11.14465	0.566654	0.006607
11.20514	0.570983	0.016549
11.26562	0.595159	0.00767
11.32611	0.636797	0.007708
11.38659	0.649348	0.007006
11.44707	0.636349	0.005798
11.50756	0.624106	0.00767
11.56804	0.617819	0.006857
11.62852	0.608642	0.006908
11.68901	0.614508	0.007047
11.74949	0.60569		0.006309
11.80997	0.60101		0.006798
11.87046	0.59816		0.005868
11.93094	0.610151	0.005997
11.99143	0.620241	0.007179
12.05191	0.621758	0.006212
12.11239	0.623112	0.006055
12.17288	0.625203	0.006939
12.23336	0.625399	0.012295
12.29384	0.627385	0.014466
12.35433	0.631121	0.007926
12.41481	0.642159	0.007664
12.47529	0.642607	0.006717
12.53578	0.636131	0.006797
12.59626	0.640553	0.007071
12.65675	0.646351	0.006413
12.71723	0.650235	0.008752
12.77771	0.658226	0.00957
12.8382		0.665955	0.00645
12.89868	0.721198	0.007433
12.95916	0.79517		0.01126
13.01965	0.739382	0.009717
13.08013	0.657987	0.008676
13.14061	0.654932	0.007999
13.2011		0.660147	0.008486
13.26158	0.663934	0.006364
13.32206	0.661349	0.007477
13.38255	0.662888	0.008148
13.44303	0.663767	0.008835
13.50352	0.668263	0.007404
13.564		0.676738	0.007726
13.62448	0.683674	0.013316
13.68497	0.686905	0.008414
13.74545	0.695883	0.019305
13.80593	0.70342		0.018626
13.86642	0.707628	0.010392
13.9269		0.713687	0.010193
13.98738	0.714307	0.019147
14.06935	0.770826	0.00708
14.15403	0.782337	0.01961
14.23871	0.795969	0.006502
14.32338	0.803454	0.013733
14.40806	0.854984	0.008569
14.49274	0.901919	0.012148
14.57741	0.884026	0.01037
14.66209	0.854433	0.009328
14.74677	0.856461	0.020735
14.83145	0.864291	0.029391
14.91612	0.888465	0.031742
15.0008		0.894489	0.019673
15.08548	0.892716	0.018592
15.17015	0.907793	0.015832
15.25483	0.92292		0.014727
15.33951	0.922865	0.007708
15.42418	0.934882	0.00819
15.50886	0.936815	0.010449
15.59354	0.949952	0.037402
15.67821	1.035775	0.019556
15.76289	1.177742	0.014746
15.84757	1.032382	0.012375
15.93224	1.005909	0.008307
16.01692	1.024667	0.014664
16.101601	1.016107	0.01424
16.186279	1.037365	0.024255
16.27095	1.045829	0.009637
16.355631	1.048379	0.007327
16.44031	1.051798	0.063397
16.524981	1.076162	0.062232
16.609659	1.105201	0.058251
16.69434	1.120289	0.009651
16.779011	1.123789	0.007122
16.863689	1.129406	0.010492
16.94837	1.13513		0.008271
17.033039	1.135205	0.015321
17.11772	1.145939	0.039233
17.2024		1.211871	0.026268
17.287069	1.221199	0.024717
17.37175	1.198272	0.043397
17.45643	1.181811	0.012296
17.541109	1.193734	0.008558
17.62578	1.202814	0.01014
17.710461	1.20608		0.011014
17.795139	1.203544	0.010824
17.87981	1.210972	0.0132
17.964491	1.218238	0.025878
18.04917	1.21759		0.026036
18.133841	1.226589	0.044795
18.218519	1.213522	0.025969
18.3032		1.210246	0.025832
18.387871	1.228402	0.031449
18.472549	1.222073	0.020759
18.55723	1.227427	0.014541
18.641899	1.247899	0.009986
18.72658	1.235124	0.020676
18.81126	1.246221	0.016631
18.895941	1.337328	0.034555
18.98061	1.352974	0.052633
19.06529	1.266539	0.094707
19.149969	1.265809	0.056851
19.23464	1.265771	0.021754
19.319321	1.268578	0.017212
19.403999	1.263185	0.023263
19.48867	1.248371	0.017229
19.573351	1.271027	0.013827
19.65803	1.292569	0.015273
19.742701	1.285128	0.019661
19.827379	1.272563	0.018536
19.91206	1.32843		0.066457
20.081409	1.351988	0.094053
20.250771	1.271595	0.021351
20.42012	1.276139	0.017067
20.58947	1.301914	0.025076
20.758829	1.286485	0.019646
20.928181	1.296441	0.014193
21.09753	1.320541	0.022468
21.26689	1.330027	0.019277
21.436239	1.330123	0.012556
21.6056		1.336569	0.034945
21.77495	1.343163	0.027627
21.9443		1.35672		0.016943
22.113661	1.37081		0.013692
22.28301	1.373675	0.025186
22.45236	1.379581	0.011907
22.621719	1.398727	0.029441
22.791071	1.405542	0.013
22.96043	1.424961	0.010528
23.12978	1.42515		0.013691
23.299129	1.411964	0.01277
23.468491	1.408083	0.01248
23.63784	1.436599	0.014716
23.80719	1.437606	0.007875
23.976549	1.437981	0.014385
24.145901	1.451584	0.014939
24.31526	1.460381	0.011709
24.48461	1.457467	0.034783
24.653959	1.497154	0.011216
24.82332	1.443915	0.022275
24.99267	1.471131	0.016618
25.16202	1.483849	0.016778
25.331381	1.469015	0.02282
25.500731	1.465094	0.008799
25.67009	1.47033		0.015098
25.839439	1.473784	0.012272
26.008789	1.578284	0.025057
26.17815	1.762523	0.041433
26.3475		1.619648	0.012031
26.51685	1.52814		0.008135
26.686211	1.539996	0.010574
26.85556	1.544101	0.01832
27.02492	1.535767	0.022296
27.194269	1.532835	0.019219
27.363621	1.567562	0.030231
27.53298	1.609487	0.035151
27.70233	1.603595	0.018934
27.871679	1.610105	0.013882
28.04104	1.631038	0.030779
28.21039	1.644593	0.015715
28.379749	1.637206	0.023399
28.549101	1.662005	0.010895
28.718451	1.665579	0.02226
28.88781	1.674056	0.014253
29.057159	1.667526	0.010029
29.226509	1.679439	0.036126
29.39587	1.685208	0.06868
29.56522	1.691898	0.011665
29.734579	1.710372	0.017385
29.903931	1.730404	0.013991
30.07328	1.726174	0.018872
30.24264	1.734782	0.022591
30.411989	1.739372	0.011573
30.581341	1.746841	0.059323
30.7507		1.784333	0.014434
30.92005	1.799347	0.063222
31.089411	1.805006	0.019581
31.25876	1.817564	0.089832
31.42811	1.846861	0.015128
31.597469	1.87729		0.019344
31.766821	1.879083	0.071474
31.936171	1.877686	0.02916
32.10553	1.89699		0.019134
32.274879	1.918045	0.024587
32.444241	1.949806	0.018161
32.61359	1.983977	0.029527
32.78294	2.001548	0.035472
32.952301	2.033791	0.026225
33.121651	2.064776	0.028912
33.291		2.139296	0.050513
33.460361	2.138513	0.163116
33.629711	2.177352	0.044535
33.799068	2.300171	0.032258
33.968418	2.290422	0.060355
34.137772	2.204541	0.039292
34.307129	2.243542	0.028744
34.476479	2.246375	0.11081
34.645828	2.236876	0.051686
34.815189	2.196092	0.028889
34.984539	2.315474	0.060303
35.1539		2.548986	0.08371
35.32325	2.401407	0.043309
35.492599	2.286978	0.037833
35.661961	2.30522		0.045268
35.83131	2.180982	0.076126
36.00066	2.209073	0.062766
36.170021	2.244539	0.267734
36.339371	2.25762		0.056211
36.508732	2.112249	0.053467
36.678082	2.214991	0.058428
36.847431	2.25463		0.082631
37.016788	2.262658	0.046446
37.186138	2.409025	0.102119
37.355492	2.232453	0.131654