5.24749		0.151515	0.006229
5.27773		0.156362	0.00695
5.30797		0.156394	0.006605
5.33821		0.153749	0.004194
5.36846		0.154655	0.003578
5.3987		0.155784	0.0033
5.42894		0.15817		0.00402
5.45918		0.16094		0.003211
5.48942		0.1566		0.005648
5.51967		0.157511	0.004242
5.54991		0.155427	0.005705
5.58015		0.156726	0.003601
5.61039		0.160462	0.004052
5.64063		0.164335	0.003821
5.67088		0.162841	0.006333
5.70112		0.161846	0.005358
5.73136		0.164864	0.005511
5.7616		0.163388	0.003417
5.79184		0.168047	0.004292
5.82209		0.17143		0.007456
5.85233		0.170192	0.008412
5.88257		0.171565	0.004397
5.91281		0.175423	0.005103
5.94305		0.177755	0.005084
5.9733		0.178497	0.00422
6.00354		0.179155	0.003979
6.03378		0.17665		0.004579
6.06402		0.179263	0.00343
6.09426		0.179121	0.003109
6.12451		0.179846	0.009987
6.15475		0.180457	0.00495
6.18499		0.180679	0.003316
6.21523		0.183496	0.003224
6.24547		0.18343		0.005045
6.27572		0.181399	0.00499
6.30596		0.181753	0.004013
6.3362		0.181989	0.007179
6.36644		0.187718	0.006024
6.39668		0.189601	0.007011
6.42693		0.19166		0.005449
6.45717		0.190279	0.006431
6.48741		0.191687	0.006664
6.51765		0.190316	0.011674
6.54789		0.194298	0.009737
6.57814		0.199701	0.006744
6.60838		0.201181	0.00664
6.63862		0.200585	0.007559
6.66886		0.202806	0.00567
6.6991		0.200659	0.00546
6.72935		0.19556		0.004963
6.75959		0.194646	0.00496
6.78983		0.197619	0.007699
6.82007		0.198212	0.004319
6.85031		0.202399	0.004853
6.88056		0.201794	0.005275
6.9108		0.203621	0.005487
6.94104		0.201132	0.00638
6.97128		0.203579	0.008029
7.00152		0.204861	0.006605
7.03177		0.209909	0.009696
7.06201		0.206893	0.008866
7.09225		0.207259	0.008729
7.12249		0.206752	0.006915
7.15273		0.206116	0.008892
7.18298		0.207547	0.009387
7.21322		0.211072	0.006528
7.24346		0.213349	0.005935
7.2737		0.215352	0.006365
7.30394		0.217988	0.00754
7.33419		0.216941	0.00614
7.36443		0.21719		0.006699
7.39467		0.222838	0.006936
7.42491		0.218975	0.005418
7.45515		0.214856	0.006914
7.4854		0.217645	0.006982
7.45515		0.22441		0.005177
7.51564		0.222843	0.005405
7.57612		0.22113		0.007077
7.6366		0.228258	0.006939
7.69709		0.232331	0.00449
7.75757		0.236178	0.00417
7.81805		0.236617	0.00588
7.87854		0.241815	0.003716
7.93902		0.250624	0.005607
7.99951		0.259232	0.006943
8.05999		0.266305	0.003916
8.12047		0.26355		0.006045
8.18096		0.262585	0.008097
8.24144		0.264426	0.009394
8.30192		0.265016	0.005866
8.36241		0.267054	0.005661
8.42289		0.265154	0.003763
8.48337		0.265842	0.004059
8.54386		0.268989	0.003561
8.60434		0.271597	0.004622
8.66483		0.278369	0.004295
8.72531		0.283432	0.004874
8.78579		0.288178	0.005652
8.84628		0.292546	0.015829
8.90676		0.296718	0.013435
8.96724		0.302842	0.006249
9.02773		0.313912	0.005386
9.08821		0.320803	0.012009
9.14869		0.330596	0.005413
9.20918		0.332677	0.005942
9.26966		0.338179	0.004136
9.33015		0.343067	0.004317
9.39063		0.353739	0.0052
9.45111		0.361716	0.004921
9.5116		0.371789	0.004412
9.57208		0.376169	0.004543
9.63256		0.380126	0.006755
9.69305		0.385962	0.003602
9.75353		0.390826	0.003858
9.81401		0.397692	0.004871
9.8745		0.402544	0.004902
9.93498		0.408624	0.004586
9.99547		0.416357	0.004673
10.05595	0.421914	0.003736
10.11643	0.42263		0.003884
10.17692	0.424952	0.011337
10.2374		0.431076	0.011734
10.29788	0.433291	0.005136
10.35837	0.434626	0.005189
10.41885	0.438349	0.01205
10.47933	0.441272	0.006522
10.53982	0.44336		0.004522
10.6003		0.446699	0.005627
10.66079	0.449349	0.004334
10.72127	0.449838	0.004263
10.78175	0.452872	0.005598
10.84224	0.456204	0.006182
10.90272	0.457499	0.005156
10.9632		0.458262	0.00559
11.02369	0.459997	0.005277
11.08417	0.46805		0.00497
11.14465	0.4708		0.010305
11.20514	0.462345	0.008267
11.26562	0.46177		0.005233
11.32611	0.464711	0.005987
11.38659	0.462813	0.005209
11.44707	0.463049	0.007104
11.50756	0.463655	0.005855
11.56804	0.466374	0.006892
11.62852	0.46972		0.006394
11.68901	0.471713	0.005234
11.74949	0.47451		0.004771
11.80997	0.476186	0.006443
11.87046	0.476699	0.007178
11.93094	0.493712	0.008324
11.99143	0.49325		0.008133
12.05191	0.488972	0.007245
12.11239	0.47966		0.006654
12.17288	0.476879	0.006781
12.23336	0.47716		0.007043
12.29384	0.476369	0.007471
12.35433	0.474967	0.006789
12.41481	0.476549	0.008768
12.47529	0.47664		0.008257
12.53578	0.476624	0.008561
12.59626	0.476888	0.011165
12.65675	0.478288	0.006655
12.71723	0.478537	0.006887
12.77771	0.477381	0.006454
12.8382		0.477797	0.012303
12.89868	0.478341	0.012367
12.95916	0.476834	0.006595
13.01965	0.482155	0.005782
13.08013	0.475961	0.007475
13.14061	0.479868	0.008277
13.2011		0.48076		0.005464
13.26158	0.483635	0.007543
13.32206	0.481273	0.005701
13.38255	0.484188	0.019342
13.44303	0.484983	0.024121
13.50352	0.489092	0.007793
13.564		0.502598	0.006242
13.62448	0.502366	0.00766
13.68497	0.486002	0.008184
13.74545	0.486695	0.008552
13.80593	0.491953	0.008875
13.86642	0.494124	0.012096
13.9269		0.496545	0.008719
13.98738	0.497796	0.011203
14.06935	0.548472	0.008376
14.15403	0.536127	0.009642
14.23871	0.544387	0.011023
14.32338	0.549156	0.008328
14.40806	0.552073	0.008597
14.49274	0.552196	0.013144
14.57741	0.554473	0.01356
14.66209	0.559229	0.02567
14.74677	0.561813	0.030581
14.83145	0.567085	0.013804
14.91612	0.570182	0.012157
15.0008		0.580513	0.012217
15.08548	0.593886	0.029454
15.17015	0.598168	0.014713
15.25483	0.58862		0.012896
15.33951	0.589754	0.012782
15.42418	0.592869	0.01081
15.50886	0.59726		0.011311
15.59354	0.603641	0.013583
15.67821	0.601993	0.011306
15.76289	0.602558	0.009758
15.84757	0.604447	0.013219
15.93224	0.60486		0.011805
16.01692	0.615031	0.012101
16.101601	0.622494	0.013586
16.186279	0.629835	0.012169
16.27095	0.641837	0.037337
16.355631	0.648536	0.01377
16.44031	0.690321	0.035925
16.524981	0.686557	0.009614
16.609659	0.664324	0.013878
16.69434	0.660718	0.013518
16.779011	0.67031		0.013562
16.863689	0.679416	0.011529
16.94837	0.684174	0.011689
17.033039	0.691376	0.011346
17.11772	0.684409	0.010494
17.2024		0.683087	0.009995
17.287069	0.6972		0.009708
17.37175	0.721406	0.011106
17.45643	0.72598		0.01027
17.541109	0.734699	0.007697
17.62578	0.729314	0.012002
17.710461	0.734365	0.011032
17.795139	0.727291	0.010855
17.87981	0.739944	0.014032
17.964491	0.744694	0.0119
18.04917	0.749131	0.010371
18.133841	0.757723	0.014051
18.218519	0.761461	0.018728
18.3032		0.762154	0.011598
18.387871	0.782799	0.008551
18.472549	0.777041	0.015314
18.55723	0.780418	0.008186
18.641899	0.778998	0.007752
18.72658	0.783472	0.012071
18.81126	0.801142	0.009167
18.895941	0.818599	0.008116
18.98061	0.803885	0.025193
19.06529	0.801696	0.032909
19.149969	0.803939	0.020999
19.23464	0.810992	0.011925
19.319321	0.805619	0.012348
19.403999	0.80041		0.011894
19.48867	0.803477	0.015624
19.573351	0.818959	0.017286
19.65803	0.80977		0.013621
19.742701	0.812494	0.013628
19.827379	0.829481	0.049058
19.91206	0.833851	0.044423
19.996731	0.83708		0.035287
20.081409	0.840343	0.019013
20.16609	0.843142	0.015619
20.250771	0.841076	0.016394
20.33544	0.838224	0.015651
20.42012	0.840977	0.018278
20.504801	0.8395		0.031648
20.58947	0.834631	0.022264
20.758829	0.833002	0.034129
20.928181	0.87136		0.015504
21.09753	0.840938	0.010751
21.26689	0.85207		0.020626
21.436239	0.88553		0.011308
21.6056		0.865781	0.013508
21.77495	0.869923	0.012409
21.9443		0.909581	0.010112
22.113661	0.899243	0.042491
22.28301	0.91447		0.045428
22.45236	0.913937	0.017923
22.621719	0.923857	0.012367
22.791071	0.923456	0.010574
22.96043	0.92057		0.008991
23.12978	0.926566	0.023793
23.299129	0.92708		0.04749
23.468491	0.92514		0.012131
23.63784	0.945426	0.00782
23.80719	0.956496	0.011376
23.976549	0.952159	0.018348
24.145901	0.950441	0.0069
24.31526	0.958177	0.006834
24.48461	0.956894	0.007516
24.653959	0.969781	0.006524
24.82332	0.981936	0.024041
24.99267	0.984102	0.022966
25.16202	0.986757	0.009892
25.331381	0.992325	0.007492
25.500731	0.997119	0.019748
25.67009	1.016108	0.018303
25.839439	1.020042	0.00892
26.008789	1.026935	0.010501
26.17815	1.037437	0.00812
26.3475		1.036316	0.007752
26.51685	1.023996	0.011173
26.686211	1.041187	0.016086
26.85556	1.057376	0.008043
27.02492	1.063077	0.014563
27.194269	1.075835	0.011161
27.363621	1.101694	0.015604
27.53298	1.086585	0.025332
27.70233	1.076763	0.015238
27.871679	1.085227	0.008961
28.04104	1.091929	0.011941
28.21039	1.109669	0.012115
28.379749	1.103098	0.014889
28.549101	1.112951	0.013238
28.718451	1.10929		0.013829
28.88781	1.110511	0.013341
29.057159	1.119002	0.016936
29.226509	1.126361	0.014485
29.39587	1.136346	0.017187
29.56522	1.142436	0.020631
29.734579	1.143164	0.012386
29.903931	1.158978	0.012575
30.07328	1.18243		0.010865
30.24264	1.170212	0.012841
30.411989	1.15943		0.012675
30.581341	1.15362		0.012052
30.7507		1.180818	0.015053
30.92005	1.176764	0.020307
31.089411	1.192411	0.014435
31.25876	1.199182	0.024052
31.42811	1.21473		0.016536
31.597469	1.205732	0.048853
31.766821	1.210188	0.016785
31.936171	1.217722	0.022051
32.10553	1.220585	0.016484
32.274879	1.227136	0.016729
32.444241	1.254534	0.021155
32.61359	1.25108		0.020924
32.78294	1.258624	0.016812
32.952301	1.265554	0.031581
33.121651	1.267076	0.040608
33.291		1.269283	0.025892
33.460361	1.266546	0.0271
33.629711	1.276207	0.122655
33.799068	1.305644	0.166938
33.968418	1.344154	0.02442
34.137772	1.306105	0.043981
34.307129	1.332113	0.036176
34.476479	1.332106	0.037856
34.645828	1.328456	0.026106
34.815189	1.332435	0.025942
34.984539	1.343429	0.039858
35.1539		1.343915	0.04963
35.32325	1.324962	0.050395
35.492599	1.422252	0.046566
35.661961	1.418962	0.030465
35.83131	1.309342	0.036459
36.00066	1.3492		0.046688
36.170021	1.358407	0.060598
36.339371	1.359903	0.039201
36.508732	1.370791	0.101363
36.678082	1.32854		0.075356
36.847431	1.392805	0.044305
37.016788	1.423627	0.090181
37.186138	1.390277	0.060424
37.355492	1.394797	0.063488
