5.24749		0.351356	0.005594
5.27773		0.341894	0.007829
5.30797		0.332795	0.006192
5.33821		0.34119		0.003843
5.36846		0.349145	0.004811
5.3987		0.347996	0.00711
5.42894		0.34873		0.01367
5.45918		0.347564	0.004359
5.48942		0.34711		0.00392
5.51967		0.349668	0.003303
5.54991		0.353919	0.003785
5.58015		0.3547		0.002925
5.61039		0.350385	0.002999
5.64063		0.347059	0.004876
5.67088		0.347101	0.002589
5.70112		0.354981	0.002914
5.73136		0.360657	0.003207
5.7616		0.359125	0.003611
5.79184		0.360679	0.004322
5.82209		0.362411	0.005535
5.85233		0.363429	0.007958
5.88257		0.365077	0.003596
5.91281		0.367453	0.003572
5.94305		0.370661	0.00475
5.9733		0.369209	0.003443
6.00354		0.369965	0.004228
6.03378		0.373783	0.003248
6.06402		0.372791	0.004072
6.09426		0.373408	0.003107
6.12451		0.376146	0.003645
6.15475		0.378162	0.003898
6.18499		0.373994	0.003279
6.21523		0.377892	0.009804
6.24547		0.378208	0.00583
6.27572		0.382754	0.008781
6.30596		0.39227		0.005202
6.3362		0.39248		0.003955
6.36644		0.389402	0.004663
6.39668		0.385767	0.00592
6.42693		0.382742	0.005976
6.45717		0.381044	0.004846
6.48741		0.384065	0.006358
6.51765		0.38724		0.005656
6.54789		0.388117	0.00677
6.57814		0.387624	0.006774
6.60838		0.383589	0.004898
6.63862		0.38232		0.004836
6.66886		0.382595	0.004782
6.6991		0.388113	0.00486
6.72935		0.388728	0.004845
6.75959		0.393321	0.004005
6.78983		0.393852	0.004704
6.82007		0.394464	0.004796
6.85031		0.39387		0.010719
6.88056		0.394117	0.006614
6.9108		0.396374	0.009349
6.94104		0.395358	0.022355
6.97128		0.398658	0.008731
7.00152		0.397629	0.009625
7.03177		0.395706	0.00823
7.06201		0.391907	0.00915
7.09225		0.391431	0.009983
7.12249		0.403158	0.005387
7.15273		0.40062		0.009209
7.18298		0.404308	0.013291
7.21322		0.40598		0.013854
7.24346		0.409735	0.015794
7.2737		0.40657		0.016327
7.30394		0.405914	0.00667
7.33419		0.406402	0.008411
7.36443		0.407764	0.006689
7.39467		0.406191	0.006345
7.42491		0.410432	0.009711
7.45515		0.416854	0.008186
7.4854		0.419315	0.007456
7.45515		0.397899	0.017863
7.51564		0.407233	0.018445
7.57612		0.412056	0.010439
7.6366		0.412838	0.011658
7.69709		0.417601	0.011309
7.75757		0.435635	0.01299
7.81805		0.454093	0.015249
7.87854		0.44508		0.016617
7.93902		0.435905	0.028134
7.99951		0.435046	0.012148
8.05999		0.435378	0.013551
8.12047		0.43899		0.013191
8.18096		0.439548	0.012618
8.24144		0.434107	0.023561
8.30192		0.435871	0.012524
8.36241		0.440555	0.040604
8.42289		0.442832	0.030709
8.48337		0.4427		0.029476
8.54386		0.442951	0.015023
8.60434		0.440823	0.036
8.66483		0.444021	0.036963
8.72531		0.448845	0.046041
8.78579		0.44988		0.015716
8.84628		0.455077	0.015734
8.90676		0.456917	0.015988
8.96724		0.457265	0.015425
9.02773		0.458642	0.040814
9.08821		0.460449	0.016296
9.14869		0.468416	0.050648
9.20918		0.47468		0.029877
9.26966		0.475522	0.03561
9.33015		0.479597	0.054678
9.39063		0.485575	0.019785
9.45111		0.491558	0.019301
9.5116		0.49613		0.019066
9.57208		0.501327	0.019854
9.63256		0.509124	0.021828
9.69305		0.521837	0.020691
9.75353		0.526176	0.070061
9.81401		0.534753	0.021505
9.8745		0.542391	0.019941
9.93498		0.546061	0.02289
9.99547		0.547455	0.046893
10.05595	0.552256	0.023372
10.11643	0.566014	0.024648
10.17692	0.567295	0.034472
10.2374		0.57252		0.024225
10.29788	0.578446	0.066378
10.35837	0.580035	0.061183
10.41885	0.582059	0.023392
10.47933	0.584666	0.060054
10.53982	0.589992	0.024074
10.6003		0.595353	0.071922
10.66079	0.608501	0.066002
10.72127	0.624058	0.071138
10.78175	0.622549	0.044532
10.84224	0.615754	0.048263
10.90272	0.616957	0.025865
10.9632		0.620187	0.048308
11.02369	0.617447	0.025724
11.08417	0.620585	0.025835
11.14465	0.621941	0.069427
11.20514	0.622023	0.063886
11.26562	0.629984	0.025504
11.32611	0.633886	0.026225
11.38659	0.645804	0.07052
11.44707	0.665049	0.067751
11.50756	0.669666	0.046593
11.56804	0.656913	0.025039
11.62852	0.648268	0.039219
11.68901	0.644701	0.043807
11.74949	0.635603	0.02549
11.80997	0.627855	0.024813
11.87046	0.623789	0.046241
11.93094	0.62992		0.023791
11.99143	0.635811	0.052287
12.05191	0.633954	0.066151
12.11239	0.636878	0.024643
12.17288	0.637088	0.024862
12.23336	0.637754	0.038694
12.29384	0.63082		0.058822
12.35433	0.634634	0.040748
12.41481	0.632233	0.046687
12.47529	0.632938	0.046833
12.53578	0.633951	0.045037
12.59626	0.635108	0.044923
12.65675	0.635968	0.047255
12.71723	0.633629	0.024943
12.77771	0.636087	0.023571
12.8382		0.640719	0.039313
12.89868	0.642723	0.024886
12.95916	0.643976	0.024942
13.01965	0.659602	0.025342
13.08013	0.667893	0.067407
13.14061	0.648906	0.0323
13.2011		0.631958	0.022413
13.26158	0.631439	0.023557
13.32206	0.633611	0.042996
13.38255	0.631922	0.042943
13.44303	0.628622	0.057612
13.50352	0.6275		0.053645
13.564		0.632103	0.04992
13.62448	0.636749	0.025796
13.68497	0.638172	0.059327
13.74545	0.644679	0.026913
13.80593	0.646981	0.026773
13.86642	0.648583	0.02643
13.9269		0.647097	0.025566
13.98738	0.652219	0.025943

