     5.247490     0.893115    0.025772       
     5.277730     0.909068    0.020021       
     5.307970     0.931135    0.020881       
     5.338210     0.936209    0.016406       
     5.368460     0.919069    0.012707       
     5.398700     0.905903    0.009402       
     5.428940     0.920274    0.009215       
     5.459180     0.930486    0.012164       
     5.489420     0.925524    0.014624       
     5.519670     0.941722    0.009330       
     5.549910     0.922199    0.009977       
     5.580150     0.931133    0.016887       
     5.610390     0.949535    0.011738       
     5.640630     0.956595    0.008887       
     5.670880     0.945654    0.018152       
     5.701120     0.943047    0.013187       
     5.731360     0.951031    0.013275       
     5.761600     0.955325    0.015957       
     5.791840     0.954352    0.017319       
     5.822090     0.959528    0.015764       
     5.852330     0.968245    0.012543       
     5.882570     0.973626    0.012851       
     5.912810     0.978934    0.014438       
     5.943050     0.978718    0.013581       
     5.973300     0.986867    0.013286       
     6.003540     0.995437    0.016456       
     6.033780     0.997489    0.014519       
     6.064020     1.001834    0.030823       
     6.094260     1.006887    0.013732       
     6.124510     1.010812    0.029945       
     6.154750     1.014538    0.028610       
     6.184990     1.026235    0.022185       
     6.215230     1.029717    0.011628       
     6.245470     1.022261    0.013357       
     6.275720     1.020678    0.013142       
     6.305960     1.031831    0.011807       
     6.336200     1.022523    0.012119       
     6.366440     1.031414    0.023042       
     6.396680     1.034171    0.028347       
     6.426930     1.036625    0.010291       
     6.457170     1.037752    0.029225       
     6.487410     1.037296    0.010812       
     6.517650     1.032369    0.011299       
     6.547890     1.039045    0.013235       
     6.578140     1.042943    0.013792       
     6.608380     1.052921    0.010298       
     6.638620     1.059600    0.015967       
     6.668860     1.064337    0.021055       
     6.699100     1.068965    0.016018       
     6.729350     1.066324    0.010939       
     6.759590     1.074229    0.012682       
     6.789830     1.069203    0.013896       
     6.820070     1.066887    0.014121       
     6.850310     1.064601    0.015075       
     6.880560     1.076958    0.015845       
     6.910800     1.104101    0.012660       
     6.941040     1.105185    0.017308       
     6.971280     1.176543    0.018642       
     7.001520     1.271307    0.025826       
     7.031770     1.146331    0.014666       
     7.062010     1.088788    0.017237       
     7.092250     1.100975    0.011883       
     7.122490     1.113021    0.013798       
     7.152730     1.115570    0.014736       
     7.182980     1.116256    0.011350       
     7.213220     1.124287    0.016236       
     7.243460     1.144150    0.016139       
     7.273700     1.137827    0.014040       
     7.303940     1.160000    0.022334       
     7.334190     1.175838    0.015073       
     7.364430     1.178614    0.025300       
     7.394670     1.182218    0.015690       
     7.424910     1.186487    0.017529       
     7.455150     1.199663    0.015606       
     7.485400     1.205671    0.022364       
     7.455150     1.150331    0.023399       
     7.515640     1.159173    0.016855            
     7.576120     1.201175    0.027847       
     7.636600     1.258449    0.022196       
     7.697090     1.262437    0.022020       
     7.757570     1.226396    0.013348       
     7.818050     1.227940    0.016739       
     7.878540     1.232742    0.020924       
     7.939020     1.225180    0.012660       
     7.999510     1.218569    0.009253       
     8.059990     1.205249    0.012989       
     8.120470     1.178095    0.011902       
     8.180960     1.164925    0.010960       
     8.241440     1.148396    0.015302       
     8.301920     1.144828    0.029575       
     8.362410     1.141472    0.033521       
     8.422890     1.100744    0.011852       
     8.483370     1.084974    0.010597            
     8.543860     1.069859    0.014245       
     8.604340     1.055300    0.012413       
     8.664830     1.036358    0.012529       
     8.725310     1.000894    0.010964       
     8.785790     0.961732    0.006656       
     8.846280     0.921721    0.007691       
     8.906760     0.880746    0.008383       
     8.967240     0.866804    0.034860       
     9.027730     0.840097    0.007367       
     9.088210     0.774149    0.008284       
     9.148690     0.736317    0.008083       
     9.209180     0.698389    0.008722       
     9.269660     0.666755    0.009509       
     9.330150     0.645559    0.006523       
     9.390630     0.621520    0.007710       
     9.451110     0.609308    0.005211       
     9.511600     0.604923    0.005979       
     9.572080     0.593694    0.005955       
     9.632560     0.605623    0.006996       
     9.693050     0.610646    0.007126       
     9.753530     0.585812    0.008370       
     9.814010     0.587220    0.006591       
     9.874500     0.599736    0.005184       
     9.934980     0.613949    0.006000       
     9.995470     0.627012    0.029840       
    10.055950     0.661833    0.008511       
    10.116430     0.706131    0.054699       
    10.176920     0.729867    0.021772       
    10.237400     0.757368    0.008485       
    10.297880     0.793346    0.008357       
    10.358370     0.827943    0.007847       
    10.418850     0.859056    0.006913       
    10.479330     0.922428    0.007558       
    10.539820     0.976721    0.015360       
    10.600300     0.983134    0.010261       
    10.660790     1.004271    0.010072       
    10.721270     1.033469    0.025696       
    10.781750     1.060804    0.010823       
    10.842240     1.087767    0.012530       
    10.902720     1.118618    0.012259       
    10.963200     1.150157    0.010928       
    11.023690     1.190890    0.009233       
    11.084170     1.242294    0.011818       
    11.144650     1.320033    0.011120       
    11.205140     1.472169    0.047013       
    11.265620     1.596184    0.036276       
    11.326110     1.627604    0.012056       
    11.386590     1.619554    0.014986       
    11.447070     1.631897    0.023395       
    11.507560     1.659019    0.043251       
    11.568040     1.685701    0.027035       
    11.628520     1.703238    0.024233       
    11.689010     1.732295    0.044800       
    11.749490     1.766608    0.017165       
    11.809970     1.781831    0.015928       
    11.870460     1.802183    0.019645       
    11.930940     1.870001    0.017236       
    11.991430     1.928508    0.056301       
    12.051910     1.964873    0.056291       
    12.112390     1.991536    0.013701       
    12.172880     2.008970    0.015633       
    12.233360     2.045600    0.020695       
    12.293840     2.094701    0.018253       
    12.354330     2.111346    0.015136       
    12.414810     2.111192    0.021406       
    12.475290     2.119596    0.024455       
    12.535780     2.134041    0.022797       
    12.596260     2.170570    0.015822       
    12.656750     2.189553    0.015944       
    12.717230     2.211831    0.037628       
    12.777710     2.633706    0.017512           
    12.838200     3.102410    0.049357       
    12.898680     2.630221    0.021985           
    12.959160     2.156830    0.048956       
    13.019650     2.122877    0.021349       
    13.080130     2.116677    0.029523       
    13.140610     2.115461    0.016783       
    13.201100     2.117488    0.016998       
    13.261580     2.120316    0.023969       
    13.322060     2.128635    0.037964       
    13.382550     2.122245    0.025373       
    13.443030     2.121678    0.024299       
    13.503520     2.127440    0.026198       
    13.564000     2.147539    0.025853       
    13.624480     2.160658    0.027328       
    13.684970     2.169694    0.073729       
    13.745450     2.175783    0.087224       
    13.805930     2.191525    0.031649       
    13.866420     2.211162    0.020206       
    13.926900     2.225382    0.030677       
    13.987380     2.227884    0.072401       
    14.069350     2.075178    0.020718       
    14.154030     2.135876    0.035142       
    14.238710     2.183784    0.039227
    14.323380     2.300556    0.021194      
    14.408060     2.288786    0.032641      
    14.492740     2.202089    0.013180       
    14.577410     2.198250    0.014937       
    14.662090     2.217454    0.027783       
    14.746770     2.260494    0.030706       
    14.831450     2.258718    0.014160       
    14.916120     2.234946    0.022409       
    15.000800     2.270553    0.017113       
    15.085480     2.286904    0.024324       
    15.170150     2.295737    0.021458       
    15.254830     2.298778    0.011145       
    15.339510     2.302211    0.013488       
    15.424180     2.301955    0.022466       
    15.508860     2.766027    0.014430       
    15.593540     3.260529    0.035135       
    15.678210     2.727496    0.013944       
    15.762890     2.370947    0.011254       
    15.847570     2.415033    0.012529       
    15.932240     2.415053    0.013945       
    16.016920     2.411990    0.012277       
    16.101601     2.395479    0.018717       
    16.186279     2.404573    0.017383       
    16.270950     2.435787    0.040815       
    16.355631     2.539891    0.021480       
    16.440310     2.735746    0.031441       
    16.524981     2.701963    0.016542       
    16.609659     2.683770    0.012398       
    16.694340     2.648457    0.024997       
    16.779011     2.658258    0.028981       
    16.863689     2.687917    0.015302       
    16.948370     2.777621    0.041212       
    17.033039     3.021930    0.037632       
    17.117720     3.035692    0.031019       
    17.202400     2.779253    0.037246       
    17.287069     2.757767    0.032454       
    17.371750     2.792131    0.015046       
    17.456430     2.766365    0.026282       
    17.541109     2.712194    0.019087       
    17.625780     2.689385    0.017436       
    17.710461     2.748030    0.019712       
    17.795139     2.739944    0.022926       
    17.879810     2.702826    0.069520       
    17.964491     2.697300    0.027969       
    18.049170     2.663179    0.020091       
    18.133841     2.640168    0.017371       
    18.218519     2.662998    0.028900       
    18.303200     2.673551    0.047050       
    18.387871     2.664929    0.022684       
    18.472549     2.671962    0.021250       
    18.557230     2.689681    0.017337       
    18.641899     2.796067    0.033825       
    18.726580     3.149492    0.066444       
    18.811260     3.020629    0.022325       
    18.895941     2.812325    0.032095       
    18.980610     2.793608    0.030764       
    19.065290     2.812764    0.025679       
    19.149969     2.860024    0.022571       
    19.234640     2.834135    0.033128       
    19.319321     2.861227    0.021193       
    19.403999     2.831274    0.029873       
    19.488670     2.891855    0.032629       
    19.573351     2.943914    0.027531       
    19.658030     2.954124    0.043221       
    19.742701     2.951166    0.032044       
    19.827379     2.996856    0.032354       
    19.912060     3.042247    0.149912       
    19.996731     3.077135    0.090263       
    20.081409     3.095016    0.025039       
    20.166090     3.121334    0.023540       
    20.250771     3.154677    0.034508       
    20.335440     3.144264    0.032911       
    20.420120     3.166864    0.026233       
    20.504801     3.136269    0.024283       
    20.589470     3.117511    0.014333       
    20.758829     3.165252    0.016914       
    20.928181     3.229985    0.039379       
    21.097530     3.283991    0.027108       
    21.266890     3.339035    0.067786       
    21.436239     3.321922    0.028166        
    21.605600     3.340969    0.043991       
    21.774950     3.403525    0.042721       
    21.944300     3.496332    0.053434       
    22.113661     3.552986    0.194589       
    22.283010     3.597437    0.173161       
    22.452360     3.621248    0.043767       
    22.621719     3.660981    0.173898       
    22.791071     3.716099    0.039131       
    22.960430     3.771897    0.030508       
    23.129780     3.806172    0.016127       
    23.299129     3.823205    0.069319       
    23.468491     3.845249    0.054953       
    23.637840     3.915095    0.025684       
    23.807190     3.958463    0.029976       
    23.976549     3.994538    0.053585       
    24.145901     3.989910    0.045128       
    24.315260     4.065208    0.026244       
    24.484610     4.034836    0.021177       
    24.653959     4.065149    0.032729       
    24.823320     4.121013    0.043221       
    24.992670     4.103629    0.082472       
    25.162020     4.135672    0.079847       
    25.331381     4.212791    0.047880       
    25.500731     4.225599    0.136512       
    25.670090     4.261395    0.051637       
    25.839439     4.755099    0.030501       
    26.008789     5.021424    0.110651       
    26.178150     4.610153    0.099300       
    26.347500     4.518267    0.024713       
    26.516850     4.485232    0.044606       
    26.686211     4.486236    0.074865       
    26.855560     4.517595    0.051728       
    27.024920     4.531763    0.032106       
    27.194269     4.632828    0.024406       
    27.363621     4.665761    0.034221       
    27.532980     4.778927    0.207464       
    27.702330     4.822433    0.154972       
    27.871679     4.875468    0.019188       
    28.041040     4.840533    0.048743       
    28.210390     4.945630    0.025802       
    28.379749     4.927497    0.093565       
    28.549101     4.920574    0.019645       
    28.718451     4.961389    0.047146       
    28.887810     5.001800    0.042388       
    29.057159     5.053613    0.034306       
    29.226509     5.034578    0.040373       
    29.395870     5.099293    0.067571       
    29.565220     5.162062    0.076368       
    29.734579     5.192957    0.035339       
    29.903931     5.295970    0.077313       
    30.073280     5.346970    0.050190       
    30.242640     5.371230    0.078327       
    30.411989     5.427003    0.025292       
    30.581341     5.418348    0.084908       
    30.750700     5.570261    0.049923       
    30.920050     5.616992    0.072296       
    31.089411     5.633776    0.068149       
    31.258760     5.677871    0.117384       
    31.428110     5.710283    0.068139       
    31.597469     5.845248    0.029936       
    31.766821     5.858860    0.259382       
    31.936171     5.883666    0.036949       
    32.105530     5.942234    0.036755       
    32.274879     6.034418    0.072497       
    32.444241     6.243102    0.035618       
    32.613590     6.465670    0.080501       
    32.782940     6.622601    0.045743       
    32.952301     6.803120    0.060285       
    33.121651     6.768343    0.073279       
    33.291000     7.069290    0.138438       
    33.460361     7.996135    0.089885       
    33.629711     7.261532    0.060211       
    33.799068     7.068246    0.400277       
    33.968418     7.077058    0.270485       
    34.137772     6.945797    0.051621       
    34.307129     7.198231    0.077046       
    34.476479     7.280559    0.543398       
    34.645828     8.510760    0.199860       
    34.815189    10.291079    0.119554       
    34.984539     9.417401    0.178113       
    35.153900     7.179892    0.260518       
    35.323250     6.917618    0.126086       
    35.492599     7.541435    0.186754       
    35.661961     7.548331    0.177835       
    35.831310     7.267037    0.124235       
    36.000660     7.675839    0.143042       
    36.170021     7.577469    0.302014       
    36.339371     7.487867    0.089128       
    36.508732     7.513444    0.805769       
    36.678082     7.550618    0.397282       
    36.847431     7.539792    0.105483       
    37.016788     7.714896    0.250644       
    37.186138     8.483853    0.238082       
    37.355492     7.669310    0.805159       
