5.24749		0.115439	0.0066
5.27773		0.108862	0.00579
5.30797		0.105347	0.005885
5.33821		0.112901	0.006322
5.36846		0.125359	0.006688
5.3987		0.112394	0.00665
5.42894		0.110786	0.00513
5.45918		0.10836		0.004843
5.48942		0.113012	0.00396
5.51967		0.117937	0.008363
5.54991		0.125397	0.005317
5.58015		0.114128	0.005942
5.61039		0.118489	0.004421
5.64063		0.129241	0.005813
5.67088		0.127802	0.013563
5.70112		0.128539	0.00803
5.73136		0.131817	0.00541
5.7616		0.133168	0.004756
5.79184		0.131287	0.005427
5.82209		0.131277	0.006745
5.85233		0.130992	0.005574
5.88257		0.133993	0.006002
5.91281		0.138453	0.008165
5.94305		0.136173	0.009145
5.9733		0.134777	0.00693
6.00354		0.141673	0.004597
6.03378		0.147377	0.006856
6.06402		0.147794	0.004571
6.09426		0.149896	0.006167
6.12451		0.159406	0.005667
6.15475		0.172566	0.005888
6.18499		0.191634	0.004972
6.21523		0.215054	0.013356
6.24547		0.219858	0.011763
6.27572		0.21212		0.013674
6.30596		0.194608	0.014011
6.3362		0.182521	0.014088
6.36644		0.175095	0.014051
6.39668		0.176379	0.012466
6.42693		0.168583	0.010779
6.45717		0.165139	0.009619
6.48741		0.163317	0.00863
6.51765		0.162129	0.006189
6.54789		0.165333	0.006575
6.57814		0.163342	0.008605
6.60838		0.16185		0.00772
6.63862		0.163865	0.013133
6.66886		0.163531	0.013419
6.6991		0.163681	0.007593
6.72935		0.161656	0.006844
6.75959		0.162812	0.00559
6.78983		0.163101	0.006553
6.82007		0.16647		0.007246
6.85031		0.167237	0.006905
6.88056		0.168943	0.010742
6.9108		0.179571	0.028995
6.94104		0.213233	0.008515
6.97128		0.191429	0.032402
7.00152		0.211792	0.037532
7.03177		0.237643	0.013873
7.06201		0.20089		0.020242
7.09225		0.183398	0.014117
7.12249		0.188574	0.012589
7.15273		0.199272	0.009478
7.18298		0.203169	0.011526
7.21322		0.206485	0.013428
7.24346		0.210305	0.010627
7.2737		0.216565	0.011866
7.30394		0.22307		0.009517
7.33419		0.224757	0.019108
7.36443		0.227639	0.021257
7.39467		0.228515	0.020243
7.42491		0.233797	0.009207
7.45515		0.242655	0.010585
7.4854		0.262657	0.01017
7.45515		0.2469		0.010972
7.51564		0.272379	0.020877
7.57612		0.268217	0.013378
7.6366		0.291907	0.015803
7.69709		0.31779		0.008252
7.75757		0.298993	0.006219
7.81805		0.287117	0.011509
7.87854		0.292676	0.014947
7.93902		0.281682	0.015292
7.99951		0.26422		0.013254
8.05999		0.256866	0.021146
8.12047		0.245117	0.009241
8.18096		0.231552	0.005515
8.24144		0.231157	0.007365
8.30192		0.233127	0.004781
8.36241		0.23248		0.007457
8.42289		0.235322	0.008505
8.48337		0.238511	0.011329
8.54386		0.242377	0.013723
8.60434		0.246322	0.014052
8.66483		0.243542	0.015203
8.72531		0.231453	0.015612
8.78579		0.216681	0.013517
8.84628		0.207229	0.012982
8.90676		0.196339	0.013142
8.96724		0.194415	0.008666
9.02773		0.199154	0.019427
9.08821		0.193988	0.007954
9.14869		0.182253	0.008127
9.20918		0.186034	0.009384
9.26966		0.18668		0.010177
9.33015		0.188808	0.007612
9.39063		0.19002		0.008961
9.45111		0.191736	0.008488
9.5116		0.194167	0.011168
9.57208		0.196301	0.012867
9.63256		0.205093	0.028268
9.69305		0.232329	0.010766
9.75353		0.223908	0.011178
9.81401		0.20986		0.009283
9.8745		0.207578	0.011168
9.93498		0.21098		0.016887
9.99547		0.214886	0.010837
10.05595	0.216051	0.011476
10.11643	0.219828	0.010817
10.17692	0.222146	0.010807
10.2374		0.226599	0.009242
10.29788	0.230269	0.009603
10.35837	0.233514	0.010583
10.41885	0.238353	0.013251
10.47933	0.253208	0.036978
10.53982	0.301035	0.012737
10.6003		0.301919	0.030905
10.66079	0.263853	0.011951
10.72127	0.268752	0.013548
10.78175	0.275315	0.013815
10.84224	0.278232	0.013308
10.90272	0.275425	0.021411
10.9632		0.285495	0.014404
11.02369	0.297971	0.01429
11.08417	0.309143	0.048541
11.14465	0.329575	0.04838
11.20514	0.412219	0.038607
11.26562	0.54691		0.039692
11.32611	0.579631	0.039213
11.38659	0.519262	0.019559
11.44707	0.456921	0.038636
11.50756	0.432329	0.021968
11.56804	0.400514	0.021098
11.62852	0.384731	0.018356
11.68901	0.373305	0.016386
11.74949	0.36639		0.017404
11.80997	0.362058	0.017633
11.87046	0.365552	0.027448
11.93094	0.383256	0.01645
11.99143	0.399416	0.016551
12.05191	0.402505	0.016447
12.11239	0.400306	0.017327
12.17288	0.39685		0.018589
12.23336	0.401161	0.017067
12.29384	0.421813	0.016739
12.35433	0.434138	0.017501
12.41481	0.427502	0.018262
12.47529	0.428984	0.018914
12.53578	0.436743	0.021099
12.59626	0.453442	0.019502
12.65675	0.46735		0.020933
12.71723	0.473511	0.041857
12.77771	0.519842	0.042811
12.8382		0.689267	0.042892
12.89868	0.678349	0.047354
12.95916	0.48538		0.01021
13.01965	0.419731	0.020446
13.08013	0.419505	0.020973
13.14061	0.415166	0.01623
13.2011		0.416493	0.010332
13.26158	0.420035	0.020457
13.32206	0.426277	0.020444
13.38255	0.422733	0.022306
13.44303	0.42658		0.018543
13.50352	0.434257	0.061916
13.564		0.446323	0.023226
13.62448	0.455011	0.022813
13.68497	0.45547		0.020265
13.74545	0.454584	0.024495
13.80593	0.456864	0.023219
13.86642	0.450545	0.024355
13.9269		0.456506	0.044367
13.98738	0.461106	0.025848
14.06935	0.618347	0.015919
14.15403	0.644097	0.022211
14.23871	0.639431	0.014136
14.32338	0.741581	0.020093
14.40806	0.73857		0.019477
14.49274	0.653787	0.01174
14.57741	0.638665	0.01173
14.66209	0.649745	0.013555
14.74677	0.674868	0.010566
14.83145	0.677841	0.011432
14.91612	0.690208	0.010124
15.0008		0.703961	0.016912
15.08548	0.703081	0.010451
15.17015	0.713591	0.010888
15.25483	0.729667	0.012242
15.33951	0.74481		0.011128
15.42418	0.742636	0.009659
15.50886	0.84691		0.010042
15.59354	1.094797	0.010957
15.67821	1.037138	0.016099
15.76289	0.817532	0.009808
15.84757	0.824746	0.010013
15.93224	0.845933	0.012554
16.01692	0.863123	0.012434
16.101601	0.862655	0.011287
16.186279	0.878306	0.012575
16.27095	0.906024	0.012325
16.355631	0.937702	0.021648
16.44031	1.020539	0.015496
16.524981	1.051961	0.012621
16.609659	1.017061	0.016263
16.69434	0.999814	0.014955
16.779011	1.005489	0.019253
16.863689	1.022817	0.014811
16.94837	1.055541	0.015229
17.033039	1.163522	0.013573
17.11772	1.271607	0.030142
17.2024		1.099323	0.013115
17.287069	1.086966	0.018711
17.37175	1.112398	0.021428
17.45643	1.119819	0.017988
17.541109	1.105277	0.014818
17.62578	1.095385	0.017588
17.710461	1.108381	0.022294
17.795139	1.108547	0.022791
17.87981	1.102298	0.015321
17.964491	1.109415	0.036408
18.04917	1.126654	0.014612
18.133841	1.106608	0.0187
18.218519	1.111196	0.019815
18.3032		1.10929		0.020905
18.387871	1.11627		0.018759
18.472549	1.128054	0.024945
18.55723	1.14164		0.019722
18.641899	1.149342	0.02464
18.72658	1.274367	0.049363
18.81126	1.287549	0.021789
18.895941	1.179026	0.024579
18.98061	1.143901	0.051631
19.06529	1.146427	0.052239
19.149969	1.14732		0.036254
19.23464	1.133466	0.037823
19.319321	1.132027	0.03126
19.403999	1.135532	0.015417
19.48867	1.136158	0.016307
19.573351	1.166414	0.020698
19.65803	1.167275	0.02094
19.742701	1.1558		0.016962
19.827379	1.16052		0.021537
19.91206	1.173472	0.048859
19.996731	1.182122	0.037462
20.081409	1.188398	0.022692
20.16609	1.194523	0.025913
20.250771	1.215386	0.022725
20.33544	1.211788	0.030918
20.42012	1.204801	0.037432
20.504801	1.198021	0.025875
20.58947	1.191303	0.028617
20.758829	1.201469	0.016063
20.928181	1.254251	0.024261
21.09753	1.251445	0.014655
21.26689	1.269881	0.015292
21.436239	1.281654	0.01751
21.6056		1.272769	0.020721
21.77495	1.283171	0.015815
21.9443		1.312542	0.018079
22.113661	1.341876	0.029116
22.28301	1.342347	0.015176
22.45236	1.363664	0.068616
22.621719	1.410168	0.084851
22.791071	1.44413		0.01882
22.96043	1.452383	0.025527
23.12978	1.430393	0.013933
23.299129	1.4613		0.028777
23.468491	1.47714		0.057017
23.63784	1.487655	0.01716
23.80719	1.505506	0.015054
23.976549	1.51622		0.027245
24.145901	1.512658	0.020909
24.31526	1.52406		0.023024
24.48461	1.531777	0.012984
24.653959	1.542239	0.022236
24.82332	1.533623	0.018384
24.99267	1.517616	0.017933
25.16202	1.523266	0.01769
25.331381	1.553627	0.012178
25.500731	1.560426	0.02477
25.67009	1.579563	0.026958
25.839439	1.825396	0.017903
26.008789	2.064389	0.034831
26.17815	1.731774	0.017494
26.3475		1.679274	0.025641
26.51685	1.669931	0.01673
26.686211	1.680384	0.016503
26.85556	1.683235	0.017967
27.02492	1.680977	0.019971
27.194269	1.707483	0.027411
27.363621	1.7681		0.018031
27.53298	1.792524	0.014624
27.70233	1.809092	0.017264
27.871679	1.819011	0.01767
28.04104	1.818603	0.044893
28.21039	1.825802	0.025621
28.379749	1.825702	0.019123
28.549101	1.853604	0.031745
28.718451	1.874487	0.017535
28.88781	1.870856	0.021437
29.057159	1.869408	0.018886
29.226509	1.83224		0.017235
29.39587	1.861194	0.028811
29.56522	1.910391	0.031552
29.734579	1.961321	0.029135
29.903931	1.995359	0.016063
30.07328	1.988163	0.01781
30.24264	1.967948	0.034551
30.411989	1.974106	0.023433
30.581341	1.99535		0.038887
30.7507		2.059153	0.033825
30.92005	2.077307	0.024363
31.089411	2.074749	0.031681
31.25876	2.094856	0.03239
31.42811	2.145353	0.030415
31.597469	2.195117	0.029848
31.766821	2.209147	0.100691
31.936171	2.2092		0.025218
32.10553	2.218885	0.035833
32.274879	2.25238		0.030487
32.444241	2.328337	0.043979
32.61359	2.417223	0.044428
32.78294	2.504769	0.045915
32.952301	2.584098	0.041021
33.121651	2.575541	0.046298
33.291		2.637611	0.057815
33.460361	2.760959	0.057006
33.629711	2.706146	0.077617
33.799068	2.677061	0.109676
33.968418	2.676085	0.223123
34.137772	2.647076	0.055325
34.307129	2.735003	0.078608
34.476479	2.705217	0.078353
34.645828	2.817873	0.059603
34.815189	3.331128	0.070501
34.984539	3.405674	0.048954
35.1539		2.814775	0.073211
35.32325	2.586924	0.062774
35.492599	2.77106		0.206728
35.661961	2.802067	0.067199
35.83131	2.720871	0.07556
36.00066	2.74741		0.109509
36.170021	2.789806	0.274835
36.339371	2.728081	0.079468
36.508732	2.760772	0.144939
36.678082	2.822853	0.103305
36.847431	2.75887		0.071422
37.016788	2.771706	0.112153
37.186138	2.989028	0.148573
37.355492	2.773291	0.192243