9.7475682  0.2491280  0.0044180 
9.7554443  0.2479030  0.0054760 
9.7633194  0.2491410  0.0050720 
9.7711945  0.2417820  0.0065860 
9.7790666  0.2424490  0.0047950 
9.7869378  0.2492500  0.0069470 
9.7948090  0.2445080  0.0072410 
9.8026773  0.2509050  0.0039800 
9.8105456  0.2364480  0.0051540 
9.8184119  0.2515990  0.0063400 
9.8262763  0.2483460  0.0072840 
9.8341407  0.2410140  0.0337660 
9.8420031  0.2488800  0.0061440 
9.8498646  0.2439780  0.0065300 
9.8577679  0.2415070  0.0060690 
9.8656274  0.2524860  0.0055640 
9.8734850  0.2446970  0.0050490 
9.8813406  0.2425870  0.0049780 
9.8891952  0.2447690  0.0042650 
9.8970489  0.2416340  0.0031110 
9.9049006  0.2479010  0.0044910 
9.9127523  0.2452010  0.0037860 
9.9206021  0.2460540  0.0074100 
9.9284499  0.2403140  0.0372890 
9.9362968  0.2493410  0.0042250 
9.9441426  0.2483600  0.0047170 
9.9519875  0.2478050  0.0050710 
9.9598295  0.2480910  0.0038010 
9.9676715  0.2416240  0.0050650 
9.9755125  0.2491290  0.0030440 
9.9833515  0.2589350  0.0067850 
9.9911886  0.2452070  0.0034500 
9.9990257  0.2559700  0.0058580 
10.0068618  0.2493000  0.0049650 
10.0146951  0.2542520  0.0030890 
10.0225283  0.2667800  0.0054880 
10.0303595  0.2534240  0.0050750 
10.0381898  0.2501340  0.0030090 
10.0460191  0.2509210  0.0029910 
10.0538465  0.2559510  0.0031430 
10.0616728  0.2546600  0.0036440 
10.0694982  0.2588900  0.0032950 
10.0773217  0.2571170  0.0031090 
10.0851442  0.2583550  0.0032380 
10.0930125  0.2658440  0.0026890 
10.1008330  0.2649170  0.0039130 
10.1086516  0.2606230  0.0094400 
10.1164682  0.2760410  0.0026470 
10.1242849  0.2666990  0.0025600 
10.1321005  0.2569960  0.0046860 
10.1399133  0.2630940  0.0037330 
10.1477270  0.2631830  0.0034000 
10.1555368  0.2632490  0.0036980 
10.1633476  0.2562950  0.0029000 
10.1711555  0.2608860  0.0033600 
10.1789624  0.2633370  0.0027380 
10.1867683  0.2832040  0.0068800 
10.1945733  0.2631000  0.0031000 
10.2023772  0.2712100  0.0044610 
10.2101793  0.2632790  0.0030890 
10.2179793  0.2704890  0.0029230 
10.2257784  0.2719870  0.0024240 
10.2380836  0.2694200  0.0672180 
10.2463718  0.2640280  0.0039320 
10.2546600  0.2675620  0.0044940 
10.2629443  0.2696380  0.0053340 
10.2712286  0.2855500  0.0043820 
10.2795109  0.2657800  0.0040140 
10.2877913  0.2649280  0.0050910 
10.2960717  0.2770370  0.0135800 
10.3043502  0.2748180  0.0063440 
10.3126276  0.2665980  0.0042700 
10.3209022  0.2787120  0.0047050 
10.3291767  0.2730690  0.0128230 
10.3374484  0.2791210  0.0050480 
10.3457200  0.2738600  0.0041770 
10.3539906  0.2731290  0.0065620 
10.3622584  0.2759430  0.0060470 
10.3705261  0.2792290  0.0041620 
10.3787919  0.2753070  0.0045030 
10.3870567  0.2831690  0.0058280 
10.3953196  0.2874760  0.0770460 
10.4035814  0.2783560  0.0032450 
10.4118414  0.2832060  0.0056070 
10.4201004  0.2819520  0.0043150 
10.4283583  0.2843030  0.0039700 
10.4366144  0.2767180  0.0049610 
10.4448685  0.2849730  0.0042970 
10.4531235  0.2807690  0.0043570 
10.4613757  0.2845310  0.0049330 
10.4696259  0.2945760  0.0035580 
10.4778751  0.2996290  0.0061530 
10.4861233  0.3199600  0.0053420 
10.4943696  0.3437630  0.0032050 
10.5026150  0.3333400  0.0081710 
10.5108583  0.2986330  0.0042450 
10.5191017  0.2882270  0.0048360 
10.5273422  0.2886530  0.0059160 
10.5355836  0.2827490  0.0038610 
10.5438211  0.2983140  0.0065630 
10.5520587  0.2898370  0.0122340 
10.5602952  0.2844420  0.0031270 
10.5685288  0.2923550  0.0036860 
10.5767615  0.2931910  0.0053200 
10.5849932  0.2948270  0.0031910 
10.5932239  0.2881650  0.0535290 
10.6014517  0.3016220  0.0042270 
10.6096795  0.2974270  0.0038560 
10.6179053  0.2969570  0.1266690 
10.6261302  0.3026790  0.0051770 
10.6343550  0.2868250  0.0054720 
10.6425760  0.2883150  0.0088430 
10.6507970  0.2934090  0.0041770 
10.6590160  0.2879360  0.0034460 
10.6672350  0.3004080  0.0055550 
10.6754511  0.2996750  0.0045200 
10.6836662  0.2955780  0.0030100 
10.6918804  0.2966540  0.0063500 
10.7000935  0.3016630  0.0031550 
10.7083048  0.2967000  0.0049970 
10.7165813  0.3029820  0.0060970 
10.7208905  0.3001360  0.0042220 
10.7296444  0.2972850  0.0052770 
10.7383973  0.3037760  0.0048830 
10.7471483  0.3072690  0.0045060 
10.7558983  0.2970170  0.0038850 
10.7646493  0.2978070  0.0044630 
10.7733963  0.3078260  0.0048710 
10.7821415  0.3342360  0.0066550 
10.7908856  0.2850230  0.0039300 
10.7996278  0.3012030  0.0041500 
10.8083691  0.3061730  0.0043430 
10.8171083  0.3101750  0.0047510 
10.8258466  0.3042000  0.0039530 
10.8345830  0.3074270  0.0040910 
10.8433184  0.3005330  0.0045730 
10.8520518  0.3116130  0.0036800 
10.8607843  0.3137760  0.0047010 
10.8695158  0.3128390  0.0042290 
10.8782443  0.3073330  0.0050390 
10.8869729  0.3125280  0.0048480 
10.8956995  0.3124730  0.0035870 
10.9044242  0.3145100  0.0056090 
10.9131469  0.3081970  0.0133440 
10.9218696  0.3131120  0.0047450 
10.9305904  0.3156740  0.0048930 
10.9393092  0.3119560  0.0025240 
10.9480271  0.3150710  0.0062100 
10.9567440  0.3096590  0.0047180 
10.9654599  0.3199970  0.0036640 
10.9741728  0.3152420  0.0027850 
10.9828848  0.3165770  0.0037110 
10.9915949  0.3157370  0.0026260 
11.0003030  0.3221200  0.0047080 
11.0090101  0.3218790  0.0038450 
11.0177163  0.3204270  0.0047480 
11.0264205  0.3190180  0.0036760 
11.0351237  0.3186220  0.0044060 
11.0438250  0.3158740  0.0057630 
11.0525263  0.3195030  0.0045770 
11.0612247  0.3189650  0.0044130 
11.0699211  0.3164670  0.0186820 
11.0786175  0.3202140  0.0123230 
11.0873110  0.3200900  0.0029680 
11.0960045  0.3323060  0.0032900 
11.1046960  0.3288360  0.0045090 
11.1133856  0.3350570  0.0031180 
11.1220742  0.3332780  0.0042250 
11.1307609  0.3292360  0.0036210 
11.1394476  0.3528020  0.0040270 
11.1481313  0.3624510  0.0030960 
11.1568131  0.3672230  0.0038270 
11.1654949  0.3678820  0.0039160 
11.1741748  0.3840510  0.0046870 
11.1828537  0.3950180  0.0039500 
11.1915296  0.4012910  0.0043350 
11.2002065  0.4004250  0.0041270 
11.2088796  0.4039210  0.0043210 
11.2175526  0.4150290  0.0064890 
11.2262237  0.4153770  0.0044310 
11.2348928  0.4106710  0.0045290 
11.2435620  0.4091770  0.0034320 
11.2522282  0.4113680  0.0063080 
11.2608944  0.4007470  0.0047200 
11.2695577  0.3961850  0.0044770 
11.2782210  0.4047120  0.0037790 
11.2868813  0.3867430  0.0044850 
11.2955407  0.3836660  0.0051450 
11.3041991  0.3825650  0.0043690 
11.3128556  0.3747900  0.0044910 
11.3215111  0.3796880  0.0057290 
11.3301656  0.3760490  0.0054780 
11.3388182  0.3751220  0.0046420 
11.3474678  0.3817650  0.0042570 
11.3561185  0.3747070  0.0166140 
11.3647671  0.3828940  0.0058300 
11.3734139  0.3677440  0.0048340 
11.3820587  0.3747800  0.1585040 
11.3907034  0.3679200  0.0039100 
11.4074669  0.3925400  0.0102560 
11.4167157  0.3640970  0.0041570 
11.4259645  0.3765540  0.0074520 
11.4352104  0.3689660  0.0061540 
11.4444544  0.3557560  0.0519920 
11.4536974  0.3654680  0.0063550 
11.4629394  0.3608150  0.0074670 
11.4721795  0.3690270  0.0066590 
11.4814186  0.3383290  0.0045670 
11.4906547  0.3579460  0.0050880 
11.4998909  0.3643450  0.0962950 
11.5091241  0.3692520  0.0060150 
11.5183583  0.3510390  0.0046830 
11.5275916  0.3633980  0.0052700 
11.5368209  0.3628060  0.0053340 
11.5460483  0.3684610  0.0045400 
11.5552728  0.3555730  0.0035900 
11.5644982  0.3706870  0.0037350 
11.5737217  0.3634510  0.0040320 
11.5829423  0.3612810  0.0041100 
11.5921619  0.3628350  0.0035410 
11.6013815  0.3506890  0.0035850 
11.6105963  0.3556750  0.0120060 
11.6198120  0.3584910  0.0255720 
11.6290247  0.3556650  0.0043540 
11.6382375  0.3459060  0.0050520 
11.6474484  0.3634080  0.0054990 
11.6566563  0.3593820  0.0215120 
11.6658642  0.3575480  0.1048230 
11.6750701  0.3531880  0.0042650 
11.6842742  0.3608530  0.0038740 
11.6934762  0.3556190  0.0029630 
11.7026783  0.3627540  0.0042190 
11.7118765  0.3421130  0.0059680 
11.7210756  0.3631510  0.0070190 
11.7302718  0.3587130  0.0054790 
11.7394671  0.3652000  0.0068550 
11.7486604  0.3526210  0.0048870 
11.7578527  0.3672990  0.0040110 
11.7670421  0.3564710  0.0044440 
11.7762315  0.3726030  0.0044480 
11.7854189  0.3618280  0.0032720 
11.7946044  0.3599260  0.0041600 
11.8037880  0.3657870  0.0065340 
11.8129716  0.3662160  0.0059870 
11.8221512  0.3605930  0.0062020 
11.8313318  0.3610800  0.0063200 
11.8405095  0.3718420  0.0052490 
11.8588620  0.3722570  0.0050400 
11.8680349  0.3653230  0.0053800 
11.8772058  0.3747320  0.0078810 
11.8863767  0.3817540  0.0060120 
11.8955456  0.3768170  0.0067240 
11.9047136  0.3689370  0.0059180 
11.9138786  0.3727610  0.0409320 
11.9230427  0.3683360  0.0059850 
11.9322048  0.3797350  0.0055650 
11.9413659  0.3745690  0.0066820 
11.9505261  0.3702050  0.0073660 
11.9596834  0.3800620  0.0088320 
11.9688416  0.3758290  0.0069170 
11.9779959  0.3792180  0.0064470 
11.9871493  0.3803060  0.1929630 
11.9963016  0.3747470  0.0074120 
12.0054511  0.3788360  0.1463600 
12.0146015  0.3862430  0.0065850 
12.0237481  0.3660090  0.0095580 
12.0328946  0.3763420  0.0077950 
12.0420382  0.3831450  0.0074210 
12.0511818  0.3899410  0.0068770 
12.0603235  0.3781520  0.0087430 
12.0694622  0.4035440  0.0065040 
12.0786009  0.3650910  0.0057410 
12.0896746  0.3810690  0.0090830 
12.0994992  0.3787530  0.0075590 
12.1093219  0.3786620  0.0071640 
12.1191397  0.3826290  0.0938710 
12.1289556  0.3814870  0.0067540 
12.1387666  0.3807990  0.0069500 
12.1485795  0.3815240  0.0068960 
12.1583895  0.4099770  0.0051850 
12.1681986  0.3844710  0.0084070 
12.1780047  0.3726880  0.0058050 
12.1878088  0.3788210  0.0228870 
12.1976130  0.3947940  0.0058370 
12.2074152  0.3928450  0.0056790 
12.2172145  0.3826820  0.0058540 
12.2270138  0.3861790  0.0221600 
12.2368102  0.3864730  0.0063980 
12.2466056  0.3998280  0.0049510 
12.2563981  0.4151230  0.0038180 
12.2661896  0.4304900  0.0062050 
12.2759792  0.4061110  0.0066200 
12.2857687  0.3934460  0.0068930 
12.2955553  0.3751020  0.1019460 
12.3053400  0.3955900  0.0072750 
12.3151247  0.3830560  0.0063690 
12.3249104  0.3938360  0.0062720 
12.3346951  0.3929440  0.0034530 
12.3444729  0.3933710  0.0047700 
12.3542508  0.3869750  0.0042710 
12.3640247  0.3942960  0.0031030 
12.3737977  0.4016080  0.0030110 
12.3835707  0.3939650  0.0029970 
12.3933398  0.3968160  0.0031860 
12.4031089  0.3970810  0.1223510 
12.4128761  0.4021550  0.1015030 
12.4226413  0.4070900  0.0030140 
12.4324045  0.3964110  0.0035580 
12.4421658  0.3889850  0.0030480 
12.4519261  0.3974900  0.0032530 
12.4616855  0.3960980  0.0314540 
12.4714419  0.3936650  0.0035100 
12.4811964  0.3922670  0.0042410 
12.4909509  0.4072670  0.0039680 
12.5007025  0.3938890  0.0056710 
12.5104530  0.4054290  0.0043300 
12.5202017  0.3982580  0.0045620 
12.5299493  0.4030040  0.0040620 
12.5396951  0.4012870  0.0043070 
12.5494378  0.4133710  0.0049710 
12.5591806  0.4078070  0.0047060 
12.5689215  0.4051430  0.0051440 
12.5786594  0.4110480  0.0030060 
12.5883973  0.4159980  0.0045530 
12.5981323  0.4159130  0.0035420 
12.6078663  0.4116220  0.0738460 
12.6175994  0.4186210  0.0032520 
12.6273295  0.4051040  0.0031660 
12.6370577  0.4179640  0.0032140 
12.6467859  0.4057530  0.0032720 
12.6565121  0.4116130  0.0032560 
12.6662364  0.3998020  0.0027540 
12.6759577  0.4171870  0.0037060 
12.6856781  0.4212580  0.0046330 
12.6953985  0.4091900  0.0038450 
12.7051159  0.4167270  0.0035730 
12.7148324  0.4149070  0.0033590 
12.7245460  0.4156960  0.0049240 
12.7342595  0.4150640  0.0036570 
12.7439702  0.4167670  0.0038960 
12.7536799  0.4059500  0.0031370 
12.7633876  0.4124780  0.0036300 
12.7730943  0.4287610  0.0039420 
12.7827981  0.4813490  0.0054580 
12.7925010  0.6063230  0.0066890 
12.8022028  0.6073150  0.0060080 
12.8119028  0.4739910  0.0087560 
12.8216007  0.4224570  0.0043610 
12.8312968  0.4132150  0.1249280 
12.8409918  0.4051800  0.0038780 
12.8506849  0.4149530  0.0035970 
12.8603761  0.4073060  0.0059800 
12.8607755  0.4053960  0.0045450 
12.8712393  0.4046640  0.0050590 
12.8817040  0.4137550  0.0044020 
12.8921648  0.4118240  0.0041910 
12.9026247  0.4125630  0.0045000 
12.9130807  0.4106190  0.0052090 
12.9235376  0.4019420  0.0042520 
12.9339916  0.4085410  0.0047860 
12.9444447  0.4096760  0.0053580 
12.9548948  0.3968640  0.0053450 
12.9653439  0.4027730  0.0045080 
12.9757911  0.4142160  0.0044270 
12.9862354  0.4120150  0.0045010 
12.9966875  0.4076810  0.0046680 
13.0071366  0.4043620  0.0047220 
13.0175760  0.4016680  0.0047410 
13.0280144  0.4057390  0.0051090 
13.0384509  0.4085890  0.0050300 
13.0488845  0.4061460  0.0066840 
13.0593180  0.4067070  0.0052510 
13.0697496  0.3922250  0.1279240 
13.0801783  0.4176960  0.0059310 
13.0906050  0.4159530  0.0060960 
13.1010308  0.4107460  0.0063130 
13.1112724  0.4032950  0.0068900 
13.1216943  0.4059650  0.0062150 
13.1321152  0.4087820  0.0066360 
13.1425331  0.4098750  0.0070530 
13.1529501  0.4023310  0.0075250 
13.1633652  0.4078560  0.0055220 
13.1737773  0.4027460  0.0052500 
13.1841884  0.4077320  0.0076950 
13.1945976  0.4161730  0.0067860 
13.2050058  0.4007170  0.0081220 
13.2154121  0.4017790  0.0075760 
13.2258164  0.4160200  0.0069630 
13.2362188  0.4108910  0.0066360 
13.2466202  0.4102940  0.0083330 
13.2570187  0.4128390  0.0072950 
13.2674162  0.4082180  0.0083480 
13.2778108  0.4169970  0.0073630 
13.2882044  0.4194550  0.0065740 
13.2984100  0.4133410  0.0091370 
13.3087997  0.4045750  0.0055870 
13.3191884  0.4203270  0.1365940 
13.3295752  0.4138880  0.0056790 
13.3399601  0.4271620  0.0065040 
13.3503420  0.4157020  0.0065570 
13.3607249  0.4094410  0.0065580 
13.3711029  0.4112580  0.0054000 
13.3814809  0.4150410  0.0052690 
13.3918560  0.4172050  0.0058360 
13.4022311  0.4111640  0.0068950 
13.4126042  0.4121630  0.0067480 
13.4229745  0.4235220  0.0059500 
13.4333437  0.4105550  0.0077580 
13.4437101  0.4131330  0.0060650 
13.4540754  0.4184220  0.0068640 
13.4644398  0.4153630  0.0066030 
13.4748022  0.4223260  0.0060790 
13.4851627  0.4241060  0.0053160 
13.4955212  0.4220620  0.0059150 
13.5058769  0.4487460  0.2045910 
13.5162325  0.4217300  0.0072770 
13.5265861  0.4205600  0.0055930 
13.5369378  0.4329370  0.0060810 
13.5472876  0.4238760  0.0059980 
13.5576364  0.4236720  0.0066010 
13.5679813  0.4227970  0.0066860 
13.5783262  0.4263600  0.0049450 
13.5886701  0.4270150  0.0055290 
13.5990111  0.4221540  0.0056580 
13.6093502  0.4234440  0.0065900 
13.6196882  0.4218320  0.0061580 
13.6300244  0.4271740  0.0061460 
13.6403576  0.4193400  0.0048860 
13.6506898  0.4327120  0.0059050 
13.6610220  0.4211050  0.0057720 
13.6713504  0.4219610  0.0065730 
13.6816787  0.4340450  0.0054160 
13.6920041  0.4219820  0.0062320 
13.7023285  0.4291220  0.0043190 
13.7126500  0.4296510  0.0089570 
13.7229706  0.4066370  0.0073690 
13.7332892  0.4069750  0.0068100 
13.7436068  0.4282050  0.0039840 
13.7539215  0.4215970  0.0067500 
13.7642352  0.4229790  0.0054700 
13.7745470  0.4322680  0.0064430 
13.7848578  0.4338200  0.0062120 
13.7951666  0.4211530  0.0046350 
13.8054725  0.4389810  0.0072060 
13.8157784  0.4349640  0.0052450 
13.8260824  0.4097160  0.0090770 
13.8396346  0.4236060  0.0060700 
13.8508164  0.4148040  0.1264940 
13.8619963  0.4206770  0.0073670 
13.8731742  0.4252200  0.0056720 
13.8843492  0.4238900  0.0064940 
13.8955232  0.4194010  0.0047730 
13.9066962  0.4210100  0.0056260 
13.9178809  0.4366840  0.1665590 
13.9290618  0.4251610  0.0054680 
13.9402280  0.4184450  0.0046990 
13.9513932  0.4217090  0.0049940 
13.9625555  0.4337110  0.0054610 
13.9737169  0.4342930  0.0047380 
13.9848753  0.4409720  0.0051940 
13.9960327  0.4296880  0.0063180 
14.0071873  0.4442020  0.0222660 
14.0183408  0.4275240  0.0057070 
14.0294914  0.4345930  0.0070720 
14.0406411  0.4353860  0.0041270 
14.0517888  0.4318360  0.0067010 
14.0629345  0.4391150  0.0062150 
14.0740783  0.4371450  0.0086240 
14.0852202  0.4297830  0.0059460 
14.0963601  0.4311900  0.0068520 
14.1074990  0.4350060  0.0063980 
14.1183993  0.4345120  0.0066360 
14.1295333  0.4238540  0.0085290 
14.1406664  0.4376450  0.0060980 
14.1517966  0.4302890  0.0076970 
14.1629248  0.4447190  0.0071000 
14.1740511  0.4357260  0.0083750 
14.1851763  0.4419790  0.1874640 
14.1962987  0.4387220  0.0110690 
14.2074201  0.4332620  0.0190780 
14.2185386  0.4410110  0.1205340 
14.2294184  0.4391190  0.0071410 
14.2405339  0.4481520  0.0072940 
14.2516465  0.4339160  0.0789440 
14.2627582  0.4569470  0.0068840 
14.2738669  0.4762060  0.0060750 
14.2849747  0.5261510  0.0099050 
14.2960795  0.5811860  0.0089570 
14.3071843  0.5395500  0.0085650 
14.3182862  0.4684990  0.0062690 
14.3293862  0.4561450  0.0070720 
14.3404842  0.4455590  0.0064820 
14.3515803  0.4420250  0.0052220 
14.3626754  0.4529740  0.0066530 
14.3737675  0.4523990  0.0066010 
14.3848578  0.4580670  0.0073160 
14.3959480  0.4579620  0.0069850 
14.4070343  0.4495290  0.0058270 
14.4181196  0.4523350  0.0056810 
14.4292021  0.4437830  0.0053350 
14.4402835  0.4511720  0.0059100 
14.4513640  0.4566510  0.0056410 
14.4624415  0.4473080  0.0051390 
14.4735171  0.4492660  0.0052040 
14.4845908  0.4418190  0.0053810 
14.4956635  0.4470070  0.0045910 
14.5067332  0.4557360  0.0051640 
14.5178030  0.4542460  0.0041310 
14.5288698  0.4512620  0.0042340 
14.5399337  0.4453100  0.0047980 
14.5509967  0.4538880  0.0050630 
14.5620577  0.4477780  0.0045550 
14.5731177  0.4532690  0.0046350 
14.5841738  0.4590970  0.0056340 
14.5952299  0.4575320  0.0060170 
14.6062841  0.4544550  0.0051650 
14.6173353  0.4539630  0.0046420 
14.6283856  0.4441620  0.0066990 
14.6394339  0.4483850  0.0056680 
14.6504793  0.4420010  0.0065070 
14.6615247  0.4445470  0.0070050 
14.6725672  0.4439220  0.0049450 
14.6836087  0.4479030  0.0062020 
14.6946473  0.4497720  0.0077450 
14.7056849  0.4681680  0.0107950 
14.7167206  0.4714460  0.0088320 
14.7277533  0.4545510  0.0060740 
14.7387860  0.4539400  0.0086510 
14.7498149  0.4652100  0.0067510 
14.7608437  0.4554120  0.0061870 
14.7718696  0.4521530  0.0076890 
14.7826413  0.4675360  0.0083790 
14.7936633  0.4573260  0.0077930 
14.8046843  0.4447860  0.0058150 
14.8207180  0.4644600  0.0090120 
14.8324581  0.4599370  0.0087080 
14.8444875  0.4519670  0.0098570 
14.8565140  0.4690290  0.0133120 
14.8685376  0.4474670  0.0139780 
14.8805602  0.4480080  0.0114160 
14.8926237  0.4516150  0.0098090 
14.9046415  0.4735500  0.0104000 
14.9163669  0.4560790  0.0074650 
14.9283798  0.4802590  0.0116830 
14.9403917  0.4666720  0.0079870 
14.9524016  0.4597710  0.0069290 
14.9644096  0.4687450  0.0080060 
14.9764156  0.4576070  0.0064250 
14.9884187  0.4651600  0.0065380 
15.0004199  0.4712200  0.0618660 
15.0124201  0.4633310  0.0079820 
15.0244174  0.4626600  0.0072080 
15.0364127  0.4677990  0.0049500 
15.0484061  0.4690010  0.0053680 
15.0603985  0.4604750  0.0044420 
15.0723880  0.4617700  0.0051650 
15.0843745  0.4705440  0.0050230 
15.0963601  0.4634870  0.0051170 
15.1083437  0.4734620  0.0051510 
15.1203244  0.4743850  0.0051300 
15.1323042  0.4636870  0.0054630 
15.1442810  0.4718400  0.0054950 
15.1562558  0.4861950  0.1246550 
15.1682288  0.4818480  0.0059050 
15.1802007  0.4840200  0.0058510 
15.1921697  0.4786590  0.0074970 
15.2041368  0.4636210  0.0065440 
15.2158018  0.4606750  0.0065190 
15.2277650  0.4680230  0.0076240 
15.2397262  0.4827130  0.0095510 
15.2516845  0.4733930  0.0100090 
15.2636409  0.4698450  0.0094950 
15.2756420  0.4601730  0.0089060 
15.2875955  0.4638190  0.0087040 
15.2995460  0.4723240  0.0098710 
15.3114945  0.4669670  0.0099900 
15.3234421  0.4720540  0.0087540 
15.3353858  0.4750090  0.0100030 
15.3470246  0.4715710  0.0066140 
15.3589643  0.4856460  0.0075450 
15.3709032  0.4858720  0.0064170 
15.3828400  0.4755170  0.0070840 
15.3947740  0.4757860  0.0074570 
15.4067069  0.4781330  0.0068740 
15.4186370  0.4841270  0.0058160 
15.4305661  0.4844400  0.0064700 
15.4424922  0.4758760  0.0064350 
15.4544164  0.4943520  0.0081370 
15.4663396  0.4800400  0.0053350 
15.4782609  0.4687480  0.0053270 
15.4901773  0.5038310  0.0065250 
15.5020947  0.5075970  0.0044830 
15.5140082  0.5630690  0.0062960 
15.5259217  0.6743160  0.0052070 
15.5378313  0.6751320  0.0082910 
15.5497408  0.5646990  0.0068560 
15.5616475  0.4950060  0.0052210 
15.5735522  0.4855390  0.0063100 
15.5854540  0.4887140  0.0066560 
15.5973548  0.4893490  0.0066720 
15.6092547  0.4943690  0.0053070 
15.6211496  0.4801190  0.0060910 
15.6330446  0.4720520  0.0063700 
15.6449376  0.4886630  0.0065160 
15.6568277  0.4792550  0.0070400 
15.6687169  0.4734800  0.0061680 
15.6802903  0.4846770  0.0074450 
15.6921259  0.4749040  0.0277430 
15.7040072  0.4930290  0.0103440 
15.7158876  0.5011740  0.0089240 
15.7277660  0.4795650  0.0081260 
15.7396424  0.4793130  0.0101270 
15.7515160  0.4844480  0.0090200 
15.7633895  0.4858240  0.1189800 
15.7752601  0.4954440  0.0093570 
15.7868112  0.4948240  0.0091860 
15.7986779  0.4697110  0.0080520 
15.8105436  0.4816900  0.0077990 
15.8224045  0.4827470  0.0086620 
15.8342664  0.4904050  0.0081900 
15.8461243  0.4875520  0.0106310 
15.8579793  0.4924030  0.0085790 
15.8698353  0.5128000  0.0077550 
15.8816875  0.4921040  0.0098940 
15.8935386  0.4873550  0.0115470 
15.9053887  0.4863570  0.0087860 
15.9172330  0.5081650  0.0101480 
15.9290783  0.4879510  0.0086170 
15.9409226  0.4817460  0.0092200 
15.9527640  0.5029300  0.0124860 
15.9646005  0.4803470  0.0088630 
15.9764380  0.5052540  0.0079430 
15.9882736  0.4758640  0.0069900 
16.0001072  0.5567830  0.0084190 
16.0119388  0.5059580  0.0070530 
16.0237685  0.4741910  0.0071920 
16.0355953  0.4948930  0.2243190 
16.0474211  0.4912850  0.0072140 
16.0592440  0.4989930  0.0061210 
16.0710405  0.4935880  0.0075370 
16.0758807  0.4780790  0.0269000 
16.0888757  0.5102130  0.1991740 
16.1018706  0.4935660  0.0118860 
16.1144905  0.4865170  0.0082930 
16.1274805  0.5182120  0.0856140 
16.1404657  0.4906660  0.0095530 
16.1534519  0.4829230  0.0090810 
16.1664332  0.5041200  0.0085940 
16.1794135  0.5077220  0.0094550 
16.1923919  0.5107900  0.0072130 
16.2053683  0.5029190  0.0078980 
16.2183408  0.5085840  0.0082880 
16.2313143  0.4968070  0.0093610 
16.2442849  0.5162840  0.0096030 
16.2572857  0.5037640  0.0067310 
16.2702523  0.5138740  0.0087140 
16.2832492  0.5229310  0.1660810 
16.2962091  0.5103620  0.0081320 
16.3091689  0.5111730  0.0079360 
16.3221269  0.5076920  0.0088300 
16.3350809  0.5160770  0.0083770 
16.3480329  0.5232100  0.0090150 
16.3609821  0.5056260  0.0098550 
16.3735493  0.5206010  0.0132410 
16.3864945  0.5043820  0.1405710 
16.3994369  0.5321870  0.0106710 
16.4123782  0.5249940  0.0094190 
16.4253176  0.5161770  0.0091050 
16.4378702  0.5275060  0.0085980 
16.4508038  0.5216850  0.0082180 
16.4637373  0.5123130  0.0075310 
16.4766660  0.5167910  0.0078230 
16.4895937  0.5358230  0.0077050 
16.5025185  0.5236360  0.0070410 
16.5154423  0.5328970  0.0062340 
16.5283613  0.5386030  0.0073040 
16.5412802  0.5360710  0.0054830 
16.5541972  0.5356770  0.0069790 
16.5671122  0.5202290  0.0066720 
16.5800253  0.5300780  0.0067510 
16.5929355  0.5126330  0.0056210 
16.6058428  0.5071910  0.0051070 
16.6187490  0.5187180  0.0399700 
16.6316524  0.5309980  0.0066450 
16.6445528  0.5341890  0.0084400 
16.6574532  0.5341150  0.0604510 
16.6703517  0.5391470  0.0094640 
16.6832463  0.5072650  0.0092470 
16.6961389  0.5262590  0.0093770 
16.7090296  0.5258870  0.1479920 
16.7215267  0.5078140  0.0213760 
16.7344125  0.5216960  0.0113090 
16.7472973  0.5201460  0.0084020 
16.7601793  0.5183890  0.0114090 
16.7730592  0.5224510  0.0101670 
16.7855436  0.5101890  0.0089620 
16.7984178  0.5284370  0.0091110 
16.8112899  0.5273940  0.0102440 
16.8241602  0.5222200  0.0091220 
16.8370304  0.5386960  0.0087010 
16.8498977  0.5453660  0.0097320 
16.8627611  0.5307750  0.0085770 
16.8756235  0.5367810  0.0066040 
16.8884830  0.5354910  0.0369560 
16.9013426  0.5275290  0.0056150 
16.9141982  0.5237770  0.0059190 
16.9270538  0.5472220  0.0060750 
16.9399035  0.5264720  0.0055460 
16.9527543  0.5443510  0.0056990 
16.9656021  0.5413850  0.0052900 
16.9784470  0.5530900  0.0064260 
16.9912909  0.5538800  0.0085690 
17.0041319  0.5943770  0.0101440 
17.0169710  0.6493690  0.0110910 
17.0298061  0.5962330  0.0099960 
17.0426432  0.5366680  0.0080350 
17.0554764  0.5294650  0.1454460 
17.0679034  0.5523360  0.0109770 
17.0807307  0.5132060  0.0117030 
17.0935571  0.5453030  0.0124230 
17.1063806  0.5099110  0.0088570 
17.1187977  0.5544050  0.0086140 
17.1320236  0.5424520  0.0145430 
17.1448422  0.5162870  0.0148830 
17.1572106  0.5093650  0.0097950 
17.1700214  0.5151800  0.0132040 
17.1827913  0.5314750  0.0128310 
17.1956011  0.5226660  0.0124680 
17.2084061  0.5157150  0.0081800 
17.2212101  0.5296320  0.0101590 
17.2340140  0.5346410  0.0083370 
17.2468131  0.5405030  0.0082190 
17.2596132  0.5428140  0.0086380 
17.2724094  0.5406190  0.0065210 
17.2852017  0.5509960  0.0064650 
17.2979949  0.5359740  0.0091230 
17.3107853  0.5484930  0.0054270 
17.3235717  0.5198920  0.0720460 
17.3363591  0.5648000  0.0066690 
17.3491417  0.5230440  0.0109860 
17.3619232  0.5584850  0.0088500 
17.3747048  0.5489290  0.0081790 
17.3874825  0.5499790  0.0095460 
17.4002562  0.5459860  0.0099320 
17.4130300  0.5426080  0.0079610 
17.4258018  0.5340700  0.0082670 
17.4381557  0.5298290  0.0148860 
17.4518502  0.5735050  0.0110430 
17.4659986  0.5593190  0.0104960 
17.4801442  0.5645120  0.0105060 
17.4938104  0.5404750  0.0126880 
17.5079511  0.5495160  0.0112200 
17.5220898  0.5394530  0.0128640 
17.5362237  0.5604970  0.0142510 
17.5498782  0.5706320  0.0093940 
17.5640092  0.5463160  0.0080210 
17.5781372  0.5412970  0.0093390 
17.5922623  0.5396990  0.0099510 
17.6063854  0.5382790  0.0066410 
17.6205086  0.5354380  0.0062840 
17.6346259  0.5398200  0.0088870 
17.6487432  0.5559510  0.0105830 
17.6628546  0.5520790  0.0076700 
17.6769671  0.5405420  0.0082870 
17.6910766  0.5360580  0.0076130 
17.7051832  0.5413720  0.0089240 
17.7192878  0.5425090  0.0094370 
17.7334480  0.5516550  0.0109470 
17.7475487  0.5431320  0.0114340 
17.7611009  0.5407050  0.0133730 
17.7753108  0.5610550  0.0136880 
17.7894047  0.5367280  0.0113100 
17.8034938  0.5510990  0.0117090 
17.8175818  0.5494030  0.0138760 
17.8311789  0.5384580  0.0092520 
17.8452611  0.5488840  0.0083810 
17.8593394  0.5646920  0.1761680 
17.8734178  0.5460190  0.0074340 
17.8874942  0.5326220  0.0075800 
17.9015666  0.5476850  0.0064350 
17.9156382  0.5544430  0.0067270 
17.9297067  0.5487010  0.0071040 
17.9437724  0.5519500  0.0078770 
17.9578361  0.5704100  0.0106260 
17.9718998  0.5497860  0.0071580 
17.9859577  0.5475350  0.0096700 
18.0000156  0.5414710  0.0084230 
18.0140715  0.5571430  0.0106700 
18.0281226  0.5622420  0.0098730 
18.0416767  0.5485910  0.0090390 
18.0557229  0.5666670  0.0103560 
18.0697681  0.5485360  0.0098640 
18.0833135  0.5308880  0.0104550 
18.0973529  0.5662160  0.1282810 
18.1113903  0.5557690  0.0106660 
18.1254258  0.5518680  0.0060930 
18.1394583  0.5684300  0.0076620 
18.1534879  0.5636310  0.0108930 
18.1675185  0.5544070  0.0077300 
18.1815442  0.5659890  0.0089120 
18.1955670  0.5720500  0.1935980 
18.2095898  0.5409770  0.0064190 
18.2236087  0.5812800  0.0077980 
18.2376237  0.5670670  0.0079150 
18.2516387  0.5580640  0.0071560 
18.2656508  0.5659220  0.0097040 
18.2796619  0.5722600  0.0084980 
18.2936701  0.5564470  0.0085730 
18.3076744  0.5505600  0.0122460 
18.3211711  0.5627680  0.0121640 
18.3351715  0.5536180  0.0084500 
18.3491699  0.5672270  0.0137090 
18.3626569  0.5755200  0.0109000 
18.3766504  0.5581500  0.0091940 
18.3906411  0.5685900  0.0106720 
18.4046288  0.5742640  0.0101460 
18.4186175  0.5824570  0.0088590 
18.4325994  0.5641060  0.0061330 
18.4465813  0.5726610  0.0055310 
18.4605612  0.5545870  0.0078610 
18.4745372  0.5301790  0.0105990 
18.4885133  0.5601760  0.0098370 
18.5024864  0.5911740  0.0105970 
18.5164565  0.5644110  0.0082630 
18.5304238  0.5591060  0.0086550 
18.5443901  0.5483880  0.0091760 
18.5583535  0.5549450  0.0086470 
18.5723168  0.5406010  0.0088170 
18.5862091  0.5505850  0.1920040 
18.5995850  0.5494800  0.0120440 
18.6135376  0.5466060  0.0176060 
18.6274893  0.5922200  0.0113640 
18.6414400  0.5741900  0.0088660 
18.6553858  0.5770300  0.2462230 
18.6688124  0.6800250  0.0124530 
18.6827553  0.7059480  0.0147300 
18.6966943  0.6913860  0.0147820 
18.7106313  0.6280380  0.0112890 
18.7245664  0.6004500  0.0094940 
18.7384996  0.5704570  0.0080450 
18.7524318  0.5994260  0.0089300 
18.7663591  0.5884740  0.0073950 
18.7802855  0.5615230  0.0078590 
18.7942118  0.6460380  0.0071730 
18.8081333  0.6007840  0.0096930 
18.8220518  0.5867350  0.0072160 
18.8359714  0.6045670  0.0097320 
18.8498860  0.5930910  0.0113130 
18.8637987  0.6105820  0.0144330 
18.8777095  0.6067240  0.0086150 
18.8910912  0.5549300  0.0078400 
18.9049971  0.5970170  0.0161120 
18.9189010  0.6466460  0.0174550 
18.9328030  0.6060280  0.0160300 
18.9465647  0.5460600  0.0098290 
19.0016076  0.6460140  0.0052340 
19.0167625  0.6476570  0.0081040 
19.0318979  0.6419520  0.0099600 
19.0470168  0.6768350  0.0118580 
19.0621210  0.6280290  0.0169100 
19.0770021  0.6564510  0.0092070 
19.0920733  0.6312600  0.0078880 
19.1071288  0.6098140  0.0074820 
19.1221678  0.6192600  0.0086650 
19.1371921  0.6106480  0.0107850 
19.1521999  0.5919070  0.0126290 
19.1671902  0.6168170  0.0103820 
19.1821668  0.6101940  0.0152890 
19.1971035  0.6333160  0.0112870 
19.2120479  0.5719730  0.0081400 
19.2416894  0.6120940  0.0088800 
19.2565871  0.6359200  0.0086540 
19.2714682  0.5911690  0.0981410 
19.2863328  0.6274570  0.0111910 
19.3011828  0.6396690  0.0084430 
19.3160191  0.6280300  0.0074960 
19.3308369  0.6206570  0.0107560 
19.3456401  0.6365460  0.0059080 
19.3604287  0.6244210  0.0109740 
19.3752017  0.6528010  0.0116430 
19.3899386  0.6517210  0.0936910 
19.4046785  0.6342500  0.0118060 
19.4194067  0.6309170  0.0052450 
19.4341173  0.6450270  0.0093410 
19.4488143  0.6509100  0.0120490 
19.4634967  0.6649160  0.0284830 
19.4781625  0.6821020  0.0061660 
19.4942157  0.6676730  0.0121560 
19.5107083  0.6709120  0.0186260 
19.5271843  0.6476530  0.0119740 
19.5436370  0.6534200  0.0169530 
19.5600721  0.6372130  0.2625960 
19.5764897  0.6983960  0.0124410 
19.5928858  0.6429170  0.0073340 
19.6092644  0.6111230  0.1452380 
19.6256255  0.6457950  0.0343720 
19.6419671  0.6455370  0.0136970 
19.6582882  0.6398120  0.0115780 
19.6745928  0.6310780  0.3530030 
19.6908769  0.6272150  0.0105140 
19.7071444  0.6488260  0.0112730 
19.7233915  0.6368390  0.0056910 
19.7396239  0.6344070  0.0055660 
19.7558340  0.6395890  0.0076450 
19.7720265  0.6381920  0.0076830 
19.7882034  0.6145820  0.0853000 
19.8043589  0.6426580  0.0131010 
19.8204969  0.6412080  0.0804140 
19.8366193  0.6493930  0.0137950 
19.8527212  0.6438100  0.0044830 
19.8688046  0.6551560  0.0080750 
19.8848733  0.6585470  0.0053720 
19.9009236  0.6522180  0.1480300 
19.9169525  0.6766970  0.0054610 
19.9329677  0.6733590  0.0098410 
19.9489634  0.6715600  0.0058200 
19.9649435  0.6728060  0.0074390 
19.9808983  0.6841120  0.0068590 
19.9968385  0.6663330  0.0209000 
20.0127631  0.6719270  0.0125330 
20.0286730  0.6863380  0.0096120 
20.0445655  0.6702070  0.3581140 
20.0604384  0.6883590  0.0062090 
20.0762938  0.6649270  0.0068800 
20.0921337  0.6696670  0.0052080 
20.1079569  0.6950520  0.0072120 
20.1237617  0.6847950  0.0086730 
20.1395518  0.6912030  0.0080960 
20.1553235  0.6913700  0.0125040 
20.1710776  0.6894900  0.3981490 
20.1868170  0.6688540  0.0301030 
20.2025390  0.6954790  0.0300670 
20.2182453  0.7024240  0.0098590 
20.2339322  0.6921950  0.0171170 
20.2496054  0.6865280  0.0075930 
20.2652523  0.6704220  0.2373540 
20.2808895  0.6946580  0.0096010 
20.2965082  0.7007720  0.2381260 
20.3121142  0.7008940  0.0065310 
20.3277056  0.6804990  0.0212700 
20.3432784  0.6797450  0.0141240 
20.3587256  0.6713790  0.0110450 
20.3785970  0.6524790  0.2663950 
20.3962003  0.6183900  0.0279530 
20.4137812  0.6744570  0.0197040 
20.4313426  0.6796750  0.0241980 
20.4488806  0.6645720  0.0094040 
20.4664010  0.7181340  0.0193040 
20.4838981  0.6907350  0.0140050 
20.5013776  0.6668480  0.0310260 
20.5188328  0.7465080  0.0136220 
20.5362685  0.7288300  0.4909670 
20.5536847  0.7522320  0.4104470 
20.5710824  0.6995770  0.0098700 
20.5884567  0.7097590  0.0223500 
20.6058135  0.7065020  0.0108920 
20.6231479  0.6869100  0.1333040 
20.6404628  0.6838640  0.0259560 
20.6577601  0.6617620  0.0087770 
20.6750351  0.6832650  0.0057000 
20.6922886  0.7161150  0.0117660 
20.7095246  0.6867620  0.0114640 
20.7267401  0.7099870  0.0131720 
20.7439361  0.7321650  0.0175120 
20.7611146  0.7149690  0.0085820 
20.7782707  0.7023720  0.0076030 
20.7954072  0.6823040  0.0293940 
20.8125263  0.7489710  0.4553400 
20.8296259  0.6912620  0.0063260 
20.8467050  0.6890970  0.0224400 
20.8637666  0.7159730  0.0128790 
20.8808067  0.7089240  0.0112260 
20.9148324  0.7525400  0.0083170 
20.9318170  0.6949880  0.0381690 
20.9487812  0.6941170  0.0094930 
20.9657268  0.6877230  0.0059640 
20.9826559  0.6840010  0.0059640 
20.9995645  0.6935350  0.0120340 
21.0164546  0.7005690  0.3230660 
21.0333281  0.7011940  0.0129740 
21.0501793  0.7180600  0.0117220 
21.0670148  0.6956920  0.0118450 
21.0838328  0.6653600  0.0973570 
21.1006294  0.7012410  0.0068900 
21.1174104  0.7137390  0.0084620 
21.1341719  0.6827030  0.0082070 
21.1509148  0.6947410  0.0289810 
21.1676413  0.7154570  0.0125100 
21.1843472  0.6931070  0.1338700 
21.2010386  0.6888100  0.1103530 
21.2177095  0.7088330  0.0069700 
21.2343628  0.7736220  0.4383660 
21.2509967  0.7219090  0.1047890 
21.2676140  0.6915520  0.0179320 
21.2842138  0.7126730  0.0047160 
21.3007950  0.7327740  0.0183390 
21.3173597  0.7110670  0.0106280 
21.3339059  0.7525870  0.0070080 
21.3504375  0.7186770  0.0106490 
21.3669486  0.7015710  0.0906790 
21.3834431  0.7196270  0.0055780 
21.3999201  0.6621520  0.1902440 
21.4163806  0.7510850  0.0094320 
21.4328235  0.6853540  0.1536180 
21.4492508  0.7196460  0.0145690 
21.4656586  0.7260520  0.0064050 
21.4820489  0.8122890  0.0299730 
21.4984246  0.7347340  0.0087480 
21.5147808  0.7335360  0.0050320 
21.5311194  0.7074650  0.0194570 
21.5494515  0.7790820  0.0457100 
21.5680846  0.7223360  0.0098950 
21.5866972  0.7389970  0.0124080 
21.6052874  0.7475400  0.0097110 
21.6238552  0.7607410  0.0161080 
21.6424006  0.7363640  0.1177070 
21.6609246  0.7691340  0.0139160 
21.6794232  0.7513890  0.1709360 
21.6979043  0.7593710  0.0336780 
21.7163611  0.7490410  0.1834630 
21.7347954  0.7395410  0.0230990 
21.7532093  0.7485260  0.0233050 
21.7716007  0.7492180  0.0266640 
21.7899737  0.7408750  0.0172700 
21.8083203  0.7469570  0.0105400 
21.8266485  0.7293390  0.0096520 
21.8449542  0.7109850  0.1461250 
21.8632385  0.7467400  0.0811110 
21.8815033  0.7427850  0.1528430 
21.8997447  0.7310650  0.0230730 
21.9179647  0.7449580  0.0090000 
21.9361652  0.7406880  0.0166210 
21.9543443  0.7321630  0.0113030 
21.9725019  0.7438600  0.0185330 
21.9906391  0.7424140  0.0110150 
22.0087539  0.7258980  0.0099350 
22.0268472  0.7731190  0.4448910 
22.0449230  0.7331220  0.1800600 
22.0629784  0.7426500  0.0133330 
22.0810133  0.7438860  0.0138500 
22.0990257  0.7563640  0.2010070 
22.1170197  0.7548330  0.0220370 
22.1349932  0.7782490  0.0131640 
22.1529443  0.7423670  0.4902740 
22.1708759  0.7605120  0.0152370 
22.1887899  0.7700960  0.0139770 
22.2245548  0.7606850  0.0124390 
22.2424074  0.7461770  0.0198420 
22.2602416  0.7668260  0.0273350 
22.2780534  0.7523250  0.0589750 
22.2958466  0.7620000  0.0137690 
22.3136204  0.7691480  0.0200290 
22.3313767  0.7523220  0.0934550 
22.3491105  0.7923920  0.0130400 
22.3668258  0.7774320  0.0525020 
22.3845216  0.7828110  0.0144280 
22.4021999  0.7669610  0.0085700 
22.4198578  0.7674910  0.3425840 
22.4374961  0.7620760  0.3291650 
22.4551150  0.7600300  0.0124580 
22.4727163  0.7739660  0.0066410 
22.4902942  0.7736430  0.0125720 
22.5078546  0.7613420  0.0156350 
22.5253995  0.7620480  0.0101550 
22.5429228  0.7563730  0.0081550 
22.5604297  0.7409450  0.0147680 
22.5779141  0.7643210  0.0199880 
22.5953839  0.7935520  0.0147580 
22.6128332  0.7518560  0.0358630 
22.6302640  0.7750560  0.0115420 
22.6476763  0.7462980  0.0062430 
22.6650701  0.7597320  0.0237510 
22.6824464  0.7627670  0.0101580 
22.6998051  0.7524640  0.0076660 
22.7171463  0.7602240  0.0079000 
22.7344622  0.7610470  0.0172070 
22.7517664  0.7443410  0.1303300 
22.7690491  0.7545000  0.0117700 
22.7863163  0.7561890  0.0174780 
22.8035649  0.7505560  0.0354820 
22.8207950  0.7965380  0.3939370 
22.8380095  0.7682990  0.3400680 
22.8552046  0.7906030  0.0087690 
22.8723811  0.8214990  0.3518640 
22.8895440  0.7740090  0.0440750 
22.9066826  0.8002930  0.0162770 
22.9238075  0.7919070  0.0293610 
22.9409110  0.7666610  0.0182880 
22.9750731  0.7776290  0.0144330 
22.9921288  0.8179820  0.0412840 
23.0006245  0.7984310  0.0416930 
23.0202397  0.8442170  0.0130070 
23.0398314  0.8003100  0.1068950 
23.0593989  0.7962430  0.0300250 
23.0789449  0.8293750  0.0219570 
23.0984655  0.8085250  0.0163160 
23.1179764  0.8282150  0.5091490 
23.1374513  0.7737250  0.3631560 
23.1569125  0.8398640  0.0092830 
23.1763445  0.7782330  0.3797680 
23.1957531  0.7917610  0.1548710 
23.2151422  0.8154290  0.2022630 
23.2345060  0.8200920  0.3679680 
23.2538484  0.8157680  0.0226880 
23.2731693  0.8273880  0.0199090 
23.2924659  0.8641790  0.5542400 
23.3117440  0.8241140  0.0113210 
23.3309879  0.8163210  0.0122530 
23.3502212  0.7974330  0.1179410 
23.3694213  0.8527610  0.0202690 
23.3883817  0.8726430  0.0170190 
23.4077777  0.8427090  0.1298030 
23.4269242  0.8598750  0.0336100 
23.4460473  0.8867970  0.5443140 
23.4651491  0.8406060  0.0268960 
23.4842303  0.8477310  0.0075030 
23.5030524  0.8088300  0.0114830 
23.5220908  0.8288760  0.0095460 
23.5411068  0.8227260  0.0128420 
23.5601004  0.8265430  0.0082160 
23.5790754  0.8182740  0.0162790 
23.5980281  0.8541770  0.4737140 
23.6169602  0.8418190  0.0162090 
23.6358720  0.8321260  0.0205640 
23.6547633  0.8371890  0.0138770 
23.6736321  0.8423990  0.0169900 
23.6924834  0.8381240  0.0076150 
23.7113114  0.8558530  0.3174670 
23.7301208  0.8282830  0.0085730 
23.7489098  0.8349800  0.0109850 
23.7676773  0.8524720  0.0181930 
23.7864254  0.8417910  0.0148390 
23.8051530  0.8667730  0.0152460 
23.8238601  0.8639000  0.0111410 
23.8425487  0.8588400  0.4141260 
23.8611974  0.8558340  0.0187670 
23.8798431  0.8502890  0.0165330 
23.8984684  0.8261040  0.2873000 
23.9170762  0.8305140  0.0141960 
23.9356645  0.8523460  0.0413350 
23.9542303  0.8539020  0.0176600 
23.9727796  0.8487730  0.0136400 
23.9913075  0.8564900  0.0192100 
24.0098178  0.8445920  0.0160430 
24.0283077  0.8465910  0.2776150 
24.0467771  0.8281380  0.0142530 
24.0649532  0.8331890  0.0108060 
24.0833837  0.8359760  0.0258660 
24.1020742  0.8381620  0.1872420 
24.1204472  0.8421630  0.0645450 
24.1388201  0.8149040  0.0229730 
24.1571746  0.8836520  0.2959410 
24.1752280  0.8347830  0.0230140 
24.1935435  0.8290680  0.0145440 
24.2118375  0.8567810  0.0739050 
24.2301179  0.8658930  0.0089970 
24.2483778  0.9403590  0.3296840 
24.2666183  0.9802210  0.0093480 
24.2848412  0.9922220  0.4626470 
24.3030329  0.9205630  0.0132960 
24.3212071  0.8768460  0.0094800 
24.3393745  0.8225500  0.4750010 
24.3575205  0.8659270  0.0172600 
24.3756479  0.8803490  0.0068260 
24.3937607  0.8793310  0.0157880 
24.4118531  0.8397310  0.0110050 
24.4299289  0.8102260  0.5472320 
24.4479871  0.8726220  0.0142530 
24.4714497  0.8764940  0.0108220 
24.4923782  0.8913530  0.0468220 
24.5132843  0.8987430  0.0071480 
24.5341641  0.8641750  0.0210080 
24.5550175  0.8788800  0.0125970 
24.5758486  0.8920130  0.0280380 
24.5966543  0.8900540  0.0230900 
24.6174376  0.8911370  0.0166680 
24.6381966  0.9020100  0.0188730 
24.6589293  0.8832000  0.0473760 
24.6796415  0.8833370  0.2844340 
24.6999123  0.9635280  0.0165000 
24.7205729  0.9217950  0.0441610 
24.7412091  0.8960280  0.4377220 
24.7618229  0.8995450  0.0064740 
24.7824123  0.8999000  0.0280410 
24.8029784  0.9071910  0.0069230 
24.8235220  0.9039650  0.4064180 
24.8440433  0.8924710  0.0092030 
24.8645382  0.9006420  0.0726340 
24.9050302  0.9005570  0.0074360 
24.9254560  0.9080810  0.3720490 
24.9458603  0.9127940  0.0217460 
24.9662403  0.9068930  0.0059100 
24.9865978  0.9022570  0.0165160 
25.0069310  0.9155090  0.0293400 
25.0272428  0.9382900  0.0056500 
25.0475331  0.9102300  0.0117490 
25.0677991  0.9089470  0.0663620 
25.0880456  0.9139720  0.0141600 
25.1082677  0.9143800  0.0790390 
25.1486448  0.8728500  0.2561220 
25.1687714  0.9120070  0.0697330 
25.1888747  0.9223220  0.0353040 
25.2089867  0.9498010  0.0232090 
25.2290754  0.8779750  0.2586790 
25.2491407  0.9138130  0.0111340 
25.2892089  0.9065190  0.0136300 
25.3092118  0.9171220  0.0103040 
25.3291923  0.8537140  0.4098810 
25.3491524  0.9050320  0.0114820 
25.3690900  0.8919980  0.0505300 
25.3890072  0.8923830  0.0102830 
25.4089020  0.9059870  0.0076090 
25.4287763  0.9162070  0.0056060 
25.4486282  0.9658200  0.4877550 
25.4684597  0.8965920  0.0107390 
25.4882726  0.9041750  0.0099370 
25.5080641  0.9148490  0.0063660 
25.5278020  0.9098030  0.0130830 
25.5475156  0.8956080  0.0524420 
25.5869486  0.9079940  0.0415600 
25.6066348  0.9006740  0.0143460 
25.6262997  0.8901930  0.0239510 
25.6459431  0.8907950  0.0215180 
25.6655690  0.9022100  0.0094550 
25.6851734  0.9030370  0.0184370 
25.7047564  0.9064760  0.0471130 
25.7243200  0.9333050  0.0149700 
25.7438659  0.9254950  0.0112140 
25.7633574  0.9811350  0.3457470 
25.7828235  0.9616080  0.0307590 
25.8023071  1.0066960  0.0432200 
25.8217693  1.1373940  0.0168270 
25.8412120  1.3180750  0.0173980 
25.8606372  1.3804040  0.0101510 
25.8800390  1.0790900  0.0059210 
25.8989273  1.0044050  0.0075750 
25.9182901  0.9656440  0.0070410 
25.9376354  1.0044190  0.0066250 
25.9568911  1.0177310  0.0200940 
25.9761945  0.9541830  0.0243330 
25.9954784  0.9425060  0.1798460 
26.0147428  0.8966310  0.0092060 
26.0339897  0.9103180  0.0329870 
26.0532171  0.9133720  0.0082230 
26.0724260  0.9083380  0.0063740 
26.0916173  0.9316500  0.0067410 
26.1107872  0.9080220  0.0095330 
26.1298665  0.9226100  0.0167050 
26.1489975  0.9194100  0.0115560 
26.1681099  0.9093490  0.0141310 
26.1872038  0.9454240  0.3122530 
26.2062792  0.8848910  0.0218010 
26.2253361  0.9447810  0.0126300 
26.2443755  0.9174290  0.2948910 
26.2633973  0.8895950  0.0084320 
26.2823217  0.8855530  0.0171680 
26.3013046  0.9065880  0.0249820 
26.3202679  0.8931860  0.0123580 
26.3392138  0.8876370  0.0146100 
26.3581401  0.9832340  0.0250490 
26.3765228  0.9367670  0.0075310 
26.3954141  0.9337140  0.0142290 
26.4147379  0.9827070  0.0259150 
26.4335922  0.9261750  0.0157720 
26.4518969  0.9643850  0.0121830 
26.4707112  0.9172700  0.0392260 
26.4895119  0.9121250  0.0764000 
26.5082960  0.8938720  0.0073820 
26.5275955  0.9201460  0.3767710 
26.5457249  0.9106990  0.0155730 
26.5644534  0.9267840  0.0199830 
26.5831625  0.8980580  0.0156580 
26.6088883  0.9583650  0.0095000 
26.6307833  1.0156920  0.0119630 
26.6519641  0.9976730  0.0157550 
26.6738065  0.9609820  0.4340750 
26.6956265  1.0186400  0.0253700 
26.7174201  0.9825430  0.0099580 
26.7391904  0.9922130  0.0142820 
26.7609353  0.9852190  0.0093410 
26.7826569  0.9863150  0.0136310 
26.8036555  1.0109300  0.0077760 
26.8253293  0.9784420  0.0069420 
26.8469768  0.9856580  0.0123710 
26.8686029  0.9833270  0.0075770 
26.8902036  1.0141450  0.0098620 
26.9117820  0.9925360  0.0208240 
26.9333369  0.9792870  0.0084170 
26.9548685  0.9847040  0.0100860 
26.9763767  0.9872380  0.0107700 
26.9978585  0.9883130  0.0144430 
27.0193219  0.9981340  0.0657160 
27.0407609  1.0209820  0.4919890 
27.0621064  0.9807230  0.0203430 
27.0834977  0.9600470  0.0102480 
27.1047915  1.0136520  0.0158460 
27.1261360  1.0519410  0.0126430 
27.1474601  0.9752150  0.0152770 
27.1687597  1.0032210  0.0246210 
27.1900370  0.9489230  0.2511450 
27.2112919  0.9992670  0.0193420 
27.2325253  0.9461000  0.0237370 
27.2537373  1.0008620  0.0156030 
27.2749260  0.9937720  0.0099390 
27.2960912  0.9762850  0.0116290 
27.3172350  0.9771130  0.0056000 
27.3383583  0.9889720  0.0507600 
27.3594593  1.0043010  0.3972270 
27.3805378  1.0489780  0.0095670 
27.4007025  0.9920800  0.0166490 
27.4217323  0.9905320  0.0267220 
27.4434840  0.9938390  0.3437880 
27.4637315  0.9705420  0.0307610 
27.4846989  0.9600450  0.0127760 
27.5056450  0.9996420  0.3957070 
27.5265696  1.0054660  0.0185240 
27.5474737  0.9948530  0.0095770 
27.5683554  0.9899090  0.0075230 
27.5884655  0.9763010  0.0138580 
27.6100585  1.0056220  0.0142610 
27.6307171  1.0065540  0.0162770 
27.6507570  1.0077350  0.0939360 
27.6715325  1.0576810  0.0063530 
27.6922847  1.0059700  0.0218690 
27.7130173  0.9959330  0.0107670 
27.7337295  1.0009290  0.0079590 
27.7544223  0.9864190  0.0083240 
27.7750935  1.0122140  0.0095580 
27.7957443  1.0109280  0.0130420 
27.8162938  0.9939070  0.0054960 
27.8368190  1.0314300  0.0148480 
27.8574065  1.0202310  0.0097080 
27.8985210  1.0219830  0.0153440 
27.9190501  1.0201830  0.0098860 
27.9395577  1.0221010  0.0087170 
27.9600477  1.0306860  0.0144190 
27.9805164  0.9896400  0.0161220 
28.0007921  1.0584490  0.0276620 
28.0212188  0.9896020  0.1374420 
28.0416241  1.0219990  0.0113790 
28.0620119  0.9818230  0.0086300 
28.0823821  1.0436240  0.0076600 
28.1027309  1.0188750  0.0074190 
28.1230602  1.0039810  0.0200120 
28.1433710  1.0128430  0.1339350 
28.1634840  1.0125990  0.0254350 
28.1837519  1.0914060  0.0239790 
28.2040033  1.0398180  0.0187980 
28.2242332  1.0252420  0.0226990 
28.2444476  1.0560270  0.3772570 
28.2774211  1.1004450  0.4539240 
28.3013260  1.1858540  0.0626130 
28.3242069  1.0864130  0.0176030 
28.3480563  1.0621110  0.0098320 
28.3718774  1.0996580  0.4807630 
28.3956732  1.1093610  0.0083110 
28.4194408  1.0858810  0.0112250 
28.4421765  1.0717390  0.0100310 
28.4658885  1.0643170  0.0091450 
28.4895742  1.0890230  0.0766990 
28.5132346  1.1262940  0.4574260 
28.5368657  1.0797570  0.0091490 
28.5604716  1.0619460  0.0110940 
28.5840520  1.0850640  0.6277660 
28.6076052  1.0963860  0.0105410 
28.6311331  1.0934110  0.0876470 
28.6546356  1.1298420  0.0179690 
28.6781109  1.1284210  0.0134040 
28.7015608  1.1378090  0.0153920 
28.7249844  1.1314060  0.0104870 
28.7483837  1.0576100  0.0245570 
28.7717557  1.1438550  0.4807220 
28.7951033  1.1290720  0.2288140 
28.8184285  1.0855520  0.0098860 
28.8417245  1.0079620  0.0115130 
28.8639624  1.1702630  0.0218850 
28.8872077  1.0690560  0.0069610 
28.9104287  1.0473550  0.5016200 
28.9336243  1.1404860  0.4535620 
28.9567946  1.0626550  0.0148450 
28.9788991  1.0617880  0.4153510 
29.0030641  1.0833790  0.0084910 
29.0261613  1.0803510  0.0088080 
29.0480446  1.0520180  0.0089890 
29.0710892  1.0257770  0.2155440 
29.0939643  1.1918080  0.4075190 
29.1169593  1.0954960  0.0118260 
29.1399308  1.0905170  0.0137160 
29.1628790  1.0903840  0.0128360 
29.2087032  1.1285570  0.0314580 
29.2315822  1.0898660  0.0124470 
29.2544349  1.0759030  0.4607070 
29.2772623  1.1122820  0.0338140 
29.3000692  1.1414980  0.0115480 
29.3228517  1.1830300  0.6124480 
29.3456128  1.1271170  0.4234730 
29.3683486  1.1062850  0.0138750 
29.3910639  1.0996740  0.1379390 
29.4135980  1.1338810  0.0237430 
29.4350351  1.0365500  0.2647250 
29.4587490  1.0541350  0.0204400 
29.4813659  1.0914980  0.0147030 
29.5028868  1.1265650  0.0129610 
29.5254599  1.1067640  0.1136000 
29.5480076  1.0722260  0.0085320 
29.5705359  1.0613670  0.3380200 
29.5919564  1.1071070  0.0142710 
29.6144378  1.1093620  0.0075520 
29.6379842  1.0958670  0.0100170 
29.6591748  1.0975250  0.0855520 
29.6814244  1.1371170  0.0197680 
29.7038124  1.1036320  0.0144120 
29.7261808  1.1403020  0.0119590 
29.7485249  1.1043150  0.1558990 
29.7708505  1.0745110  0.0102770 
29.7931537  1.0930250  0.0126350 
29.8154345  1.1393400  0.0079460 
29.8376929  1.1292210  0.0072670 
29.8599328  1.2167390  0.5297250 
29.8819817  1.0960370  0.0221800 
29.9040043  1.0762520  0.2236560 
29.9261740  1.1615630  0.0189570 
29.9483242  1.1441800  0.0132310 
29.9704530  1.0699550  0.0086490 
29.9925614  1.0741030  0.3467730 
30.0146483  1.0702730  0.0119370 
30.0367157  1.0834660  0.0108180 
30.0573022  1.1619320  0.0297060 
30.0793209  1.1060460  0.0230390 
30.1024347  1.1059460  0.0098460 
30.1232989  1.0654710  0.0189530 
30.1452572  1.1135220  0.3815050 
30.1671960  1.0946940  0.0118010 
30.1879920  1.0357020  0.4009560 
30.2325312  1.2018360  0.5628370 
30.2532590  1.1285260  0.0184020 
30.2750896  1.1324950  0.0115830 
30.2969028  1.0680470  0.2818430 
30.3057054  1.1603160  0.0523340 
30.3318307  1.1301200  0.0155330 
30.3579248  1.1665060  0.0238070 
30.3825848  1.1802630  0.0733530 
30.4088474  1.1066280  0.1885450 
30.4348529  1.2148960  0.0117780 
30.4608281  1.2093130  0.0936210 
30.4867732  1.1842630  0.0146280 
30.5126910  1.2107100  0.0203500 
30.5385766  1.1410560  0.1726230 
30.5646668  1.2459080  0.0337240 
30.5904979  1.0201280  0.0131100 
30.6163016  1.2244120  0.0227210 
30.6420723  1.1434850  0.0176010 
30.6678176  1.2147070  0.1911160 
30.6921035  1.1676130  0.0211930 
30.7177884  1.2518300  0.6612700 
30.7434460  1.1723420  0.0182700 
30.7690735  1.3123470  0.5670100 
30.7946756  1.1427980  0.0186700 
30.8202475  1.2292810  0.0228160 
30.8441076  1.1866060  0.0150460 
30.8696200  1.2241720  0.0187600 
30.8951081  1.2054580  0.1395040 
30.9205670  1.1732500  0.0092530 
30.9459996  1.2105510  0.0289180 
30.9711496  1.1936380  0.0324710 
30.9965228  1.1713350  0.2244270 
31.0218716  1.2182170  0.0292470 
31.0457414  1.1831600  0.0807740 
31.0710347  1.2037800  0.0179350 
31.0962997  1.2269370  0.0812700 
31.1229959  1.2090170  0.0248160 
31.1482093  1.1674500  0.0148170 
31.1733983  1.1809860  0.2484030 
31.1970957  1.1987130  0.0229050 
31.2222301  1.2221330  0.0204000 
31.2473363  1.1962170  0.0648680 
31.2709509  1.1883240  0.0122080 
31.2960045  1.2531760  0.0104400 
31.3210279  1.2113010  0.0133410 
31.3460337  1.2024580  0.0821750 
31.3710084  1.1880720  0.0086570 
31.3959587  1.1919780  0.0112450 
31.4208856  1.2027270  0.0100730 
31.4457862  1.2319880  0.0090300 
31.4706576  1.2347610  0.0160010 
31.4955066  1.2352660  0.0179010 
31.5200585  1.2083770  0.0281640 
31.5448558  1.2319330  0.0765520 
31.5678576  1.2883840  0.0219420 
31.5926023  1.2486530  0.0338430 
31.6188085  1.2233790  0.3731490 
31.6435084  1.2097740  0.0173950 
31.6666855  1.2614810  0.1172740 
31.6913338  1.2286470  0.3162300 
31.7159519  1.2307320  0.0228200 
31.7390540  1.1483420  0.3231320 
31.7636243  1.2062540  0.0112520 
31.7896746  1.1489780  0.0184450 
31.8142001  1.1871160  0.0145690 
31.8369047  1.1118920  0.0104000 
31.8610844  1.2617860  0.0166080 
31.8855320  1.2644030  0.0297300 
31.9099571  1.1941680  0.0322040 
31.9343609  1.2358460  0.0168590 
31.9587334  1.2270430  0.0091450 
31.9830924  1.1845790  0.0865470 
32.0074211  1.2537120  0.0074350 
32.0317313  1.2439780  0.0098220 
32.0560152  1.2910860  0.0228500 
32.0787568  1.1846590  0.0245450 
32.1023909  1.2272420  0.0874470 
32.1266007  1.2556520  0.0251790 
32.1507882  1.2730150  0.3887270 
32.1749493  1.1999830  0.0097700 
32.1990929  1.2314350  0.0198480 
32.2216855  1.2167990  0.0149280 
32.2457804  1.2694330  0.1236080 
32.2698558  1.1975980  0.0160810 
32.2954413  1.1530010  0.2072970 
32.3176257  1.2133500  0.0185480 
32.3413153  1.2733750  0.3681440 
32.3652942  1.2933000  0.0329610 
32.3892547  1.2264100  0.0798750 
32.4131898  1.2327150  0.1339360 
32.4371093  1.2762820  0.0161050 
32.4610035  1.2539860  0.0111390 
32.4848753  1.1827710  0.0183060 
32.5087286  1.2850790  0.0285800 
32.5322321  1.2291430  0.3365540 
32.5557093  1.3517760  0.0252420 
32.5794914  1.1879750  0.0214880 
32.6017021  1.3146240  0.0222030 
32.6254433  1.3237870  0.0205360 
32.6476091  1.2885720  0.4003150 
32.6728595  1.0474460  0.0478990 
32.6958691  1.2997840  0.0643110 
32.7179638  1.2792000  0.0257420 
32.7415939  1.2850050  0.0748130 
32.7652017  1.2116570  0.0285100 
32.7887870  1.3064820  0.3494290 
32.8123578  1.2030300  0.0189680 
32.8374708  1.1889560  0.0171240 
32.8587481  1.2933470  0.0360790 
32.8822516  1.2420570  0.1450990 
32.9057336  1.1793020  0.0360110 
32.9291923  1.4136440  0.2002230 
32.9526364  1.1378930  0.0212760 
32.9760581  1.5514780  0.0317610 
32.9991163  1.3069340  0.0619500 
33.0205680  1.2917340  0.0380990 
33.0454988  1.3596120  0.5910070 
33.0688387  1.4329520  0.0184840 
33.0905777  1.2558440  0.0530560 
33.1138767  1.1679130  0.0262350 
33.1258622  1.6266390  0.0331150 
33.1540900  1.4070390  0.6817940 
33.1803137  1.5407050  0.0380240 
33.2084743  1.3762330  0.0171450 
33.2366056  1.3426360  0.0563770 
33.2647106  1.1908440  0.0297500 
33.2927816  1.3350300  0.0309100 
33.3208233  1.4294130  0.0282810 
33.3488309  1.3140960  0.1313590 
33.3768170  1.4757990  0.2814940 
33.4047662  1.4821830  0.0131360 
33.4326880  2.0512500  0.0869290 
33.4605816  1.8830870  0.0273740 
33.4884412  1.4371250  0.2173610 
33.5142859  1.3632900  0.0182980 
33.5420859  1.4078180  0.0438650 
33.5678644  1.3190970  0.0477350 
33.5956089  1.3197040  0.0271080 
33.6233233  1.4289600  0.4404740 
33.6510074  1.2281760  0.0436250 
33.6786633  1.4620690  0.0468150 
33.7062919  1.3354250  0.0208630 
33.7338913  1.3885560  0.0119070 
33.7614682  1.3248520  0.0182480 
33.7890082  1.3241210  0.0152370 
33.8165257  1.4682630  0.0311460 
33.8440131  1.4638580  0.0131940 
33.8694612  1.3019930  0.0219530 
33.8968891  1.3852230  0.0137520 
33.9242956  1.2912270  0.0183330 
33.9516719  1.3732210  0.0294750 
33.9790218  1.3100260  0.0279500 
34.0038484  1.5362870  0.0336750 
34.0311399  1.3241400  0.0495800 
34.0584041  1.3668910  0.0296250 
34.0851598  1.3311790  0.0313240 
34.1123655  1.3788500  0.0235210 
34.1375195  1.3634430  0.1446760 
34.1667021  1.3338550  0.0229760 
34.1938289  1.1901120  0.0199830 
34.2209343  1.4185150  0.0153140 
34.2480057  1.4124250  0.0163290 
34.2750546  1.3692110  0.0246260 
34.3000419  1.4202670  0.0291640 
34.3249942  1.3959640  0.8431500 
34.3519661  1.3632690  0.0269960 
34.3809519  1.3687860  0.3660880 
34.4078702  1.2496560  0.1306740 
34.4322175  1.5703040  0.0513960 
34.4590813  1.4292890  0.0350470 
34.4854131  1.2659590  0.0327330 
34.5101734  1.2479930  0.0263150 
34.5369544  1.4854190  0.0196320 
34.5657697  1.3181750  0.0507000 
34.5925068  1.4358100  0.0619010 
34.6192177  1.6865720  0.0375840 
34.6459061  1.3770530  0.0181660 
34.6705066  1.2040730  0.2461570 
34.6971473  1.4582850  0.0357560 
34.7237578  1.2758060  0.0249820 
34.7503498  2.0711140  0.0628280 
34.7737899  2.6180200  0.0785290 
34.8003196  2.0327370  0.0350010 
34.8268297  1.5824840  0.0319880 
34.8533174  1.1404720  0.0369260 
34.8797759  1.5278950  0.0453350 
34.9062159  1.3218980  0.1670900 
34.9326296  1.3079720  0.0234550 
34.9590247  1.4173920  0.0337530 
34.9853897  1.4946920  0.0719300 
35.0085668  1.0059450  0.0588260 
35.0348802  1.4089790  0.0641790 
35.0611711  1.3915730  0.0503330 
35.0874396  1.3949290  0.0413410 
35.1115978  1.3561200  0.0271440 
35.1378215  1.4150590  0.0128250 
35.1640199  1.6844060  0.0369500 
35.1922886  1.1445550  0.1581190 
35.2157960  1.9195320  0.1471900 
35.2419232  1.2782710  0.0438710 
35.2653634  1.2044940  0.0337240 
35.2935386  1.6034310  0.0836580 
35.3195996  1.1601360  0.0496750 
35.3456382  1.4188250  0.0234570 
35.3716543  1.4303750  0.0340240 
35.3955446  1.8398900  0.0598370 
35.4215189  1.2278080  0.0579820 
35.4463055  1.4167660  0.0593260 
35.4722243  1.3685920  0.0688370 
35.4960181  1.2378890  0.0458020 
35.5218930  1.3830390  0.0377820 
35.5477533  1.4414200  0.0555780 
35.5756976  2.0725510  0.2535660 
35.5988114  1.0846580  0.0484140 
35.6240062  1.2807010  0.5926780 
35.6497730  2.0370030  0.0346750 
35.6755144  1.4156230  0.0346990 
35.7012403  1.7782130  0.4077370 
35.7269437  0.8958600  0.0154040 
35.7526296  2.8335240  0.1066770 
35.7749591  1.3963530  0.0907640 
35.8005885  1.5032370  0.0553190 
35.8262032  1.2147670  0.3142940 
35.8496697  1.6071060  0.0900050 
35.8752436  1.2065480  0.0462790 
35.9029277  1.1676770  0.0372270 
35.9257141  1.3451390  0.0445900 
35.9506002  1.2748370  0.1063580 
