10.004904	19.843178	0.168181
10.012988	19.821068	0.265018
10.021071	20.061617	0.202315
10.029154	19.98904	0.242804
10.037234	19.857481	0.252807
10.045313	20.187817	0.357508
10.053392	20.036068	0.263374
10.061468	20.614925	0.270522
10.069544	20.017817	0.286893
10.077618	20.335691	0.211414
10.08569	20.41297	0.280344
10.093762	20.438665	0.325779
10.101832	20.455271	0.28125
10.109901	20.703838	0.260588
10.118013	20.741114	0.271551
10.12608	20.580944	0.259784
10.134145	20.780186	0.100655
10.142208	21.360886	0.110045
10.15027	21.138359	0.259601
10.158331	20.886923	0.138558
10.16639	21.511604	0.182874
10.174449	21.38652	0.258575
10.182506	21.4286		0.343544
10.190561	20.410213	1.363828
10.198615	21.548252	0.115403
10.206668	21.653618	0.368596
10.21472	21.700827	0.252796
10.222769	22.356138	0.250228
10.230818	21.722063	0.205034
10.238866	21.952446	0.24753
10.246912	22.057314	0.181571
10.254956	22.22197	0.107933
10.263		22.44821	0.081886
10.271043	22.139132	0.186335
10.279083	22.452557	0.11378
10.287123	22.569836	0.055955
10.295161	22.416286	0.163646
10.303198	22.546257	0.097052
10.311234	22.616655	0.12144
10.319268	22.813379	0.131924
10.327301	22.676155	0.040525
10.335333	22.775881	0.201794
10.343363	22.91469	0.165158
10.351392	22.721035	0.166105
10.359468	23.100393	0.213362
10.367495	23.341066	0.317636
10.37552	22.740353	0.190585
10.383543	23.203382	0.250616
10.391566	23.226244	0.205222
10.399588	22.995611	0.249022
10.407607	23.174248	0.119056
10.415627	23.381897	0.055174
10.423643	22.969107	0.038888
10.43166	23.620192	0.055247
10.439674	23.32902	0.140641
10.447687	23.81234	0.097612
10.455699	23.560585	0.072749
10.46371	23.841105	0.102333
10.47172	24.142385	0.132801
10.479728	24.209402	0.080938
10.487734	24.364748	0.130696
10.495739	24.114426	0.089446
10.508369	24.486097	1.497389
10.516876	24.711161	0.309814
10.525383	26.319862	0.270574
10.533886	27.519249	0.368515
10.542389	29.239647	0.250861
10.55089	28.605371	0.326643
10.559389	27.139641	0.307673
10.567888	25.992525	0.800785
10.576385	24.943134	0.288774
10.584881	24.485384	0.272301
10.593374	24.242311	0.239798
10.601867	24.320194	0.339295
10.610357	24.185846	0.231472
10.618847	24.135843	0.243563
10.627336	24.723612	0.326823
10.635822	24.330626	0.236278
10.644308	24.683256	0.222649
10.652792	24.516161	0.173938
10.661275	24.308296	0.151576
10.669756	24.617348	0.101423
10.678236	24.264975	0.118322
10.686714	24.77376	0.175506
10.695191	24.794926	0.144185
10.703667	24.730999	0.106229
10.712141	24.863262	0.190656
10.720613	25.078682	0.14308
10.729086	25.302481	0.259836
10.737556	25.27858	0.166752
10.746024	25.165031	0.169256
10.754491	25.432463	0.216041
10.762957	25.579321	0.177989
10.771421	25.379194	0.232734
10.779884	25.556784	0.2767
10.788345	25.556749	0.215392
10.796806	25.68231	0.131952
10.805264	25.804785	0.313246
10.813723	25.612383	0.188059
10.822178	26.28754	0.104684
10.830633	26.049345	0.232694
10.839087	26.280521	0.207479
10.847538	26.515888	0.294685
10.855988	26.453527	0.105284
10.864437	26.718159	0.295282
10.872885	26.418922	0.293161
10.88133	26.865337	0.198991
10.889775	26.600737	0.22677
10.898218	26.845232	0.092151
10.90666	26.786488	0.165267
10.915102	27.022305	0.070102
10.92354	26.963911	0.14131
10.931978	27.256706	0.138163
10.940414	27.253918	0.189315
10.94885	27.295595	0.085173
10.957283	27.459175	0.057221
10.965715	27.416048	0.071043
10.974146	27.642296	0.082496
10.982576	27.335785	0.23558
10.991004	27.580114	0.134312
10.999499	27.582417	0.435367
11.003922	26.681133	0.276277
11.012907	26.3908		0.138982
11.021891	26.875771	0.122615
11.030873	26.873232	0.151667
11.039854	26.552429	0.132265
11.048836	26.974762	0.189785
11.057814	26.839441	0.223326
11.06679	26.964806	0.278263
11.075765	26.51486	0.163304
11.084738	27.162868	0.118539
11.09371	27.09495	0.125334
11.10268	27.220518	0.238042
11.111649	27.473501	0.226479
11.120616	27.451523	0.17981
11.129582	27.351631	0.177694
11.138546	27.76277	0.176275
11.147509	27.732952	0.218229
11.156471	27.803837	0.238176
11.16543	27.5438		0.198336
11.174389	28.006498	0.195397
11.183346	27.8228		0.107958
11.192301	27.969793	0.270755
11.201254	28.021444	0.261368
11.210207	28.018375	0.178369
11.219158	28.498554	0.158698
11.228107	28.142338	0.120992
11.237055	28.687784	0.307116
11.246002	28.453125	0.155489
11.254948	28.53019	0.185869
11.263891	28.601839	0.169158
11.272833	29.022579	0.146875
11.281773	28.80648	0.09024
11.290711	29.238388	0.162258
11.299648	28.889992	0.208213
11.308584	28.864571	0.135563
11.317518	29.113138	0.14261
11.326451	29.098644	0.198753
11.335382	29.204386	0.240481
11.344313	29.207869	0.174283
11.353241	29.493359	0.13115
11.362167	29.556231	0.140636
11.371093	29.640261	0.233214
11.380016	29.796062	0.080726
11.388939	29.841986	0.23793
11.39786	29.866758	0.074078
11.406779	30.030273	0.098261
11.415697	30.102571	0.093315
11.424613	30.230219	0.136464
11.433529	30.314936	0.088959
11.442442	30.462612	0.129734
11.451353	30.439304	0.088296
11.460264	30.530029	0.052704
11.469173	30.813959	0.044484
11.478081	30.615473	0.212696
11.486986	30.642551	0.081957
11.495892	30.778078	0.124335
11.504794	31.067673	0.164296
11.513696	31.000795	0.406752
11.522596	31.102047	0.132659
11.531494	31.260386	0.253175
11.540392	31.669668	0.191082
11.549287	31.103239	0.234268
11.558182	31.583082	0.081221
11.567074	31.476656	0.11385
11.575966	31.636789	0.211034
11.584855	31.522604	0.282993
11.593743	31.760921	0.140978
11.60263	31.58087	0.133691
11.611515	31.825089	0.182557
11.620399	31.84066	0.163594
11.629282	32.236755	0.196212
11.638163	32.356209	0.148874
11.647041	32.305237	0.293276
11.65592	32.163902	0.211937
11.664797	32.824348	0.282492
11.673672	32.447834	0.285619
11.682545	33.214817	2.567178
11.691418	32.57893	0.251854
11.708624	31.60372	0.182132
11.718117	31.381695	0.200358
11.72761	31.328491	0.243781
11.7371		31.59182	0.28884
11.746588	30.688917	1.418473
11.756075	32.01503	0.279323
11.765561	31.672943	0.235278
11.775045	31.804464	0.266359
11.784528	31.750185	0.181576
11.794008	31.977062	0.215971
11.803488	32.022366	2.35366
11.812965	32.271347	0.229691
11.822443	32.096188	0.155035
11.83192	32.082985	0.189846
11.841393	32.540024	0.235433
11.850864	32.806736	0.17156
11.860332	32.495731	0.18575
11.869801	32.585526	0.131239
11.879268	32.338711	0.131141
11.888732	32.541569	0.184484
11.898195	32.595337	0.111101
11.907658	33.04818	0.126664
11.917116	32.995052	0.454865
11.926575	33.238956	0.220225
11.936031	33.167053	0.204987
11.945487	33.151054	0.187385
11.954941	33.181206	0.247591
11.964392	33.545235	0.184304
11.973843	33.635002	0.221459
11.983292	33.786221	0.198131
11.992739	33.561787	0.19353
12.002184	33.888676	0.202763
12.011629	34.062721	0.16119
12.02107	34.004299	0.312593
12.030512	34.099277	0.286304
12.039951	34.187523	0.325372
12.049389	34.317039	0.196686
12.058825	34.136173	0.158525
12.06826	34.591049	0.15453
12.077692	34.243046	0.244272
12.087124	34.607162	0.141673
12.096554	34.517056	0.139695
12.105982	34.641449	0.249282
12.115408	34.60387	0.285978
12.124834	34.704842	0.210914
12.134256	34.916332	0.305682
12.143679	35.299583	0.252695
12.153099	35.147141	0.272284
12.162518	35.320984	3.028902
12.171936	35.327877	0.274168
12.181351	35.575237	0.17901
12.190764	35.361469	0.337921
12.200177	35.285751	0.293693
12.209588	35.539875	0.32101
12.218998	35.694286	0.30672
12.228405	35.523342	0.36519
12.237811	35.288364	0.232718
12.247215	35.981102	0.338272
12.256618	35.690048	0.20614
12.26602	36.029457	0.259118
12.275419	36.051517	0.305731
12.284819	36.089931	0.352884
12.294215	36.264446	0.326314
12.30361	36.668507	3.120443
12.313004	36.501678	0.320464
12.322395	37.408245	3.254651
12.331787	36.487797	0.274537
12.341175	36.555058	0.374165
12.350563	36.894089	0.357347
12.359948	36.744923	0.266599
12.369333	37.003372	0.270867
12.378716	36.981106	0.287524
12.388096	37.100166	0.27021
12.397476	36.85923	0.366043
12.408842	35.848835	0.370945
12.418926	34.615856	0.393331
12.429008	35.324959	0.247523
12.439085	35.373161	0.333152
12.44916	35.185818	0.284003
12.45923	35.369064	0.431623
12.469302	35.489563	0.347394
12.479371	35.520435	0.324397
12.489439	35.864758	0.2422
12.499504	35.313278	0.192694
12.509567	35.795563	0.221218
12.51963	35.857693	0.257105
12.529691	35.908596	0.224129
12.539749	35.606293	0.205384
12.549807	35.084732	1.460352
12.559862	35.962265	0.256991
12.569916	36.379959	0.22729
12.579967	35.449341	1.53835
12.590017	36.097778	0.211344
12.600065	36.308002	0.27367
12.610113	36.402679	0.254564
12.620158	35.90765	1.208607
12.630201	35.927868	0.23171
12.640244	36.504047	0.357178
12.650288	36.14286	0.182224
12.660331	35.962887	0.165893
12.670367	36.323639	0.205808
12.680403	36.426212	0.201575
12.690435	36.754452	0.112865
12.700466	36.566841	0.10533
12.710497	36.879101	0.108454
12.720524	36.632298	0.08466
12.730551	36.872753	2.593162
12.740576	36.70031	1.301977
12.750599	36.705185	0.137777
12.76062	37.161053	0.109484
12.770639	37.083202	0.141987
12.780657	37.23912	0.141265
12.790674	36.699036	1.486522
12.800688	37.337166	0.175103
12.8107		37.553131	0.161989
12.820712	38.030586	0.158602
12.830721	38.525387	0.222594
12.840729	40.498245	0.225265
12.850735	43.06459	0.296212
12.86074	43.778534	0.196262
12.870743	40.29726	0.241211
12.880743	39.154766	0.196758
12.890743	38.393681	0.215269
12.900741	38.046173	0.209068
12.910736	37.801517	0.092015
12.920731	37.757774	0.108878
12.930723	37.801483	0.109694
12.940714	37.44643	0.107155
12.950704	38.207745	0.098231
12.960691	37.348839	0.101327
12.970676	38.231262	0.097691
12.980661	37.482666	0.108746
12.990644	38.398766	0.0875
13.000625	37.448994	0.095693
13.010603	38.426373	0.101241
13.02058	38.184586	0.114134
13.030557	38.150345	0.126556
13.040531	38.308247	0.131337
13.050504	38.32262	0.125478
13.060474	38.273247	0.13538
13.070444	38.318588	0.103053
13.080411	38.741356	0.080394
13.090377	38.053589	0.096453
13.100341	38.947624	0.100334
13.110304	38.370148	0.150105
13.120264	39.116379	0.132178
13.130223	38.795944	0.110043
13.140181	39.582283	0.116749
13.150137	39.341812	0.189589
13.160091	39.114269	0.134314
13.170043	39.186722	2.815697
13.179994	39.026234	0.162864
13.189943	38.968094	0.217972
13.19989	39.027588	0.170601
13.2003		37.375206	0.173483
13.21104	37.561687	0.119555
13.221781	37.724957	0.165028
13.232518	37.865963	0.214156
13.243254	37.718204	0.232421
13.253986	37.503201	0.145383
13.264719	37.947052	0.170506
13.275449	37.941643	0.219523
13.286178	38.397865	0.307572
13.296904	37.995678	0.149426
13.307629	38.19191	0.206356
13.318352	38.423214	0.25808
13.329072	38.359806	0.241451
13.3398		38.012527	0.190603
13.350525	38.187679	0.246289
13.36124	38.227478	0.188389
13.371954	38.52705	0.161609
13.382666	38.057186	0.305951
13.393375	38.73317	0.218691
13.404084	38.664467	0.18703
13.414791	39.703308	3.390826
13.425495	39.261631	0.125294
13.436197	39.011585	0.218043
13.446898	39.237217	0.209278
13.45741	39.211994	0.180669
13.468107	39.410889	0.118184
13.478803	39.326694	0.261788
13.489496	39.873703	0.222377
13.500188	39.604809	0.202323
13.510878	39.645195	0.130779
13.521565	39.800476	0.094053
13.532251	39.813766	0.253521
13.542935	40.093426	0.188235
13.553618	39.886192	0.240487
13.564299	40.145508	0.134667
13.574978	40.090572	0.377114
13.585655	40.137405	0.264179
13.596331	40.192524	0.262494
13.607004	40.190689	0.216819
13.617676	40.466095	0.149063
13.628345	40.230453	0.386199
13.639013	40.758816	0.39694
13.649488	40.235435	0.294978
13.660152	40.652962	0.189018
13.670815	41.081955	2.734968
13.681476	40.658844	0.353242
13.692135	41.294476	0.333343
13.702791	40.947346	0.222241
13.713448	41.348961	0.273063
13.7241		40.47073	0.271429
13.734752	41.654568	0.272434
13.745401	41.41254	0.322777
13.75605	41.432308	0.256926
13.766697	41.422462	0.282258
13.777341	41.840378	0.292132
13.787984	41.177174	0.45793
13.798624	41.790302	0.488968
13.809263	42.169044	0.530173
13.819901	42.067924	0.416358
13.830537	42.181274	0.424732
13.841171	42.379276	0.527783
13.851803	42.357876	0.434914
13.862432	43.296608	3.678804
13.873061	42.301727	0.322743
13.883688	42.318008	0.446484
13.894313	42.557247	0.315033
13.904936	42.230854	0.368339
13.915558	42.873619	0.42758
13.926176	42.695267	0.287778
13.936794	42.92218	0.435671
13.947411	42.945877	0.280517
13.958025	42.972404	0.344199
13.968637	43.131565	0.412426
13.979248	42.805645	0.279901
13.989857	43.281143	0.25415
14.000463	43.021282	0.233895
14.011068	42.951454	0.24985
14.021673	43.292984	0.221557
14.032274	43.348209	0.308579
14.042875	43.377762	0.193583
14.053473	43.073009	0.173258
14.06407	43.113388	0.193444
14.074664	42.912724	0.479561
14.085257	43.39682	0.255816
14.095848	43.306477	0.093601
14.106438	43.78595	0.171928
14.117025	43.624146	0.118132
14.127611	43.467018	0.126288
14.138195	44.186623	0.139796
14.148778	44.382816	0.27994
14.159359	43.864384	0.083362
14.169937	44.203476	0.150127
14.180515	44.372219	0.166575
14.191091	43.817348	0.133417
14.205001	42.712337	0.295317
14.216478	42.878197	0.462378
14.227953	43.25721	0.406884
14.239426	43.21402	0.300751
14.250896	42.955933	0.344523
14.262365	42.62355	0.213805
14.273833	43.835648	0.459146
14.285313	42.72747	0.414061
14.296789	44.603497	0.315273
14.30825	44.481915	0.244997
14.31971	45.868114	0.141417
14.331167	47.239288	0.162993
14.342623	50.10511	0.125707
14.354076	54.821033	0.268321
14.365528	58.270237	0.186512
14.376977	55.20459	0.276875
14.388425	49.041191	0.276385
14.39987	47.423065	0.186157
14.411314	46.542946	0.169362
14.422756	45.808311	0.178789
14.434196	45.946354	0.154696
14.445634	45.488319	0.257577
14.45707	45.525791	0.155116
14.468504	45.647736	0.154224
14.479937	45.777218	0.251644
14.491125	45.507061	0.153358
14.502553	44.954063	0.364075
14.51398	46.477234	0.208627
14.525404	45.346092	0.189644
14.536826	46.812275	0.310167
14.548246	46.034164	0.186868
14.559665	45.793056	3.124977
14.571081	46.33559	0.35895
14.582496	47.140835	3.050486
14.593908	46.737038	3.642623
14.605075	46.929386	0.340714
14.616484	46.485107	0.422525
14.62789	46.13813	3.125861
14.639295	46.039272	0.335979
14.650697	47.225975	0.307979
14.662098	47.108643	0.324616
14.673496	46.960365	0.436029
14.684894	46.990551	0.37342
14.696289	47.431274	0.339432
14.707682	47.629696	0.336406
14.719073	47.931561	0.461057
14.730462	47.761852	0.368833
14.74185	47.681293	0.266435
14.753235	47.303699	0.316968
14.764618	48.170227	0.377745
14.776001	48.087101	0.458484
14.78738	48.578564	0.372767
14.798758	48.294086	0.383546
14.810133	47.857929	0.18233
14.821507	48.636871	0.241322
14.83288	48.506966	0.391712
14.84425	48.389179	0.206696
14.855618	48.771336	0.310201
14.866984	48.310047	0.125105
14.878349	48.095501	0.152665
14.889711	49.669079	0.293127
14.901073	48.732803	0.090361
14.912432	48.685627	0.102182
14.923788	48.710945	0.266568
14.935143	49.222111	0.112026
14.946496	48.853638	0.159453
14.957848	49.206947	0.219452
14.969196	49.630028	0.099419
14.980544	49.467636	0.31134
14.99189	49.574947	0.16993
15.003233	49.691597	0.111006
15.014575	49.859222	0.294753
15.025915	49.883255	0.199483
15.037252	49.998806	0.377268
15.048589	49.525547	0.303475
15.059923	49.952812	0.250761
15.071256	49.725735	0.442895
15.082586	50.302574	0.416118
15.093915	50.086121	0.526279
15.105242	50.555473	0.444542
15.116566	50.696182	0.421349
15.12789	49.737995	0.584324
15.13921	51.338318	0.505363
15.15053	50.540707	0.315064
15.161847	50.329979	0.567308
15.172903	51.244381	0.4439
15.184216	51.169758	0.67556
15.195528	50.309856	0.54785
15.211985	49.288914	0.210901
15.224035	49.835991	0.399967
15.236382	49.496769	0.251042
15.248726	49.433815	0.283946
15.261067	50.195343	0.391501
15.273407	50.024323	0.488106
15.285789	50.140373	0.417273
15.298124	49.81427	0.687724
15.310159	49.530918	0.365222
15.322489	50.323338	0.718906
15.334818	50.396488	0.575914
15.347145	50.153519	0.538911
15.35947	50.810982	0.657107
15.371793	50.479286	0.503446
15.384113	50.882408	0.501023
15.396431	50.645298	0.413638
15.408748	50.669811	0.512827
15.421062	50.760838	0.447966
15.433374	50.751011	0.368464
15.445684	51.07386	0.408591
15.457993	50.956654	0.24284
15.470299	51.14053	0.200819
15.482602	51.291298	0.350565
15.494904	50.955486	0.237198
15.507204	51.614113	0.377099
15.519501	51.732647	0.24055
15.531797	51.693974	0.166553
15.54409	53.683285	0.404553
15.556381	54.907482	0.256696
15.56867	57.078053	0.223101
15.580958	60.441193	0.379675
15.593243	66.999207	0.254335
15.605526	74.444733	0.490428
15.617499	68.524986	0.322813
15.629778	61.981819	0.215859
15.642055	58.185856	0.176266
15.654329	55.00362	0.190952
15.666601	54.597538	0.825373
15.678919	53.902958	0.347715
15.691188	53.849804	0.399087
15.703454	53.761333	0.222806
15.715718	53.733418	0.540974
15.727981	53.446651	0.55328
15.74024	54.213081	0.549183
15.752186	53.931526	0.674085
15.764441	54.06535	0.412489
15.776695	54.120167	0.559078
15.788947	53.89658	0.601929
15.801196	54.261272	0.443188
15.813444	54.713089	0.401731
15.825689	54.33366	0.363225
15.837933	54.398289	0.427194
15.850174	54.662418	0.345667
15.862413	54.962135	0.339879
15.874651	54.652115	0.265444
15.886887	54.064655	0.206107
15.899118	55.386349	0.206231
15.91135	53.934193	0.128264
15.923578	54.734341	0.35169
15.935806	54.803818	0.265052
15.94803	54.77018	0.148214
15.960254	54.326271	0.288407
15.972475	55.019501	0.330629
15.984694	55.113525	0.296062
15.99691	55.41013	0.255982
16.009125	55.076508	0.314893
16.021339	55.898964	0.357805
16.033548	55.094769	0.290001
16.045757	54.241096	0.314551
16.057964	55.629711	0.328336
16.070168	55.517544	0.362571
16.082371	56.65564	0.243254
16.09425	56.702534	0.232324
16.106398	55.262245	1.55753
16.118593	57.591702	0.178024
16.130787	56.785957	0.25325
16.142979	56.92511	0.229402
16.155169	57.172462	0.294567
16.167356	57.146172	0.213609
16.179543	57.676109	0.315385
16.191727	57.317825	0.526834
16.203583	57.521526	0.411611
16.215763	56.776524	0.431455
16.227942	58.001148	0.434994
16.240116	57.34203	0.592902
16.252291	57.649063	0.508224
16.264462	57.384972	0.341605
16.27663	58.652		0.5928
16.288799	57.455521	0.442278
16.300964	58.094975	0.503174
16.313128	59.536198	0.521998
16.325291	56.793411	0.330116
16.337448	57.74654	0.558275
16.349606	58.690289	0.427077
16.361763	56.27647	0.351137
16.373917	58.78299	0.327049
16.386066	57.715984	0.438559
16.398216	59.244946	0.275907
16.410364	56.576862	0.331137
16.42251	60.914963	4.614076
16.434654	58.907921	0.327495
16.446796	58.588333	0.280821
16.458935	57.40398	2.921263
16.471073	60.049564	0.252836
16.483208	58.542091	0.47398
16.495316	58.511742	0.453852
16.500284	55.215023	1.594592
16.513622	58.886921	3.653758
16.52696	56.423798	0.741069
16.539913	56.521854	0.620271
16.553246	56.40118	0.52068
16.566574	56.57922	0.597932
16.579903	56.595249	0.588381
16.593227	56.794174	0.561861
16.60655	56.850952	0.596902
16.619871	56.618713	0.584988
16.63319	56.904572	0.536791
16.646505	56.09288	0.55098
16.659821	56.947182	0.70858
16.673134	58.464249	0.87676
16.686478	55.602848	0.523069
16.699787	57.87468	0.673274
16.713127	56.32777	0.501009
16.726429	57.592072	0.240129
16.739731	57.240051	0.303069
16.753031	56.958946	0.333886
16.766327	58.072216	0.376787
16.779621	57.419216	0.510443
16.792912	57.127529	0.324587
16.805811	58.587349	0.38187
16.819098	57.046009	0.454693
16.832382	59.186882	0.476022
16.845665	58.289356	0.597523
16.858946	57.339905	0.6954
16.87183	58.527149	0.654225
16.885105	58.055843	0.598737
16.89838	58.997166	0.649953
16.91165	58.911015	0.585985
16.924919	60.085983	0.755117
16.938185	58.97591	0.574769
16.95145	59.264389	0.454083
16.96471	58.777699	0.519059
16.97797	59.611656	0.389983
16.991228	59.59079	0.390329
17.004484	58.257664	0.23022
17.017738	59.459312	0.345461
17.030989	58.645748	0.255958
17.044237	60.146206	3.673897
17.057484	59.122395	0.228862
17.070728	59.429134	0.227267
17.083969	59.805511	0.180334
17.09721	60.375042	0.247181
17.110449	60.489239	0.336296
17.123684	59.179272	0.446621
17.136917	59.612469	0.218038
17.150148	60.033634	0.307018
17.162975	58.424599	1.494368
17.176201	60.248405	0.509859
17.189426	60.357864	0.514881
17.202648	60.455036	0.394063
17.215868	60.479111	0.522299
17.228682	59.790604	0.540555
17.241896	61.217632	0.560294
17.255108	60.243271	0.902433
17.268318	60.651073	0.547225
17.281528	60.069397	0.54292
17.294735	60.867451	0.626818
17.307938	61.022305	0.566602
17.32114	61.157253	0.635353
17.334339	61.003231	0.447795
17.347538	61.257397	0.209627
17.360733	59.517128	0.355248
17.373928	61.622692	0.234884
17.387117	60.945366	0.263126
17.400307	61.109447	0.332171
17.413494	60.540379	0.262623
17.426678	61.546978	0.208209
17.439861	61.537025	0.142468
17.453041	59.95351	0.226828
17.466219	60.772068	0.302227
17.479393	61.071568	0.45544
17.492569	61.792767	0.44297
17.505741	59.981205	0.541142
17.518496	62.421562	0.808821
17.531662	61.544395	0.689613
17.544827	62.843464	0.598589
17.557989	61.044014	0.657956
17.570734	62.302849	0.543269
17.584309	62.316967	0.92769
17.597466	62.402264	1.029248
17.610161	62.619217	0.658431
17.62331	62.663151	0.698675
17.636417	64.713127	0.973273
17.649565	61.923798	0.824464
17.662708	61.134109	0.52668
17.67585	63.341393	0.640803
17.688992	63.049843	0.669282
17.702129	62.247719	0.497331
17.715267	62.758423	0.951184
17.728401	62.981651	0.423535
17.741531	62.170319	0.246922
17.754662	61.581787	0.219438
17.76779	64.183197	0.439644
17.780914	62.633842	0.75491
17.794039	63.756004	0.30598
17.807159	61.303501	0.447882
17.820278	63.842472	0.279527
17.833397	62.785664	0.303745
17.846512	62.105637	0.250545
17.859623	63.276386	0.599766
17.872734	63.857216	0.261486
17.885843	61.708588	0.285777
17.898523	63.896816	0.398662
17.912579	59.439148	0.273772
17.927101	60.168804	0.381243
17.94162	60.55151	0.524916
17.955647	60.287231	0.610767
17.970161	60.454544	0.644696
17.984673	60.907436	0.782583
17.99918	59.928749	0.840463
18.013195	60.536873	0.719671
18.027699	60.60635	0.642382
18.0422		60.451588	0.56771
18.056698	60.873795	0.697322
18.071194	60.391838	0.540429
18.08569	60.381172	0.406262
18.10018	60.584919	0.61897
18.11467	62.141384	0.959361
18.129154	60.303761	0.765197
18.143639	61.231815	0.675373
18.158121	60.009296	0.398822
18.1726		61.096436	0.522645
18.187077	59.999836	0.683214
18.201611	61.338028	0.604486
18.216084	59.709469	0.598223
18.229994	61.320568	0.684181
18.244579	62.194023	0.462286
18.259045	60.408085	0.45094
18.273506	60.710743	0.972273
18.287966	60.922089	0.936937
18.301922	60.615089	0.714709
18.316376	61.023911	0.694543
18.330826	60.525372	0.476725
18.345276	60.572861	0.504435
18.359724	60.695168	0.490189
18.374168	61.489815	0.443753
18.388611	61.465343	0.466854
18.403051	61.749882	0.345702
18.417488	61.49865	0.243659
18.431923	61.451878	0.259251
18.446358	61.106411	0.269446
18.460787	61.294746	0.270467
18.475216	59.938316	0.270732
18.489643	63.206814	3.892269
18.504065	61.494904	0.55674
18.517977	61.730061	0.579712
18.532394	61.655865	0.75769
18.54681	61.75145	0.898547
18.560713	60.149639	0.618099
18.575123	61.279404	0.609272
18.589531	62.411877	0.777427
18.603937	60.829205	0.670315
18.61834	62.871948	0.626239
18.63274	61.732819	0.650903
18.647141	60.845852	0.544685
18.661537	61.939678	0.754656
18.67593	63.28577	5.009073
18.690323	60.829788	0.437064
18.704712	64.209808	0.723007
18.719097	63.265587	0.318094
18.733482	62.469223	0.201628
18.747864	64.641014	0.277197
18.762245	66.96315	0.369423
18.776623	67.34317	0.321073
18.790997	64.879784	0.450286
18.80485	65.057648	0.573372
18.81922	63.382786	0.425288
18.833588	63.414074	0.739609
18.847431	62.498375	0.768779
18.861794	61.812778	0.746924
18.876154	61.599525	0.668864
18.890511	62.660824	0.54167
18.904869	62.47229	0.591953
18.91922	61.872391	0.348025
18.933571	62.811108	0.522312
18.94792	62.41996	0.37316
18.962265	61.083782	0.262948
18.97661	62.467945	0.186592
18.990952	65.518181	0.293837
19.005291	62.342999	0.253846
19.019627	61.960201	0.42684
19.033962	62.811371	0.323638
19.048294	61.979576	0.36319
19.062626	62.661678	0.403015
19.076885	66.634018	3.976021
19.090614	62.75478	0.529433
19.104935	63.858829	0.559468
19.119255	63.886364	0.475932
19.133574	63.146477	0.509434
19.147888	61.419121	0.570601
19.161669	64.908112	0.553483
19.17598	62.593281	0.533467
19.190287	62.944527	0.63933
19.204592	63.906136	0.56514
19.218895	65.164726	0.555814
19.233196	61.898155	0.620459
19.247496	64.015961	0.661058
19.261791	64.743439	0.470761
19.276085	60.709518	0.542687
19.290379	66.956619	0.491367
19.304668	62.370274	0.208779
19.318954	64.207558	0.296041
19.333241	63.890347	0.243192
19.347523	63.624908	0.492663
19.361803	64.19265	0.567254
19.376081	65.344727	0.356761
19.389816	60.060848	0.460112
19.404089	65.030884	0.888126
19.41836	64.264679	1.119834
19.432629	65.921364	0.760905
19.446754	61.577663	0.517895
19.50325	63.918156	0.455758
19.518805	63.84922	0.352782
19.53434	64.672325	0.127911
19.549858	65.078979	3.552563
19.596104	64.743507	0.297121
19.611557	62.469891	0.192674
19.626993	64.695778	0.232275
19.642414	64.246338	0.217878
19.657818	63.067753	2.487592
19.673204	63.734699	0.416585
19.688576	63.202385	0.873549
19.703907	63.494297	0.568038
19.719246	65.314369	0.356866
19.734364	62.95993	2.475117
19.74967	62.476589	0.68968
19.764961	63.151844	0.417023
19.780235	63.913647	0.264167
19.795492	69.60199	8.91212
19.810734	63.21772	0.467837
19.825962	63.411785	0.52006
19.841171	64.220108	0.659425
19.856365	64.750969	0.516641
19.871544	62.931023	0.62359
19.886707	67.021614	0.925299
19.901833	68.186592	1.135645
19.916962	63.931705	0.518247
19.932079	65.128471	0.516522
19.947178	65.706459	0.71043
19.962263	68.917999	6.113873
19.977333	62.035263	0.725554
19.992386	69.171509	5.878444
20.008863	60.956799	0.26056
20.025791	61.257133	0.228581
20.042702	61.176193	0.397329
20.059589	61.110905	0.360415
20.076458	59.074699	1.235919
20.093309	62.836395	0.20739
20.110138	61.140141	0.218298
20.126949	59.338364	1.403534
20.143742	63.505932	0.924874
20.160515	60.77668	0.294896
20.177267	60.975174	0.321474
20.194002	60.805447	0.315889
20.210716	61.055637	0.412454
20.227413	61.806648	0.291816
20.244089	61.890385	0.228801
20.26075	61.82901	0.174809
20.277388	69.019562	9.749923
20.294008	60.055935	4.198617
20.310612	60.291519	0.359365
20.327194	63.517666	0.482899
20.343758	62.332672	0.323536
20.360306	67.842514	8.106755
20.376833	62.648315	0.179959
20.393341	64.749321	0.224417
20.409834	62.902523	0.171545
20.426308	64.059219	0.217511
20.44276	65.400459	0.479952
20.459198	63.193237	0.313017
20.475616	65.020988	0.530844
20.492018	70.014061	7.214589
20.508394	62.95182	0.209402
20.524755	65.188095	0.171531
20.5411		62.91016	0.251643
20.55743	69.636337	10.57761
20.573742	63.468182	0.248158
20.590034	62.162632	3.255393
20.606308	63.552868	0.258045
20.622566	63.667355	0.172919
20.638807	65.093445	0.467523
20.655029	64.830284	0.529484
20.671236	64.317924	0.578847
20.687424	68.748772	5.478343
20.703594	65.638504	0.542263
20.719749	65.031097	0.706119
20.735886	63.639896	5.465695
20.752007	66.251427	0.803334
20.768108	66.572861	0.610226
20.784195	66.53019	0.670237
20.800255	63.914474	5.392793
20.816305	65.911003	0.672331
20.832336	66.355225	3.952152
20.848354	64.961227	0.527603
20.864357	66.234154	0.134618
20.880341	66.583603	0.138997
20.896196	69.143883	0.646029
20.916592	62.881966	1.604975
20.93466	59.761829	0.673043
20.952705	59.916229	0.385417
20.97073	61.719757	0.544764
20.988731	61.493515	0.363193
21.006714	66.118263	7.046847
21.024673	61.558716	0.49744
21.042614	61.068298	0.464621
21.06053	60.267464	0.467835
21.078426	61.01339	0.581245
21.096302	63.494522	0.23353
21.114159	60.815041	0.1079
21.131992	62.157791	1.433246
21.149807	63.758541	0.334681
21.167599	62.310352	2.42081
21.185371	62.170891	2.369374
21.203125	60.919559	0.556991
21.220856	66.494133	6.94291
21.238565	64.136894	2.760937
21.256256	63.518433	0.346135
21.273926	63.271057	0.220797
21.291576	63.958157	0.299884
21.309208	63.161568	0.400918
21.326817	62.507088	0.498851
21.344406	64.257927	0.771854
21.361977	68.426689	7.339578
21.379528	66.628967	6.897848
21.397058	63.176147	0.406128
21.41457	63.794731	0.417352
21.43206	63.169418	0.200717
21.449532	65.727783	7.08341
21.466984	66.5588		7.098728
21.484417	61.603729	4.069931
21.501829	62.61998	0.55974
21.519222	61.091702	1.701029
21.536598	62.488968	0.293449
21.553953	63.440784	0.228857
21.571289	63.005009	0.372866
21.588608	68.91169	9.586185
21.605904	62.87429	1.81259
21.623184	65.453773	0.396141
21.640446	60.211102	1.622748
21.657686	62.191696	0.202481
21.67491	61.618912	2.106889
21.692114	60.498085	1.887752
21.709299	63.288151	0.548548
21.726467	64.438087	0.414186
21.743614	64.94902	0.290953
21.760746	62.491623	0.46296
21.777857	64.138527	5.160653
21.79495	64.27774	0.298389
21.812023	64.113327	0.340115
21.829079	64.435555	0.211544
21.846117	64.823547	0.375339
21.863136	62.342297	0.15599
21.880138	65.234703	0.169032
21.897121	63.448341	2.949579
21.914089	64.253609	0.239903
21.931036	63.869217	0.52833
21.947966	64.787125	0.184367
21.964878	64.095337	0.410866
21.981773	63.714878	0.198257
21.99865	65.751663	0.343531
22.015511	65.193336	0.216452
22.032352	64.618614	0.177629
22.049175	63.099121	0.229742
22.065983	64.3265		0.258353
22.082771	64.479103	0.191382
22.099541	63.002384	0.325846
22.118357	60.819111	0.110963
22.137482	60.672752	0.612959
22.156586	59.87711	0.241639
22.175667	61.357101	5.370065
22.194725	63.030468	6.720174
22.21376	62.048279	0.472555
22.232773	61.310551	0.495859
22.25176	60.784042	0.263645
22.270729	60.469711	5.398509
22.289673	60.179714	4.957965
22.308594	60.224281	0.31581
22.327494	60.513496	1.68949
22.346371	61.542534	0.64408
22.365229	61.970341	0.394143
22.38406	61.618114	0.199732
22.402872	61.929722	0.263902
22.421661	63.970726	0.479005
22.440428	62.887997	0.309572
22.459175	62.418774	0.304215
22.477898	61.996586	0.231326
22.496599	62.147991	0.207494
22.51528	62.734344	0.381835
22.533939	62.371494	0.238292
22.552576	62.212719	0.232255
22.571192	63.221226	0.323403
22.589785	61.757835	0.217487
22.608356	72.165321	1.465949
22.626909	62.51926	2.023895
22.645441	63.171124	0.40838
22.663952	63.932297	0.289411
22.68244	63.530293	0.353849
22.700909	64.742325	4.509472
22.719357	63.177254	0.334101
22.737782	64.809036	0.143558
22.756187	63.657776	0.200576
22.774574	63.527733	0.230882
22.792938	63.829185	4.341936
22.811283	61.828506	6.524128
22.829607	65.155533	0.375864
22.847912	64.263008	0.325825
22.866194	63.777264	0.23566
22.884457	64.310051	0.352194
22.9027		64.328918	2.687388
22.920925	62.47504	1.547365
22.939127	64.381264	0.292428
22.95731	64.065826	0.312389
22.975473	64.631638	2.928489
22.993618	64.106789	0.161992
23.011742	64.662361	0.180153
23.029846	63.079819	1.83626
23.04793	64.671478	0.275858
23.065996	64.580772	0.21574
23.084038	65.498528	0.270106
23.102062	65.723351	0.851521
23.12007	64.25489	0.20547
23.138056	64.521744	0.336973
23.156025	63.251076	1.733992
23.173971	63.809143	2.417041
23.191902	62.371456	1.499747
23.209812	64.486694	0.386748
23.227703	63.797218	0.323163
23.245575	63.592113	0.203971
23.263428	63.957119	0.219799
23.281263	63.550602	0.420243
23.29908	62.87619	0.235099
23.316879	63.858189	4.366929
23.334652	63.855377	0.539952
23.352413	63.512306	0.509395
23.370152	62.988617	0.396299
23.387875	63.652256	0.683202
23.405579	64.219307	0.568509
23.423264	61.44828	1.915956
23.440933	65.695473	0.328581
23.458582	60.312717	1.9601
23.476212	65.574875	5.584266
23.493828	63.565617	4.856637
23.511419	65.164223	0.249584
23.528996	64.449234	0.449556
23.546551	64.066086	0.227667
23.564093	66.6231		6.571238
23.581615	64.391388	0.287982
23.599121	63.523453	0.105174
23.607841	59.742893	0.268273
23.627974	59.074852	0.347361
23.648083	60.26363	1.698704
23.668167	64.441902	6.621257
23.688229	59.785366	0.124755
23.708265	62.955688	0.951274
23.728291	60.250137	0.214429
23.74828	57.166775	1.936732
23.768255	60.446068	0.341997
23.808121	58.451504	1.977348
23.828022	59.965519	0.326173
23.847897	59.701027	4.188538
23.86775	61.029686	4.720225
23.887581	60.889874	0.328026
23.907387	60.251476	0.375905
23.927174	61.416225	0.32014
23.946926	60.738972	0.181409
23.966667	60.338715	0.204946
23.986374	60.537884	0.194056
24.005835	62.026142	0.285017
24.025743	61.942986	0.175972
24.045395	62.625332	0.353537
24.065023	64.173584	6.178207
24.084629	62.925297	0.309138
24.104214	63.034313	0.096685
24.123533	62.703918	3.503422
24.143074	65.070717	6.358538
24.162592	61.958801	0.203387
24.182087	62.035679	3.86091
24.201563	62.564163	0.201009
24.221016	63.085129	0.265495
24.240448	62.623531	1.324036
24.259859	63.332012	0.662872
24.279249	64.415596	0.362436
24.298616	64.818077	0.193932
24.317965	64.351555	0.167997
24.33729	64.54525	0.153518
24.356596	70.59227	4.912813
24.375881	73.330032	0.20192
24.395144	78.484497	1.189511
24.414387	79.771492	0.317837
24.433609	71.210991	6.644681
24.45281	68.716797	0.255182
24.471992	65.288719	0.190981
24.491133	63.484966	0.569872
24.510271	64.552292	0.485177
24.529388	62.892548	4.078911
24.548487	62.165562	0.3892
24.567566	63.800919	4.520308
24.586622	62.419205	0.614703
24.605661	62.620937	0.527573
24.624678	62.436852	0.513705
24.643677	63.772339	0.520585
24.662655	63.511944	0.262317
24.681612	62.488827	0.460434
24.700268	62.202003	0.451152
24.719185	62.249771	5.264888
24.738369	62.488617	4.602067
24.757227	61.762833	0.336527
24.776085	61.983299	0.257348
24.813454	63.821728	1.049834
24.832253	62.643944	0.440332
24.85103	63.629967	0.231124
24.869793	63.587933	3.884481
24.888535	62.914867	0.258645
24.907257	61.947517	0.238429
24.925961	61.671452	0.201792
24.944633	62.276962	0.382338
24.963287	61.218071	0.971068
24.981934	60.887524	0.516332
25.000559	61.990654	0.261154
25.019165	63.025726	3.912254
25.037756	62.34219	0.334335
25.056326	62.175388	0.194542
25.074879	61.861107	1.011264
25.093414	61.648132	4.913917
25.117496	57.213428	0.459513
25.138977	57.275059	0.48801
25.160435	58.093426	0.160762
25.181866	55.464771	1.741818
25.20327	59.208347	2.685772
25.224651	60.603539	0.25443
25.246006	60.12579	0.111896
25.267338	59.831463	0.18353
25.288645	59.97065	0.132702
25.309925	60.838181	0.114995
25.331184	60.699608	0.159726
25.373196	61.19212	0.150459
25.394377	62.209988	5.682148
25.415535	61.296619	0.235113
25.436668	60.479164	1.011973
25.457777	61.904198	0.237863
25.478863	62.451488	0.39197
25.499926	60.650646	0.242755
25.520962	60.870747	0.367694
25.541977	60.411968	1.287379
25.562523	60.254883	0.485672
25.583488	60.735798	3.93301
25.604431	61.07848	0.465066
25.625349	60.249126	0.5554
25.646244	60.302128	0.478813
25.667114	60.636894	0.367232
25.687962	59.394093	4.387517
25.708788	60.168831	0.373708
25.729589	60.538849	4.932744
25.75037	59.976315	0.546094
25.771126	59.968433	1.079209
25.791859	60.327419	0.269288
25.812569	59.990257	0.622504
25.833227	59.922089	0.456511
25.853861	62.669678	0.558233
25.874504	62.421738	0.443105
25.895123	67.134514	0.594052
25.915718	70.470329	5.679345
25.936293	79.937843	7.631157
25.956844	89.480286	0.598689
25.977375	112.185158	2.248468
25.997883	105.108566	2.360151
26.01837	79.931129	0.332571
26.038834	72.380836	0.271148
26.059277	65.391083	0.309035
26.079697	63.801456	0.22574
26.100096	63.752651	0.212853
26.120472	63.90733	5.515319
26.140827	61.01112	0.24553
26.161163	60.030838	0.166981
26.181477	60.183784	0.177169
26.201736	59.198673	0.126821
26.22197	59.515812	4.347567
26.242218	59.811501	4.520802
26.262444	58.725082	0.12321
26.28265	60.209236	0.420898
26.302834	59.78677	0.457526
26.322996	59.666092	0.309525
26.34314	60.408058	0.278512
26.363262	59.199177	2.304651
26.383362	59.853214	0.325318
26.403442	58.475994	0.159946
26.423504	60.83683	2.960233
26.44351	59.66621	0.230312
26.46349	59.600025	0.222405
26.483488	58.086449	1.604865
26.503464	60.555214	0.173254
26.52342	60.535702	0.198148
26.543358	60.076958	0.265978
26.563272	60.692047	0.387604
26.582659	61.06406	0.591305
26.602533	60.322147	0.557827
26.622389	60.22126	4.393725
26.642153	60.16576	0.304444
26.661966	60.25502	0.240762
26.681759	60.670696	0.190537
26.701532	59.856361	0.155662
26.721287	61.097961	0.376152
26.741022	60.91901	4.400684
26.760738	58.864235	0.620253
26.780436	60.995522	3.758022
26.800112	59.477036	3.737298
26.819695	59.261841	0.280764
26.839331	59.326115	0.340207
26.858948	58.959553	1.15033
26.878546	60.087315	0.297422
26.898125	59.630173	0.150567
26.917685	59.572601	0.260816
26.937227	58.526855	3.83479
26.956751	58.96677	0.332544
26.976175	59.590805	0.3671
26.995659	59.927727	0.506141
27.015123	59.18829	0.267754
27.034569	59.40189	0.919709
27.053995	61.639095	0.391293
27.072863	59.750671	4.045339
27.092253	58.796528	0.252115
27.112087	60.808399	0.259004
27.131439	58.488338	3.863764
27.169538	59.280769	0.285063
27.188835	61.246189	0.449975
27.208115	60.167786	0.463072
27.227924	60.773277	0.483131
27.246532	61.292908	0.286768
27.265755	60.647797	0.301777
27.284958	60.259129	0.276156
27.311363	57.837688	4.644375
27.333836	58.69952	0.173878
27.355576	58.046818	1.955879
27.377995	68.631439	1.285952
27.400391	57.902866	0.21347
27.42276	58.592457	0.142082
27.445105	61.625645	0.326951
27.467424	59.818401	4.459192
27.489719	57.842178	4.154923
27.511272	60.449436	5.179411
27.533518	59.745319	0.310795
27.555737	58.960625	0.286812
27.577934	57.750278	0.541219
27.600105	57.367916	4.917489
27.622253	60.440716	0.390394
27.644377	62.611073	5.373943
27.666477	57.944618	0.395843
27.688553	57.764172	0.415151
27.710602	60.126041	0.344779
27.732632	55.450256	0.595008
27.754637	63.072517	6.374518
27.798502	58.481674	0.487636
27.820358	62.839844	6.876872
27.842266	58.768238	0.845214
27.864153	59.9422		4.584054
27.886015	60.722099	0.188233
27.907854	59.297485	4.94806
27.92967	58.398006	0.461517
27.951464	57.642609	2.062358
27.973236	58.742481	0.467842
27.994984	58.987328	0.140313
28.016708	58.194366	0.15621
28.03841	57.674442	0.187184
28.060091	58.867233	0.188699
28.081749	60.99482	0.713062
28.103384	61.612656	4.638481
28.124081	57.291359	0.510465
28.145666	58.325066	0.813637
28.167992	60.303055	3.433563
28.188774	60.364525	0.34165
28.210295	59.087887	0.200767
28.231794	58.289795	4.284261
28.253271	59.743488	0.263231
28.274727	60.784775	0.29287
28.29616	58.229542	0.542205
28.316801	59.394791	1.539994
28.338964	58.562916	1.354539
28.360168	60.575893	0.373651
28.380737	59.672359	0.264004
28.402061	59.823101	4.574892
28.423361	58.322956	0.320345
28.444641	59.174187	0.420432
28.4659		60.054855	0.640548
28.487139	58.359497	0.48995
28.508356	56.558781	0.612326
28.529552	58.373577	0.592064
28.550644	59.461781	0.592548
28.571711	59.99506	0.640071
28.592842	59.224754	1.912661
28.613953	57.877319	0.256936
28.635042	58.755764	0.225501
28.656113	60.406399	1.66612
28.677162	59.345833	0.332759
28.698193	57.494728	0.176886
28.719202	57.948936	0.649141
28.740013	58.060474	2.145859
28.760979	59.857719	2.589619
28.781923	58.858433	0.383879
28.802849	58.413826	0.103698
28.823757	59.719528	0.295937
28.844643	61.775249	4.882535
28.865509	59.483746	0.192807
28.886356	58.461266	0.274137
28.907		58.172043	0.827307
28.927803	59.583569	0.744562
28.948589	60.528412	5.199206
28.969353	60.50367	0.141126
28.990101	55.91024	0.169253
29.023945	60.752811	4.025733
29.048481	56.842159	0.453922
29.071966	57.125828	0.175811
29.096445	56.354294	0.23722
29.120895	57.448364	0.61636
29.145319	57.683563	0.29858
29.169714	57.55051	0.281772
29.19305	56.533886	1.170944
29.217388	57.535839	0.452559
29.241699	57.660385	0.837973
29.290239	56.971195	0.417708
29.314468	57.074696	0.449656
29.338671	57.450676	0.400614
29.362846	57.783413	0.290049
29.386995	58.348114	0.732953
29.411118	56.847492	0.400132
29.435213	58.232716	0.080977
29.459282	58.351074	3.957163
29.483324	58.191868	0.223389
29.507341	57.906277	0.224166
29.53133	59.021687	0.187453
29.555294	59.296242	0.299604
29.579235	58.474991	0.46746
29.603146	56.950897	0.514822
29.625971	57.737511	4.371387
29.64983	57.990791	0.363348
29.673664	63.0956		1.991037
29.697472	57.05526	0.312819
29.721254	55.532326	1.093338
29.743942	57.262508	0.434916
29.768745	57.203323	0.920645
29.792452	57.250092	0.689088
29.814913	56.970276	0.425693
29.838566	58.033085	0.458267
29.862045	61.141846	0.790517
29.885647	58.024574	0.256267
29.909225	58.313137	0.504593
29.95631	58.195713	0.486438
29.979813	57.925972	0.393201
30.003296	58.128391	0.365967
30.026752	57.657261	0.552787
30.050182	57.771225	0.443498
30.073591	58.609169	0.46646
30.096975	59.595177	0.337595
30.120337	58.599762	4.721974
30.143673	59.065628	0.759306
30.166988	57.032845	1.517253
30.190117	60.588421	6.057507
30.21212	58.536266	3.32297
30.23646	58.484039	0.509591
30.259674	57.226738	0.322144
30.281763	58.864956	0.296921
30.304932	59.475006	3.873651
30.328075	58.094898	0.465894
30.351198	58.225903	0.45027
30.373184	59.510906	0.682458
30.396259	58.542027	0.494801
30.420427	58.375137	0.568677
30.442177	57.95863	3.518754
30.465014	57.291561	2.605388
30.487993	58.138908	0.367192
30.510952	59.617001	0.574623
30.533886	58.837727	0.330176
30.556801	59.286022	0.20821
30.579693	57.607803	0.34935
30.602562	58.08073	0.219833
30.625408	55.983997	2.096592
30.648235	58.894077	0.366109
30.670866	57.603928	0.688901
30.69347	58.574795	1.287631
30.716225	57.672047	1.975442
30.73896	59.210522	0.359804
30.761673	58.68465	0.296657
30.784365	55.780647	0.451695
30.807035	57.347008	0.260591
30.829685	57.43018	0.566978
30.850815	59.810867	1.122366
30.873415	58.249596	0.644116
30.897139	57.460846	0.360084
30.918554	58.931328	0.347558
30.941092	58.723694	0.304955
30.96361	58.539738	0.364033
30.984955	56.273304	0.424626
31.008583	59.491409	5.764698
31.03067	59.060989	0.625106
31.051945	58.82502	0.310913
31.074352	59.574673	0.950518
31.096741	57.636227	4.637985
31.105776	57.112606	0.352444
31.132591	57.073723	0.726679
31.159374	57.29739	0.856713
31.184685	56.172546	1.79185
31.211641	57.295841	0.825566
31.238333	57.291527	0.989893
31.264994	58.180508	2.318063
31.291624	58.405682	1.069975
31.318226	58.332848	0.776044
31.344795	56.620712	0.721394
31.371574	60.319717	0.296073
31.398087	53.473194	0.387229
31.424572	60.635136	0.956815
31.451023	58.129513	0.727453
31.477448	57.686886	5.162145
31.502375	59.640484	0.464183
31.528738	59.072803	5.248469
31.555073	58.14537	0.533461
31.581377	57.877945	3.644367
31.607655	57.161739	0.453037
31.633902	57.868732	0.705816
31.658392	57.598675	0.60349
31.684578	55.1595		0.731557
31.710739	59.42416	4.368182
31.73687	57.119431	0.892011
31.762974	55.712505	1.788982
31.788788	58.73801	1.10107
31.814831	57.233402	2.481428
31.840849	57.038647	0.713176
31.865349	57.012127	1.151639
31.89131	55.256603	1.643193
31.917242	56.783215	0.533283
31.944643	56.718292	0.413752
31.970522	56.833027	0.377137
31.996376	57.205101	0.407435
32.020699	57.882233	0.338093
32.046497	56.724468	1.108999
32.072266	57.099388	0.962694
32.096504	57.19117	0.485002
32.122219	57.703049	0.522583
32.147903	56.885693	0.401986
32.173569	55.15984	0.326856
32.199203	57.469479	1.179709
32.224812	55.819687	0.140054
32.250397	56.984348	0.178049
32.275955	55.980232	0.292138
32.301483	57.880028	0.476045
32.326988	56.455551	0.59654
32.352188	55.47401	0.591651
32.37764	61.762802	6.539791
32.401249	60.167171	5.414227
32.426647	57.063812	0.241812
32.453545	57.633842	0.357346
32.478897	58.098473	0.346548
32.502686	57.931129	0.51245
32.527985	59.580181	0.651931
32.553253	56.276398	0.364391
32.576965	58.891117	4.989178
32.602184	56.947372	0.508189
32.628922	58.059879	0.7298
32.654095	55.797096	0.990384
32.677399	57.818668	0.803273
32.702217	56.918564	0.899459
32.72731	58.125004	0.760443
32.75238	57.503174	0.502617
32.777428	60.404884	0.474575
32.802444	60.813297	3.751635
32.827446	59.698311	0.142877
32.852417	59.302952	0.799987
32.877369	58.312328	0.40421
32.902294	58.474949	0.52539
32.925636	58.400204	0.504773
32.949894	59.631809	5.036372
32.974743	59.853371	0.679234
32.999569	59.980106	0.685725
33.024368	60.594196	0.496628
33.049149	59.388165	0.459164
33.072338	59.559582	0.590479
33.097069	59.951065	0.574919
33.12178	59.169514	0.270083
33.148041	59.932114	0.756865
33.170811	61.193871	0.680643
33.195126	60.650959	2.226384
33.219738	60.781654	0.518617
33.244331	61.402729	0.988482
33.268898	59.852699	1.155138
33.293449	60.358505	0.229241
33.317974	62.681957	4.156915
33.342476	59.701393	5.013008
33.366959	60.255703	0.604179
33.391083	60.083775	0.714873
33.41518	59.241962	2.545349
33.43959	61.009693	0.350193
33.462387	60.142265	0.450027
33.486755	62.531082	0.361994
33.509506	63.727516	6.146382
33.535423	61.776775	0.607494
33.55904	64.618462	1.54516
33.581718	67.517616	0.655532
33.605972	68.855743	0.568275
33.630203	69.353951	1.291383
33.654411	63.127628	0.9822
33.678604	64.553246	0.164172
33.70438	58.38438	0.852738
33.726219	67.241791	2.836816
33.750343	56.861053	2.008372
33.774445	61.882599	0.752264
33.798523	64.721741	0.195102
33.822586	62.970413	0.530333
33.846626	62.963852	1.326031
33.870293	62.977627	1.110485
33.892311	62.691021	0.591044
33.9179		60.430958	0.665363
33.941856	63.163685	0.465678
33.964169	62.956676	0.578804
33.988083	63.531654	0.932463
34.000385	70.060135	4.477065
34.029358	61.402149	3.786433
34.056274	60.699615	0.576385
34.085178	59.925709	3.691366
34.114052	60.752251	0.535691
34.142899	58.225426	0.488314
34.171711	59.671997	0.498839
34.200493	58.587864	0.433489
34.22924	60.24305	0.368715
34.257965	60.807121	0.391659
34.286652	58.860744	0.627229
34.315311	60.815926	2.587065
34.343941	60.507271	0.333295
34.372536	58.157837	0.235491
34.399063	59.256821	0.438834
34.427597	60.841469	0.743452
34.454056	59.455349	3.990506
34.482533	56.427513	0.679765
34.510979	66.328506	4.230982
34.539394	56.026016	0.67819
34.56778	59.295834	0.78476
34.596138	56.266781	0.915687
34.624466	59.515553	0.462608
34.652771	58.649063	0.318353
34.681038	58.911312	0.23096
34.709282	57.988628	0.36285
34.737495	57.952824	0.441408
34.763615	57.679005	0.614683
34.791767	57.168964	0.873836
34.819897	61.710297	6.102202
34.847996	58.08976	1.176864
34.876068	57.838856	0.480666
34.90155	68.199738	4.198843
34.929562	72.917702	1.089664
34.957546	72.374535	0.327303
34.985008	58.905689	3.068227
35.012932	62.196106	1.290835
35.03875	64.475967	1.295504
35.068703	60.608475	0.857993
35.096546	58.886402	0.290782
35.124367	57.086903	0.427149
35.152153	59.042244	0.550479
35.179916	58.304893	0.258944
35.205563	57.800102	4.259421
35.231174	59.816032	0.389116
35.258858	57.387657	0.415877
35.288609	56.82074	2.922397
35.316238	57.02364	0.629336
35.341228	58.731937	1.116453
35.368801	60.438629	0.906871
35.395828	59.823402	1.037066
35.421242	59.809738	1.14129
35.44873	61.120678	0.942144
35.478306	55.797268	0.347779
35.505749	59.577724	0.529407
35.533165	58.470985	0.28185
35.560558	57.942429	0.344254
35.585808	57.434029	0.549766
35.613152	57.96582	3.322573
35.640465	57.027706	0.842446
35.667759	57.602055	0.441283
35.691818	62.602406	1.263248
35.719048	58.527214	1.102129
35.746258	59.575554	0.787593
35.773445	60.660053	0.731279
35.800602	59.667458	0.742757
35.82774	58.39872	1.971779
35.854851	61.275082	0.300371
35.881943	59.657524	2.246842
35.909004	61.119949	1.420144
35.932793	61.659515	4.855278
35.959801	59.099758	5.475766
35.986786	61.285217	1.510958
36.013748	62.509911	0.415188
36.038544	60.765316	0.547717
36.06546	58.202225	0.951469
36.09235	64.083954	0.909532
36.121365	64.836319	0.706744
36.145493	66.384987	1.052515
36.17231	67.832291	0.411156
36.196369	62.391171	0.988989
36.225288	64.387756	1.148359
36.252037	61.837547	0.353148
36.278763	61.792595	0.89423
36.305466	61.077129	0.647913
36.329987	56.576382	0.517719
36.382088	63.835094	1.246601
36.408691	61.191998	0.471285
36.433113	60.285114	0.969078
36.459671	57.184689	0.714951
36.486214	60.538029	0.292404
36.514896	66.230133	8.97298
36.53862	62.847191	2.181794
36.56448	62.465305	2.85558
36.590927	57.263912	1.819047
36.617348	70.445679	2.141952
36.643753	58.022491	1.648133
36.670135	66.412827	0.528175
36.696499	64.600479	1.03893
36.719418	64.337952	2.340044
36.745724	63.282814	1.609275
36.772015	59.888561	0.921117
36.796101	57.378677	1.592997
36.82235	60.16003	0.429509
36.850765	61.217709	1.115926
36.874153	64.975586	1.339736
36.899696	64.558441	2.206905
