5.24749		0.165522	0.011209
5.27773		0.179545	0.038652
5.30797		0.188558	0.029249
5.33821		0.187771	0.021507
5.36846		0.192266	0.021514
5.3987		0.191276	0.012646
5.42894		0.199932	0.01157
5.45918		0.205031	0.010373
5.48942		0.213624	0.014538
5.51967		0.203369	0.017358
5.54991		0.20728		0.01126
5.58015		0.207116	0.009787
5.61039		0.212548	0.008464
5.64063		0.235437	0.010643
5.67088		0.231003	0.008333
5.70112		0.216754	0.004795
5.73136		0.214801	0.004829
5.7616		0.214608	0.004842
5.79184		0.215486	0.004491
5.82209		0.214885	0.007672
5.85233		0.210313	0.008846
5.88257		0.208532	0.010199
5.91281		0.210295	0.012607
5.94305		0.210901	0.02448
5.9733		0.212307	0.021533
6.00354		0.21232		0.02224
6.03378		0.215097	0.014964
6.06402		0.216787	0.041527
6.09426		0.217656	0.0331
6.12451		0.221706	0.049543
6.15475		0.231032	0.033722
6.18499		0.235232	0.01532
6.21523		0.234171	0.041544
6.24547		0.235201	0.014471
6.27572		0.235767	0.011841
6.30596		0.238067	0.01017
6.3362		0.24567		0.015239
6.36644		0.251143	0.008408
6.39668		0.25516		0.006706
6.42693		0.25927		0.006901
6.45717		0.253749	0.006194
6.48741		0.246577	0.006196
6.51765		0.252767	0.011774
6.54789		0.2519		0.016972
6.57814		0.262214	0.013599
6.60838		0.267213	0.015873
6.63862		0.272897	0.015585
6.66886		0.269253	0.016962
6.6991		0.263225	0.035409
6.72935		0.267341	0.033306
6.75959		0.26886		0.033775
6.78983		0.271832	0.036388
6.82007		0.278478	0.06433
6.85031		0.276997	0.047728
6.88056		0.278726	0.046726
6.9108		0.280564	0.0177
6.94104		0.287213	0.017829
6.97128		0.294834	0.017671
7.00152		0.302043	0.024471
7.03177		0.315326	0.018984
7.06201		0.321671	0.015357
7.09225		0.313012	0.011805
7.12249		0.314362	0.011278
7.15273		0.320566	0.010559
7.18298		0.323813	0.011621
7.21322		0.322207	0.01216
7.24346		0.322506	0.017151
7.2737		0.328647	0.014871
7.30394		0.333579	0.016213
7.33419		0.336673	0.016196
7.36443		0.3395		0.019138
7.39467		0.341406	0.020205
7.42491		0.332242	0.018934
7.45515		0.335739	0.065537
7.4854		0.334977	0.041386
7.51564		0.331257	0.021463
7.57612		0.330533	0.022833
7.6366		0.370097	0.017688
7.69709		0.401489	0.044151
7.75757		0.381733	0.02065
7.81805		0.357098	0.025411
7.87854		0.360974	0.032618
7.93902		0.374382	0.029987
7.99951		0.373104	0.028102
8.05999		0.363319	0.027059
8.12047		0.354073	0.026258
8.18096		0.343858	0.020413
8.24144		0.336973	0.018863
8.30192		0.334417	0.023375
8.36241		0.3272		0.02159
8.42289		0.308872	0.024435