14.23871	1.290701	0.013397
14.32338	1.291868	0.023646
14.40806	1.410909	0.021838
14.49274	1.598112	0.022139
14.57741	1.523295	0.023736
14.66209	1.371001	0.022009
14.74677	1.387686	0.085815
14.83145	1.388809	0.0232
14.91612	1.402161	0.02085
15.0008		1.402449	0.020051
15.08548	1.403854	0.018579
15.17015	1.407012	0.016739
15.25483	1.389273	0.015847
15.33951	1.374139	0.017247
15.42418	1.378333	0.013095
15.50886	1.401099	0.028676
15.59354	1.40527		0.043951
15.67821	1.583832	0.025302
15.76289	1.782052	0.01918
15.84757	1.522278	0.023904
15.93224	1.425301	0.026343
16.01692	1.411072	0.013655
16.101601	1.396234	0.021072
16.186279	1.397432	0.017681
16.27095	1.405661	0.017151
16.355631	1.38067		0.016691
16.44031	1.368381	0.017768
16.524981	1.353646	0.022698
16.609659	1.386732	0.01392
16.69434	1.385553	0.01508
16.779011	1.373914	0.021933
16.863689	1.375251	0.016587
16.94837	1.391142	0.040948
17.033039	1.386517	0.01585
17.11772	1.414546	0.025107
17.2024		1.455921	0.021903
17.287069	1.459073	0.019105
17.37175	1.420396	0.017638
17.45643	1.41744		0.017089
17.541109	1.419633	0.02023
17.62578	1.428802	0.020374
17.710461	1.429679	0.048562
17.795139	1.430983	0.040535
17.87981	1.420734	0.027363
17.964491	1.434597	0.016511
18.04917	1.451084	0.02023
18.133841	1.429887	0.017865
18.218519	1.438963	0.020285
18.3032		1.430294	0.029354
18.387871	1.435686	0.021223
18.472549	1.44293		0.024982
18.55723	1.443514	0.060581
18.641899	1.449088	0.021745
18.72658	1.433744	0.026681
18.81126	1.455841	0.0187
18.895941	1.566996	0.02461
18.98061	1.625451	0.029392
19.06529	1.485483	0.035203
19.149969	1.487778	0.025925
19.23464	1.48445		0.028363
19.319321	1.489279	0.019966
19.403999	1.454243	0.035933
19.48867	1.504016	0.031696
19.573351	1.557059	0.031638
19.65803	1.579299	0.027816
19.742701	1.575934	0.036975
19.827379	1.58723		0.029596
19.91206	1.613192	0.030962
19.996731	1.627309	0.036156
20.081409	1.641147	0.02774
20.16609	1.668548	0.029219
20.250771	1.68486		0.034482
20.33544	1.680873	0.100791
20.42012	1.680927	0.160092
20.504801	1.742655	0.045503
20.58947	1.753661	0.021744
20.758829	1.7955		0.016535
20.928181	1.803541	0.018369
21.09753	1.803131	0.039482