15.0655578  0.5040270  0.0055260 
15.1382793  0.5057740  0.0068960 
15.2110094  0.5119900  0.0098610 
15.2837369  0.5113940  0.0158170 
15.3564584  0.5208640  0.0174300 
15.4291885  0.5525880  0.0105290 
15.5019169  0.5577690  0.0104280 
15.5746384  0.5326790  0.0070910 
15.6473659  0.5320480  0.0084600 
15.7200960  0.5317530  0.0093600 
15.7928175  0.5458980  0.0143470 
15.8655450  0.5468270  0.0072130 
15.9382751  0.5538190  0.0094630
16.0109949  0.5584640  0.0125780 
16.0837250  0.5578590  0.0073720 
16.1564542  0.5616970  0.0073770 
16.2291843  0.5711950  0.0086180 
16.3019041  0.5687480  0.0249810 
16.3746333  0.5691450  0.0160630 
16.4473617  0.5725290  0.0104240 
16.5200832  0.5738930  0.0076930 
16.5928133  0.5864830  0.0105760 
16.6655408  0.5830340  0.0336930 
16.7382623  0.5810430  0.0115960 
16.8109924  0.5878960  0.0219890 
16.8837208  0.5887400  0.0293130 
16.9564423  0.5930780  0.0097330 
17.0291698  0.5959510  0.0125320 
17.1018999  0.5997370  0.0304170 
17.1746214  0.6025530  0.0111800 
17.2473489  0.5907070  0.0209850 
17.3200790  0.6049640  0.0149320 
17.3928091  0.6013170  0.0159130 
17.4655289  0.6184460  0.0105270 
17.5382581  0.5999040  0.0103540 
17.6109882  0.6174770  0.0112390 
17.6837080  0.6128680  0.0072740 
17.8291656  0.6239440  0.0159620 
17.9746172  0.6343630  0.0104550 
18.1200663  0.6390380  0.0146490 
18.2655247  0.6411560  0.0156930 
18.4109738  0.6491990  0.0079060 
18.5564331  0.6527470  0.0098420 
18.7018830  0.6604990  0.0115940 
18.8473328  0.6605270  0.0111090 
18.9927922  0.6536680  0.0092030 
19.1382412  0.6598410  0.0098290 
19.2836911  0.6593360  0.0091770 
19.4291487  0.6620930  0.0091060 
19.5746003  0.6634530  0.0114760 
19.7200579  0.6668830  0.0074180 
19.8655078  0.6699310  0.0065000 
20.0109568  0.6587880  0.0086820 
20.1564170  0.6597260  0.0073720 
20.3018660  0.6705340  0.0069940 
20.4473159  0.6722880  0.0054430 
20.5927735  0.6747480  0.0160800 
20.7382251  0.6821140  0.0079070 
20.8836827  0.6886730  0.0256630 
21.0291326  0.6941930  0.0249410 
21.1745816  0.6934210  0.0055280 
21.3200409  0.6988860  0.0061630 
21.4654908  0.7016630  0.0062960 
21.6109407  0.7035390  0.0093250 
21.7564000  0.7071480  0.0104030 
21.9018499  0.7031290  0.0080660
22.0473075  0.7075480  0.0111460 
22.1927565  0.7068110  0.0079660 
22.3382064  0.7268620  0.0090640 
22.4836657  0.7284140  0.0073790 
22.6291156  0.7213990  0.0062900 
22.7745655  0.7210740  0.0108450 
22.9200248  0.7310960  0.0097530  