     5.247490     0.021930    0.007232       
     5.277730     0.023561    0.005867       
     5.307970     0.024435    0.004258       
     5.338210     0.022654    0.002134       
     5.368460     0.025035    0.002722       
     5.398700     0.027350    0.002901       
     5.428940     0.025869    0.002384       
     5.459180     0.024999    0.002178       
     5.489420     0.025985    0.002005       
     5.519670     0.029407    0.002096       
     5.549910     0.034797    0.003512       
     5.580150     0.030510    0.002386       
     5.610390     0.028770    0.002338       
     5.640630     0.036291    0.002482       
     5.670880     0.034713    0.001846       
     5.701120     0.029178    0.001854       
     5.731360     0.028710    0.002098       
     5.761600     0.027746    0.002688       
     5.791840     0.026075    0.001912       
     5.822090     0.025533    0.001537       
     5.852330     0.026113    0.002057       
     5.882570     0.025468    0.001578       
     5.912810     0.023925    0.001759       
     5.943050     0.022858    0.002083       
     5.973300     0.022478    0.001800       
     6.003540     0.024484    0.002485       
     6.033780     0.025939    0.002162       
     6.064020     0.026966    0.004416       
     6.094260     0.028319    0.002823       
     6.124510     0.033190    0.001941       
     6.154750     0.035957    0.001897       
     6.184990     0.038986    0.002878       
     6.215230     0.046722    0.002676       
     6.245470     0.052378    0.003218       
     6.275720     0.053557    0.003173       
     6.305960     0.050362    0.002256       
     6.336200     0.045961    0.003043       
     6.366440     0.042874    0.002233       
     6.396680     0.040923    0.002047       
     6.426930     0.038437    0.003826       
     6.457170     0.034389    0.002506       
     6.487410     0.032415    0.001635       
     6.517650     0.030089    0.002870       
     6.547890     0.030527    0.001735       
     6.578140     0.030019    0.003034       
     6.608380     0.030895    0.002137       
     6.638620     0.031379    0.004178       
     6.668860     0.031299    0.002208       
     6.699100     0.031228    0.001968       
     6.729350     0.033173    0.004522       
     6.759590     0.034915    0.003118       
     6.789830     0.035857    0.002608       
     6.820070     0.037135    0.002653       
     6.850310     0.037679    0.005823       
     6.880560     0.042074    0.004216       
     6.910800     0.041468    0.003121       
     6.941040     0.048006    0.004469       
     6.971280     0.053921    0.004672       
     7.001520     0.048805    0.003667       
     7.031770     0.061080    0.004474       
     7.062010     0.059655    0.004464       
     7.092250     0.049576    0.003845       
     7.122490     0.048807    0.003642       
     7.152730     0.050676    0.006732       
     7.182980     0.049605    0.003396       
     7.213220     0.048660    0.003424       
     7.243460     0.047069    0.003440       
     7.273700     0.049620    0.009608       
     7.303940     0.051204    0.004234       
     7.334190     0.054291    0.009971       
     7.364430     0.054897    0.005951       
     7.394670     0.056330    0.004869       
     7.424910     0.060509    0.004106       
     7.455150     0.061820    0.004657       
     7.485400     0.065190    0.007109       
     7.455150     0.057352    0.009339       
     7.515640     0.061638    0.003045       
     7.576120     0.069575    0.002926       
     7.636600     0.092581    0.013389       
     7.697090     0.116729    0.005054       
     7.757570     0.095767    0.009433       
     7.818050     0.091159    0.004383       
     7.878540     0.090221    0.007291       
     7.939020     0.087171    0.005638       
     7.999510     0.082709    0.004494       
     8.059990     0.076924    0.004144       
     8.120470     0.070618    0.002593       
     8.180960     0.061686    0.003622       
     8.241440     0.057375    0.003394       
     8.301920     0.056649    0.003493       
     8.362410     0.055418    0.003633       
     8.422890     0.053181    0.005077       
     8.483370     0.044904    0.006449           
     8.543860     0.046017    0.003783       
     8.604340     0.049903    0.003305       
     8.664830     0.047737    0.006344       
     8.725310     0.043835    0.008658       
     8.785790     0.038295    0.007360       
     8.846280     0.034931    0.001438       
     8.906760     0.031220    0.001731       
     8.967240     0.027662    0.001208       
     9.027730     0.032475    0.001602       
     9.088210     0.034004    0.001649       
     9.148690     0.024189    0.001489       
     9.209180     0.021736    0.001585       
     9.269660     0.023132    0.001649       
     9.330150     0.021593    0.001643       
     9.390630     0.021724    0.002038       
     9.451110     0.022558    0.001724       
     9.511600     0.022193    0.001600       
     9.572080     0.023921    0.001616       
     9.632560     0.024123    0.001466       
     9.693050     0.028908    0.001865       
     9.753530     0.033845    0.001351       
     9.814010     0.025256    0.001672       
     9.874500     0.022086    0.001702       
     9.934980     0.022088    0.001114       
     9.995470     0.023566    0.001172       
    10.055950     0.024722    0.001603       
    10.116430     0.024861    0.001391       
    10.176920     0.024801    0.001831       
    10.237400     0.024059    0.001434       
    10.297880     0.025048    0.001146       
    10.358370     0.026108    0.001555       
    10.418850     0.027315    0.001524       
    10.479330     0.028519    0.003500       
    10.539820     0.053911    0.001933       
    10.600300     0.087096    0.002698       
    10.660790     0.061635    0.002306       
    10.721270     0.036002    0.002348       
    10.781750     0.037539    0.003636       
    10.842240     0.038821    0.001929       
    10.902720     0.039512    0.001985       
    10.963200     0.040483    0.002518       
    11.023690     0.042791    0.002226       
    11.084170     0.051311    0.002487       
    11.144650     0.054995    0.002318       
    11.205140     0.065901    0.002965       
    11.265620     0.105383    0.002851       
    11.326110     0.146044    0.003423       
    11.386590     0.148658    0.008653       
    11.447070     0.126623    0.004158       
    11.507560     0.103962    0.006490       
    11.568040     0.094201    0.003135       
    11.628520     0.086350    0.003592       
    11.689010     0.080244    0.003240       
    11.749490     0.078559    0.004147       
    11.809970     0.075159    0.004503       
    11.870460     0.075127    0.005115       
    11.930940     0.078413    0.004431       
    11.991430     0.083436    0.002890       
    12.051910     0.089423    0.004727       
    12.112390     0.093101    0.004583       
    12.172880     0.092671    0.004910       
    12.233360     0.093283    0.003246       
    12.293840     0.094664    0.003259       
    12.354330     0.103557    0.010050       
    12.414810     0.110656    0.004805       
    12.475290     0.110188    0.004716       
    12.535780     0.113107    0.011487       
    12.596260     0.117308    0.004664       
    12.656750     0.123608    0.003781       
    12.717230     0.130558    0.004151       
    12.777710     0.133523    0.005079       
    12.838200     0.145174    0.005132       
    12.898680     0.192008    0.005677       
    12.959160     0.188940    0.006283       
    13.019650     0.129022    0.004246       
    13.080130     0.117399    0.004772       
    13.140610     0.114627    0.005160       
    13.201100     0.117870    0.003636       
    13.261580     0.121370    0.004483       
    13.322060     0.116708    0.005325       
    13.382550     0.116553    0.004984       
    13.443030     0.118125    0.004640       
    13.503520     0.118533    0.004308       
    13.564000     0.122175    0.005105       
    13.624480     0.124908    0.005227       
    13.684970     0.126843    0.005933       
    13.745450     0.128276    0.005836       
    13.805930     0.125832    0.005305       
    13.866420     0.126189    0.005915       
    13.926900     0.125264    0.007510       
    13.987380     0.128277    0.008377