5.24749		0.151515	0.006229
5.27773		0.156362	0.00695
5.30797		0.156394	0.006605
5.33821		0.153749	0.004194
5.36846		0.154655	0.003578
5.3987		0.155784	0.0033
5.42894		0.15817		0.00402
5.45918		0.16094		0.003211
5.48942		0.1566		0.005648
5.51967		0.157511	0.004242
5.54991		0.155427	0.005705
5.58015		0.156726	0.003601
5.61039		0.160462	0.004052
5.64063		0.164335	0.003821
5.67088		0.162841	0.006333
5.70112		0.161846	0.005358
5.73136		0.164864	0.005511
5.7616		0.163388	0.003417
5.79184		0.168047	0.004292
5.82209		0.17143		0.007456
5.85233		0.170192	0.008412
5.88257		0.171565	0.004397
5.91281		0.175423	0.005103
5.94305		0.177755	0.005084
5.9733		0.178497	0.00422
6.00354		0.179155	0.003979
6.03378		0.17665		0.004579
6.06402		0.179263	0.00343
6.09426		0.179121	0.003109
6.12451		0.179846	0.009987
6.15475		0.180457	0.00495
6.18499		0.180679	0.003316
6.21523		0.183496	0.003224
6.24547		0.18343		0.005045
6.27572		0.181399	0.00499
6.30596		0.181753	0.004013
6.3362		0.181989	0.007179
6.36644		0.187718	0.006024
6.39668		0.189601	0.007011
6.42693		0.19166		0.005449
6.45717		0.190279	0.006431
6.48741		0.191687	0.006664
6.51765		0.190316	0.011674
6.54789		0.194298	0.009737
6.57814		0.199701	0.006744
6.60838		0.201181	0.00664
6.63862		0.200585	0.007559
6.66886		0.202806	0.00567
6.6991		0.200659	0.00546
6.72935		0.19556		0.004963
6.75959		0.194646	0.00496
6.78983		0.197619	0.007699
6.82007		0.198212	0.004319
6.85031		0.202399	0.004853
6.88056		0.201794	0.005275
6.9108		0.203621	0.005487
6.94104		0.201132	0.00638
6.97128		0.203579	0.008029
7.00152		0.204861	0.006605
7.03177		0.209909	0.009696
7.06201		0.206893	0.008866
7.09225		0.207259	0.008729
7.12249		0.206752	0.006915
7.15273		0.206116	0.008892
7.18298		0.207547	0.009387
7.21322		0.211072	0.006528
7.24346		0.213349	0.005935
7.2737		0.215352	0.006365
7.30394		0.217988	0.00754
7.33419		0.216941	0.00614
7.36443		0.21719		0.006699
7.39467		0.222838	0.006936
7.42491		0.218975	0.005418
7.45515		0.214856	0.006914
7.4854		0.217645	0.006982
7.45515		0.22441		0.005177
7.51564		0.222843	0.005405
7.57612		0.22113		0.007077
7.6366		0.228258	0.006939
7.69709		0.232331	0.00449
7.75757		0.236178	0.00417
7.81805		0.236617	0.00588
7.87854		0.241815	0.003716
7.93902		0.250624	0.005607
7.99951		0.259232	0.006943
8.05999		0.266305	0.003916
8.12047		0.26355		0.006045
8.18096		0.262585	0.008097
8.24144		0.264426	0.009394
8.30192		0.265016	0.005866
8.36241		0.267054	0.005661
8.42289		0.265154	0.003763
8.48337		0.265842	0.004059
8.54386		0.268989	0.003561
8.60434		0.271597	0.004622
8.66483		0.278369	0.004295
8.72531		0.283432	0.004874
8.78579		0.288178	0.005652
8.84628		0.292546	0.015829
8.90676		0.296718	0.013435
8.96724		0.302842	0.006249
9.02773		0.313912	0.005386
9.08821		0.320803	0.012009
9.14869		0.330596	0.005413
9.20918		0.332677	0.005942
9.26966		0.338179	0.004136
9.33015		0.343067	0.004317
9.39063		0.353739	0.0052
9.45111		0.361716	0.004921
9.5116		0.371789	0.004412
9.57208		0.376169	0.004543
9.63256		0.380126	0.006755
9.69305		0.385962	0.003602
9.75353		0.390826	0.003858
9.81401		0.397692	0.004871
9.8745		0.402544	0.004902
9.93498		0.408624	0.004586
9.99547		0.416357	0.004673
10.05595	0.421914	0.003736
10.11643	0.42263		0.003884
10.17692	0.424952	0.011337
10.2374		0.431076	0.011734
10.29788	0.433291	0.005136
10.35837	0.434626	0.005189
10.41885	0.438349	0.01205
10.47933	0.441272	0.006522
10.53982	0.44336		0.004522
10.6003		0.446699	0.005627
10.66079	0.449349	0.004334
10.72127	0.449838	0.004263
10.78175	0.452872	0.005598
10.84224	0.456204	0.006182
10.90272	0.457499	0.005156
10.9632		0.458262	0.00559
11.02369	0.459997	0.005277
11.08417	0.46805		0.00497
11.14465	0.4708		0.010305
11.20514	0.462345	0.008267
11.26562	0.46177		0.005233
11.32611	0.464711	0.005987
11.38659	0.462813	0.005209
11.44707	0.463049	0.007104
11.50756	0.463655	0.005855
11.56804	0.466374	0.006892
11.62852	0.46972		0.006394
11.68901	0.471713	0.005234
11.74949	0.47451		0.004771
11.80997	0.476186	0.006443
11.87046	0.476699	0.007178
11.93094	0.493712	0.008324
11.99143	0.49325		0.008133
12.05191	0.488972	0.007245
12.11239	0.47966		0.006654
12.17288	0.476879	0.006781
12.23336	0.47716		0.007043
12.29384	0.476369	0.007471
12.35433	0.474967	0.006789
12.41481	0.476549	0.008768
12.47529	0.47664		0.008257
12.53578	0.476624	0.008561
12.59626	0.476888	0.011165
12.65675	0.478288	0.006655
12.71723	0.478537	0.006887
12.77771	0.477381	0.006454
12.8382		0.477797	0.012303
12.89868	0.478341	0.012367
12.95916	0.476834	0.006595
13.01965	0.482155	0.005782
13.08013	0.475961	0.007475
13.14061	0.479868	0.008277
13.2011		0.48076		0.005464
13.26158	0.483635	0.007543
13.32206	0.481273	0.005701
13.38255	0.484188	0.019342
13.44303	0.484983	0.024121
13.50352	0.489092	0.007793
13.564		0.502598	0.006242
13.62448	0.502366	0.00766
13.68497	0.486002	0.008184
13.74545	0.486695	0.008552
13.80593	0.491953	0.008875
13.86642	0.494124	0.012096
13.9269		0.496545	0.008719
13.98738	0.497796	0.011203