5.24749		0.009192	0.00557
5.27773		0.007023	0.006311
5.30797		0.009415	0.005563
5.33821		0.012785	0.004565
5.36846		0.008573	0.005889
5.3987		0.009057	0.005547
5.42894		0.011111	0.003526
5.45918		0.009631	0.003344
5.48942		0.008829	0.003584
5.51967		0.009794	0.004582
5.54991		0.008936	0.005398
5.58015		0.009356	0.00422
5.61039		0.015015	0.005241
5.64063		0.012534	0.003759
5.67088		0.012557	0.003969
5.70112		0.013427	0.00437
5.73136		0.01161		0.003984
5.7616		0.012051	0.002575
5.79184		0.011096	0.004401
5.82209		0.012		0.003753
5.85233		0.011587	0.004225
5.88257		0.014091	0.004861
5.91281		0.013408	0.003652
5.94305		0.013594	0.004828
5.9733		0.014764	0.006465
6.00354		0.016377	0.012331
6.03378		0.020536	0.005464
6.06402		0.022097	0.004021
6.09426		0.022856	0.005482
6.12451		0.029216	0.003965
6.15475		0.04061		0.004602
6.18499		0.055281	0.007039
6.21523		0.059978	0.009693
6.24547		0.058598	0.007247
6.27572		0.046791	0.00705
6.30596		0.036181	0.009015
6.3362		0.034827	0.007493
6.36644		0.033604	0.007389
6.39668		0.029555	0.00604
6.42693		0.024679	0.005874
6.45717		0.021386	0.004218
6.48741		0.021258	0.003938
6.51765		0.02026		0.004678
6.54789		0.019682	0.003823
6.57814		0.02131		0.006213
6.60838		0.025737	0.010122
6.63862		0.025151	0.005465
6.66886		0.026111	0.007338
6.6991		0.026377	0.011192
6.72935		0.025203	0.004489
6.75959		0.027566	0.011795
6.78983		0.030364	0.007279
6.82007		0.031611	0.006
6.85031		0.033169	0.005437
6.88056		0.034367	0.007527
6.9108		0.038084	0.008081
6.94104		0.037114	0.007236
6.97128		0.037399	0.016673
7.00152		0.052839	0.008267
7.03177		0.043844	0.007673
7.06201		0.038137	0.007815
7.09225		0.038074	0.014797
7.12249		0.038063	0.007233
7.15273		0.038962	0.005467
7.18298		0.038994	0.00534
7.21322		0.038081	0.006636
7.24346		0.040662	0.00588
7.2737		0.042953	0.007479
7.30394		0.046687	0.007017
7.33419		0.049955	0.009216
7.36443		0.052411	0.025561
7.39467		0.063286	0.027584
7.42491		0.068339	0.034907
7.45515		0.067665	0.036194
7.4854		0.082423	0.015494
7.45515		0.067113	0.030569
7.51564		0.081051	0.015804
7.57612		0.101739	0.00449
7.6366		0.123764	0.008856
7.69709		0.125647	0.010248
7.75757		0.12335		0.006186
7.81805		0.12717		0.006281
7.87854		0.12901		0.006517
7.93902		0.119613	0.006423
7.99951		0.109936	0.006574
8.05999		0.10551		0.00497
8.12047		0.094436	0.004449
8.18096		0.092357	0.013327
8.24144		0.088075	0.005486
8.30192		0.090617	0.005075
8.36241		0.090138	0.00483
8.42289		0.08688		0.005382
8.48337		0.086837	0.005139
8.54386		0.087876	0.004441
8.60434		0.090488	0.003787
8.66483		0.086094	0.003993
8.72531		0.074686	0.007333
8.78579		0.061126	0.003249
8.84628		0.051402	0.002905
8.90676		0.044304	0.003757
8.96724		0.041088	0.003406
9.02773		0.041003	0.002623
9.08821		0.037805	0.004215
9.14869		0.037102	0.002441
9.20918		0.035526	0.0032
9.26966		0.031966	0.002495
9.33015		0.032813	0.002928
9.39063		0.035589	0.005124
9.45111		0.03409		0.008807
9.5116		0.033966	0.005314
9.57208		0.035657	0.003813
9.63256		0.034562	0.002725
9.69305		0.039613	0.002763
9.75353		0.037634	0.004398
9.81401		0.031701	0.002877
9.8745		0.031781	0.003084
9.93498		0.030433	0.003908
9.99547		0.03339		0.00421
10.05595	0.03329		0.003537
10.11643	0.034078	0.00349
10.17692	0.033699	0.003629
10.2374		0.032489	0.003015
10.29788	0.034275	0.002509
10.35837	0.036195	0.00275
10.41885	0.038223	0.003723
10.47933	0.047471	0.003156
10.53982	0.062327	0.005176
10.6003		0.060524	0.003364
10.66079	0.054999	0.002915
10.72127	0.057175	0.004404
10.78175	0.058449	0.00294
10.84224	0.060637	0.004424
10.90272	0.063238	0.009262
10.9632		0.068115	0.005974
11.02369	0.078897	0.017129
11.08417	0.089954	0.006846
11.14465	0.110375	0.011406
11.20514	0.170327	0.022157
11.26562	0.229571	0.02277
11.32611	0.233737	0.017445
11.38659	0.196634	0.017712
11.44707	0.164617	0.008386
11.50756	0.136613	0.005945
11.56804	0.132587	0.009058
11.62852	0.129975	0.007427
11.68901	0.117785	0.010816
11.74949	0.112724	0.008498
11.80997	0.11839		0.006482
11.87046	0.109982	0.010063
11.93094	0.124085	0.005734
11.99143	0.134642	0.007047
12.05191	0.14645		0.00699
12.11239	0.137102	0.01571
12.17288	0.139263	0.009387
12.23336	0.136612	0.009033
12.29384	0.150045	0.012419
12.35433	0.153543	0.009387
12.41481	0.156623	0.010685
12.47529	0.161901	0.007118
12.53578	0.168932	0.005873
12.59626	0.181067	0.006722
12.65675	0.191154	0.008185
12.71723	0.198403	0.008057
12.77771	0.220285	0.013195
12.8382		0.271961	0.01403
12.89868	0.271034	0.010591
12.95916	0.183542	0.008696
13.01965	0.13957		0.008838
13.08013	0.139178	0.012919
13.14061	0.134252	0.007054
13.2011		0.136471	0.007248
13.26158	0.134819	0.006669
13.32206	0.131567	0.008784
13.38255	0.13431		0.009065
13.44303	0.138677	0.007193
13.50352	0.142999	0.00943
13.564		0.136976	0.007174
13.62448	0.133822	0.00576
13.68497	0.131333	0.007817
13.74545	0.13335		0.006455
13.80593	0.130675	0.007799
13.86642	0.134991	0.008745
13.9269		0.133049	0.008176
13.98738	0.13488		0.008863