5.24749		0.143235	0.002891
5.27773		0.145216	0.002813
5.30797		0.148338	0.001433
5.33821		0.150006	0.00154
5.36846		0.149019	0.002413
5.3987		0.154153	0.011113
5.42894		0.163162	0.010103
5.45918		0.159784	0.004539
5.48942		0.159815	0.002741
5.51967		0.170293	0.003363
5.54991		0.179916	0.001688
5.58015		0.177524	0.007568
5.61039		0.179591	0.002007
5.64063		0.176546	0.003739
5.67088		0.188473	0.00293
5.70112		0.206053	0.001565
5.73136		0.188841	0.002683
5.7616		0.183923	0.00282
5.79184		0.183022	0.002332
5.82209		0.185502	0.001329
5.85233		0.187714	0.002428
5.88257		0.190284	0.003031
5.91281		0.192058	0.002688
5.94305		0.194048	0.001997
5.9733		0.195885	0.002813
6.00354		0.197886	0.002551
6.03378		0.20152		0.001927
6.06402		0.203264	0.00215
6.09426		0.207582	0.001999
6.12451		0.209233	0.002302
6.15475		0.211735	0.003038
6.18499		0.215734	0.012652
6.21523		0.220527	0.002708
6.24547		0.221167	0.002533
6.27572		0.224912	0.00178
6.30596		0.22815		0.00213
6.3362		0.228845	0.001657
6.36644		0.228974	0.003102
6.39668		0.23136		0.002877
6.42693		0.232788	0.001614
6.45717		0.237294	0.002739
6.48741		0.237206	0.002091
6.51765		0.236842	0.003965
6.54789		0.238358	0.005035
6.57814		0.242872	0.010422
6.60838		0.245638	0.003044
6.63862		0.248241	0.002225
6.66886		0.252045	0.002456
6.6991		0.255344	0.003474
6.72935		0.259982	0.001912
6.75959		0.26419		0.002728
6.78983		0.264132	0.002774
6.82007		0.268624	0.007742
6.85031		0.268378	0.003759
6.88056		0.270543	0.002116
6.9108		0.270916	0.002381
6.94104		0.27087		0.002465
6.97128		0.275284	0.012131
7.00152		0.283343	0.003784
7.03177		0.293772	0.014196
7.06201		0.305351	0.003304
7.09225		0.336626	0.006444
7.12249		0.330124	0.004088
7.15273		0.303066	0.004933
7.18298		0.303027	0.003832
7.21322		0.311093	0.004038
7.24346		0.314789	0.005177
7.2737		0.31773		0.01128
7.30394		0.31909		0.005417
7.33419		0.32196		0.005158
7.36443		0.32578		0.008776
7.39467		0.332386	0.012544
7.42491		0.345168	0.003679
7.45515		0.352407	0.003191
7.4854		0.348325	0.010253
7.45515		0.338869	0.00563
7.51564		0.343262	0.011335
7.57612		0.361063	0.003211
7.6366		0.365177	0.002043
7.69709		0.388854	0.002321
7.75757		0.451691	0.002318
7.81805		0.441842	0.002419
7.87854		0.401155	0.001826
7.93902		0.407218	0.001828
7.99951		0.410141	0.002953
8.05999		0.405967	0.00471
8.12047		0.399098	0.003344
8.18096		0.399162	0.002992
8.24144		0.396755	0.002635
8.30192		0.397731	0.001881
8.36241		0.396407	0.003833
8.42289		0.394042	0.00286
8.48337		0.394268	0.00268
8.54386		0.393796	0.002021
8.60434		0.392494	0.001512
8.66483		0.393679	0.002237
8.72531		0.394824	0.004266
8.78579		0.390788	0.003744
8.84628		0.385244	0.004919
8.90676		0.379719	0.004183
8.96724		0.376562	0.003371
9.02773		0.379019	0.002395
9.08821		0.396841	0.003152
9.14869		0.425596	0.002178
9.20918		0.388774	0.002053
9.26966		0.374711	0.004307
9.33015		0.375113	0.00337
9.39063		0.379601	0.002148
9.45111		0.384994	0.00285
9.5116		0.390287	0.003351
9.57208		0.399662	0.002104
9.63256		0.425598	0.002289
9.69305		0.441661	0.002941
9.75353		0.43661		0.00347
9.81401		0.4402		0.002735
9.8745		0.441951	0.003692
9.93498		0.446394	0.001574
9.99547		0.451694	0.011242
10.05595	0.465177	0.001983
10.11643	0.481105	0.019181
10.17692	0.49094		0.003152
10.2374		0.501771	0.002042
10.29788	0.512674	0.002522
10.35837	0.525019	0.004144
10.41885	0.539108	0.002574
10.47933	0.55164		0.001995
10.53982	0.567767	0.003366
10.6003		0.621448	0.004259
10.66079	0.729918	0.00224
10.72127	0.713928	0.002171
10.78175	0.629933	0.002858
10.84224	0.620938	0.001745
10.90272	0.627852	0.002627
10.9632		0.633509	0.002069
11.02369	0.645202	0.001764
11.08417	0.65723		0.001844
11.14465	0.669052	0.002209
11.20514	0.680407	0.002703
11.26562	0.692669	0.002498
11.32611	0.720952	0.008494
11.38659	0.757136	0.003134
11.44707	0.780349	0.005651
11.50756	0.781688	0.003261
11.56804	0.780788	0.002615
11.62852	0.782001	0.003144
11.68901	0.785388	0.002288
11.74949	0.788618	0.009988
11.80997	0.791656	0.007762
11.87046	0.79942		0.004504
11.93094	0.811514	0.002798
11.99143	0.821791	0.002591
12.05191	0.831199	0.002283
12.11239	0.844379	0.00376
12.17288	0.857111	0.004014
12.23336	0.869466	0.002897
12.29384	0.877865	0.004773
12.35433	0.885029	0.005841
12.41481	0.900657	0.006549
12.47529	0.922048	0.006292
12.53578	0.928987	0.004983
12.59626	0.932328	0.00669
12.65675	0.939304	0.006847
12.71723	0.944736	0.008064
12.77771	0.957657	0.007591
12.8382		0.97131		0.003463
12.89868	0.996565	0.003096
12.95916	1.07023		0.005099
13.01965	1.187611	0.003388
13.08013	1.125915	0.004397
13.14061	1.009512	0.003054
13.2011		0.990374	0.004703
13.26158	1.00098		0.008776
13.32206	1.009183	0.009292
13.38255	1.00583		0.003307
13.44303	1.008954	0.014678
13.50352	1.022686	0.011489
13.564		1.035863	0.012655
13.62448	1.045535	0.011869
13.68497	1.060223	0.012383
13.74545	1.074899	0.013895
13.80593	1.089882	0.043762
13.86642	1.098441	0.012772
13.9269		1.111943	0.017137
13.98738	1.13086		0.020129