5.24749		0.167537	0.011642
5.27773		0.174489	0.017131
5.30797		0.176057	0.015306
5.33821		0.174829	0.011321
5.36846		0.176754	0.007514
5.3987		0.180257	0.010287
5.42894		0.179894	0.006211
5.45918		0.183592	0.00823
5.48942		0.1881		0.006172
5.51967		0.184148	0.011238
5.54991		0.186		0.011113
5.58015		0.183609	0.006608
5.61039		0.181934	0.006557
5.64063		0.194711	0.010254
5.67088		0.190705	0.016139
5.70112		0.192735	0.011383
5.73136		0.194975	0.006495
5.7616		0.193078	0.007385
5.79184		0.198506	0.007654
5.82209		0.199072	0.006923
5.85233		0.204376	0.01089
5.88257		0.203047	0.006952
5.91281		0.204349	0.016864
5.94305		0.205746	0.020543
5.9733		0.209751	0.007244
6.00354		0.211552	0.007001
6.03378		0.211489	0.012185
6.06402		0.20998		0.00516
6.09426		0.2173		0.007471
6.12451		0.215372	0.006294
6.15475		0.217254	0.006688
6.18499		0.217674	0.01462
6.21523		0.224371	0.006969
6.24547		0.221218	0.006876
6.27572		0.220873	0.007095
6.30596		0.221648	0.007434
6.3362		0.224123	0.008011
6.36644		0.228612	0.009955
6.39668		0.230103	0.020317
6.42693		0.23294		0.01316
6.45717		0.230863	0.010008
6.48741		0.229768	0.010794
6.51765		0.23253		0.019647
6.54789		0.239312	0.018858
6.57814		0.239096	0.016542
6.60838		0.240654	0.011638
6.63862		0.242976	0.009923
6.66886		0.249098	0.012209
6.6991		0.244632	0.014813
6.72935		0.246688	0.015506
6.75959		0.246417	0.010694
6.78983		0.248006	0.007982
6.82007		0.253729	0.009281
6.85031		0.257839	0.009581
6.88056		0.256303	0.015726
6.9108		0.256495	0.00836
6.94104		0.263808	0.00814
6.97128		0.266145	0.009626
7.00152		0.266672	0.008986
7.03177		0.283062	0.013152
7.06201		0.284154	0.011297
7.09225		0.276928	0.008483
7.12249		0.281942	0.010129
7.15273		0.284688	0.013276
7.18298		0.28889		0.009725
7.21322		0.289058	0.012853
7.24346		0.289663	0.008779
7.2737		0.293206	0.010464
7.30394		0.302753	0.019482
7.33419		0.29737		0.010355
7.36443		0.296839	0.021551
7.39467		0.302655	0.013666
7.42491		0.297821	0.009053
7.45515		0.29708		0.009609
7.4854		0.306317	0.009945
7.45515		0.303721	0.006645
7.51564		0.308823	0.008264
7.57612		0.306275	0.009847
7.6366		0.32182		0.008885
7.69709		0.366494	0.01704
7.75757		0.349197	0.007759
7.81805		0.324422	0.017121
7.87854		0.326374	0.008229
7.93902		0.332914	0.009058
7.99951		0.330899	0.007403
8.05999		0.334026	0.009281
8.12047		0.335909	0.010632
8.18096		0.335497	0.008646
8.24144		0.338627	0.019687
8.30192		0.343715	0.012844
8.36241		0.345817	0.007582
8.42289		0.346307	0.007261
8.48337		0.336169	0.010834
8.54386		0.339646	0.00936
8.60434		0.34104		0.011421
8.66483		0.340635	0.016384
8.72531		0.342516	0.016482
8.78579		0.340496	0.016446
8.84628		0.340288	0.031567
8.90676		0.338118	0.028352
8.96724		0.338208	0.027912
9.02773		0.343711	0.012641
9.08821		0.34354		0.010607
9.14869		0.335537	0.010441
9.20918		0.333901	0.010566
9.26966		0.329425	0.007993
9.33015		0.329148	0.009872
9.39063		0.333103	0.007804
9.45111		0.336628	0.008612
9.5116		0.336542	0.009287
9.57208		0.34216		0.009818
9.63256		0.337781	0.008436
9.69305		0.342307	0.02426
9.75353		0.342967	0.009336
9.81401		0.345806	0.010351
9.8745		0.34521		0.01075
9.93498		0.349084	0.016072
9.99547		0.347778	0.008216
10.05595	0.361476	0.015325
10.11643	0.376058	0.027994
10.17692	0.376458	0.025072
10.2374		0.383382	0.010523
10.29788	0.392199	0.010398
10.35837	0.40389		0.031657
10.41885	0.415497	0.028786
10.47933	0.423152	0.011529
10.53982	0.444268	0.01859
10.6003		0.465763	0.007806
10.66079	0.458192	0.024645
10.72127	0.46087		0.014359
10.78175	0.467867	0.018905
10.84224	0.475439	0.012559
10.90272	0.482805	0.031356
10.9632		0.490947	0.02093
11.02369	0.49441		0.012919
11.08417	0.50632		0.026768
11.14465	0.511639	0.027679
11.20514	0.520844	0.030709
11.26562	0.540209	0.029846
11.32611	0.559699	0.013416
11.38659	0.56083		0.017017
11.44707	0.570034	0.013683
11.50756	0.585633	0.026504
11.56804	0.593807	0.032899
11.62852	0.603465	0.036325
11.68901	0.609146	0.024872
11.74949	0.620282	0.015308
11.80997	0.627864	0.02027
11.87046	0.62457		0.017856
11.93094	0.639665	0.019262
11.99143	0.655035	0.018907
12.05191	0.666732	0.019556
12.11239	0.673274	0.030902
12.17288	0.681832	0.015899
12.23336	0.692855	0.050173
12.29384	0.700092	0.046594
12.35433	0.708432	0.020043
12.41481	0.718157	0.018437
12.47529	0.72477		0.031704
12.53578	0.725046	0.016442
12.59626	0.733721	0.015491
12.65675	0.745325	0.02186
12.71723	0.75117		0.028122
12.77771	0.753485	0.019218
12.8382		0.776627	0.015922
12.89868	0.829247	0.026183
12.95916	0.820703	0.026812
13.01965	0.779312	0.01694
13.08013	0.7801		0.016307
13.14061	0.790796	0.039391
13.2011		0.803639	0.03668
13.26158	0.805225	0.020033
13.32206	0.806463	0.016899
13.38255	0.811368	0.021546
13.44303	0.814479	0.018565
13.50352	0.820533	0.027384
13.564		0.826341	0.017499
13.62448	0.839348	0.019459
13.68497	0.847324	0.020574
13.74545	0.856681	0.021013
13.80593	0.862575	0.028288
13.86642	0.873465	0.020789
13.9269		0.87196		0.028464
13.98738	0.890378	0.016364