5.24749		0.065896	0.001454
5.27773		0.068031	0.002312
5.30797		0.069541	0.00196
5.33821		0.069509	0.004313
5.36846		0.069689	0.002775
5.3987		0.078393	0.003973
5.42894		0.080662	0.002899
5.45918		0.073031	0.00242
5.48942		0.071447	0.001274
5.51967		0.075952	0.00115
5.54991		0.078235	0.001368
5.58015		0.086033	0.001412
5.61039		0.083712	0.001942
5.64063		0.081448	0.001565
5.67088		0.085376	0.002035
5.70112		0.090784	0.001483
5.73136		0.084326	0.001279
5.7616		0.084363	0.003182
5.79184		0.084102	0.00595
5.82209		0.08523		0.002841
5.85233		0.084719	0.001313
5.88257		0.083233	0.001249
5.91281		0.084226	0.001148
5.94305		0.083473	0.002204
5.9733		0.083947	0.001781
6.00354		0.084681	0.001634
6.03378		0.084541	0.002139
6.06402		0.087363	0.001844
6.09426		0.09111		0.00126
6.12451		0.091685	0.001876
6.15475		0.093942	0.002558
6.18499		0.09944		0.0019
6.21523		0.102867	0.003082
6.24547		0.109499	0.002069
6.27572		0.119526	0.001863
6.30596		0.126357	0.002426
6.3362		0.12698		0.002714
6.36644		0.123389	0.00301
6.39668		0.11856		0.003024
6.42693		0.113748	0.00268
6.45717		0.112024	0.002144
6.48741		0.111301	0.002841
6.51765		0.107085	0.00193
6.54789		0.106041	0.001878
6.57814		0.107583	0.002727
6.60838		0.108149	0.002096
6.63862		0.110174	0.002286
6.66886		0.110934	0.00243
6.6991		0.109769	0.002016
6.72935		0.112514	0.002328
6.75959		0.112385	0.002126
6.78983		0.112929	0.002212
6.82007		0.114266	0.002667
6.85031		0.115655	0.001763
6.88056		0.117402	0.009132
6.9108		0.118565	0.003598
6.94104		0.117274	0.002319
6.97128		0.124482	0.003568
7.00152		0.139801	0.004865
7.03177		0.141378	0.003104
7.06201		0.145689	0.0044
7.09225		0.159244	0.004584
7.12249		0.146828	0.001971
7.15273		0.135436	0.004853
7.18298		0.135084	0.003948
7.21322		0.135987	0.002309
7.24346		0.139988	0.002077
7.2737		0.142471	0.003746
7.30394		0.143226	0.003208
7.33419		0.14351		0.003393
7.36443		0.147847	0.002665
7.39467		0.154781	0.00338
7.42491		0.158727	0.00245
7.45515		0.162718	0.003161
7.4854		0.164789	0.002726
7.45515		0.155455	0.002315
7.51564		0.165549	0.004757
7.57612		0.178174	0.003408
7.6366		0.187851	0.00236
7.69709		0.211573	0.004157
7.75757		0.24215		0.003565
7.81805		0.230261	0.00235
7.87854		0.208818	0.002548
7.93902		0.204844	0.002528
7.99951		0.201924	0.001907
8.05999		0.196741	0.001804
8.12047		0.190503	0.002873
8.18096		0.181444	0.001325
8.24144		0.17082		0.001699
8.30192		0.164879	0.002373
8.36241		0.163246	0.002965
8.42289		0.157794	0.002011
8.48337		0.153786	0.001885
8.54386		0.151427	0.002145
8.60434		0.150403	0.003819
8.66483		0.149687	0.002282
8.72531		0.147539	0.001141
8.78579		0.141264	0.002414
8.84628		0.130167	0.002136
8.90676		0.118676	0.001498
8.96724		0.109368	0.001292
9.02773		0.102902	0.002152
9.08821		0.105173	0.002908
9.14869		0.10285		0.001324
9.20918		0.084913	0.001745
9.26966		0.076504	0.002073
9.33015		0.071916	0.001385
9.39063		0.068016	0.001596
9.45111		0.066756	0.001634
9.5116		0.062912	0.001995
9.57208		0.060441	0.001098
9.63256		0.060999	0.001061
9.69305		0.061035	0.00163
9.75353		0.067886	0.001429
9.81401		0.080862	0.003292
9.8745		0.067071	0.002182
9.93498		0.058274	0.000823
9.99547		0.060826	0.004406
10.05595	0.057253	0.00136
10.11643	0.059133	0.001323
10.17692	0.06151		0.001066
10.2374		0.064939	0.000864
10.29788	0.068947	0.001504
10.35837	0.070725	0.001898
10.41885	0.073836	0.001651
10.47933	0.078189	0.00099
10.53982	0.081928	0.001885
10.6003		0.100019	0.002424
10.66079	0.135701	0.001574
10.72127	0.126515	0.001398
10.78175	0.098608	0.001267
10.84224	0.097662	0.001608
10.90272	0.099686	0.001385
10.9632		0.102255	0.002229
11.02369	0.101855	0.001543
11.08417	0.107702	0.001724
11.14465	0.114896	0.001314
11.20514	0.123252	0.001875
11.26562	0.132879	0.001739
11.32611	0.164595	0.001935
11.38659	0.207868	0.001828
11.44707	0.22183		0.002657
11.50756	0.215325	0.002365
11.56804	0.206174	0.001778
11.62852	0.202239	0.001801
11.68901	0.19833		0.002684
11.74949	0.197854	0.002908
11.80997	0.197754	0.001627
11.87046	0.199862	0.002154
11.93094	0.208739	0.002626
11.99143	0.213519	0.001617
12.05191	0.21919		0.004466
12.11239	0.229168	0.001759
12.17288	0.236642	0.001878
12.23336	0.245294	0.003051
12.29384	0.248304	0.001719
12.35433	0.254518	0.002955
12.41481	0.276924	0.008205
12.47529	0.292336	0.002501
12.53578	0.288863	0.00207
12.59626	0.292114	0.006238
12.65675	0.294878	0.007915
12.71723	0.300788	0.003487
12.77771	0.31216		0.002918
12.8382		0.32094		0.002634
12.89868	0.339609	0.002083
12.95916	0.39479		0.003217
13.01965	0.442994	0.005442
13.08013	0.380244	0.004141
13.14061	0.318502	0.0031
13.2011		0.308799	0.002313
13.26158	0.314588	0.004158
13.32206	0.317817	0.002568
13.38255	0.31476		0.00276
13.44303	0.31469		0.003164
13.50352	0.318849	0.004417
13.564		0.319467	0.002715
13.62448	0.326764	0.01194
13.68497	0.331376	0.00463
13.74545	0.334408	0.008071
13.80593	0.336584	0.005632
13.86642	0.338113	0.003234
13.9269		0.346377	0.006866
13.98738	0.346443	0.018619