5.24749		0.088433	0.004541
5.27773		0.087816	0.003907
5.30797		0.093784	0.004036
5.33821		0.093166	0.003482
5.36846		0.099387	0.003442
5.3987		0.102602	0.006704
5.42894		0.095252	0.00361
5.45918		0.100827	0.005471
5.48942		0.1038		0.003284
5.51967		0.102811	0.006532
5.54991		0.114996	0.005201
5.58015		0.108253	0.003031
5.61039		0.100624	0.003295
5.64063		0.119394	0.002845
5.67088		0.121169	0.003438
5.70112		0.107187	0.005202
5.73136		0.108603	0.007568
5.7616		0.109514	0.004231
5.79184		0.108932	0.003274
5.82209		0.10779		0.003608
5.85233		0.108116	0.003559
5.88257		0.106062	0.003126
5.91281		0.107906	0.00267
5.94305		0.110526	0.003474
5.9733		0.110542	0.002988
6.00354		0.112694	0.006804
6.03378		0.115369	0.008303
6.06402		0.117943	0.003046
6.09426		0.121179	0.003933
6.12451		0.123381	0.003115
6.15475		0.130283	0.003501
6.18499		0.135181	0.003151
6.21523		0.143359	0.003807
6.24547		0.150189	0.004628
6.27572		0.149572	0.004819
6.30596		0.145379	0.004818
6.3362		0.13948		0.004841
6.36644		0.13705		0.005516
6.39668		0.139644	0.004164
6.42693		0.139309	0.004874
6.45717		0.136401	0.003517
6.48741		0.13563		0.004074
6.51765		0.134203	0.004249
6.54789		0.138852	0.00782
6.57814		0.135403	0.003374
6.60838		0.137219	0.0039
6.63862		0.138411	0.005049
6.66886		0.139685	0.004076
6.6991		0.139944	0.004998
6.72935		0.141466	0.004718
6.75959		0.146493	0.011776
6.78983		0.147927	0.011728
6.82007		0.150434	0.009357
6.85031		0.152986	0.004476
6.88056		0.149996	0.004899
6.9108		0.153286	0.004562
6.94104		0.174404	0.004669
6.97128		0.190941	0.007034
7.00152		0.180566	0.005003
7.03177		0.228747	0.008194
7.06201		0.220612	0.008603
7.09225		0.173823	0.00767
7.12249		0.176718	0.008994
7.15273		0.186431	0.017986
7.18298		0.188246	0.020416
7.21322		0.189393	0.014729
7.24346		0.191016	0.007689
7.2737		0.189499	0.008949
7.30394		0.18866		0.009374
7.33419		0.19133		0.008567
7.36443		0.194324	0.006861
7.39467		0.196875	0.007766
7.42491		0.196969	0.007339
7.45515		0.198702	0.005191
7.4854		0.202919	0.008472
7.45515		0.195164	0.004653
7.51564		0.203648	0.005414
7.57612		0.207092	0.005252
7.6366		0.230606	0.019552
7.69709		0.288649	0.005621
7.75757		0.262851	0.007554
7.81805		0.225808	0.007329
7.87854		0.234181	0.007209
7.93902		0.22971		0.00735
7.99951		0.226132	0.017722
8.05999		0.225216	0.00855
8.12047		0.218079	0.004195
8.18096		0.209767	0.004817
8.24144		0.207284	0.004437
8.30192		0.208977	0.004017
8.36241		0.20818		0.005063
8.42289		0.210036	0.006969
8.48337		0.172458	0.072621
8.54386		0.198609	0.003612
8.60434		0.198815	0.004071
8.66483		0.198912	0.004754
8.72531		0.192752	0.010333
8.78579		0.186968	0.004035
8.84628		0.179017	0.003269
8.90676		0.171676	0.003402
8.96724		0.167854	0.003179
9.02773		0.18037		0.0041
9.08821		0.181332	0.003566
9.14869		0.153954	0.00406
9.20918		0.144351	0.002445
9.26966		0.141797	0.00333
9.33015		0.137531	0.002714
9.39063		0.134935	0.002318
9.45111		0.131769	0.002485
9.5116		0.131868	0.002809
9.57208		0.13564		0.003742
9.63256		0.134982	0.010083
9.69305		0.139008	0.00319
9.75353		0.146635	0.003993
9.81401		0.135124	0.007061
9.8745		0.127275	0.003101
9.93498		0.127269	0.00274
9.99547		0.128501	0.003113
10.05595	0.134623	0.002938
10.11643	0.144632	0.01059
10.17692	0.147095	0.007876
10.2374		0.151664	0.003764
10.29788	0.157804	0.003529
10.35837	0.165572	0.003412
10.41885	0.171835	0.003571
10.47933	0.18151		0.00985
10.53982	0.252911	0.004072
10.6003		0.322359	0.004933
10.66079	0.244982	0.008616
10.72127	0.198912	0.004046
10.78175	0.205715	0.004378
10.84224	0.209353	0.005179
10.90272	0.212566	0.004148
10.9632		0.215702	0.005523
11.02369	0.222697	0.004842
11.08417	0.230756	0.006882
11.14465	0.236768	0.007714
11.20514	0.257608	0.005069
11.26562	0.306253	0.005946
11.32611	0.345294	0.010075
11.38659	0.346828	0.00693
11.44707	0.343741	0.014259
11.50756	0.343636	0.006241
11.56804	0.345046	0.007077
11.62852	0.34583		0.006567
11.68901	0.346454	0.005274
11.74949	0.34773		0.004934
11.80997	0.354296	0.005487
11.87046	0.360009	0.006795
11.93094	0.371117	0.012257
11.99143	0.383636	0.012423
12.05191	0.393972	0.014757
12.11239	0.402858	0.0137
12.17288	0.412808	0.008465
12.23336	0.419515	0.005309
12.29384	0.432778	0.005492
12.35433	0.46029		0.007847
12.41481	0.468504	0.007369
12.47529	0.45822		0.007861
12.53578	0.459039	0.007703
12.59626	0.4704		0.015846
12.65675	0.479619	0.008046
12.71723	0.488411	0.005997
12.77771	0.501939	0.010449
12.8382		0.568494	0.009058
12.89868	0.755503	0.016237
12.95916	0.753726	0.00985
13.01965	0.526628	0.012333
13.08013	0.503575	0.007729
13.14061	0.515377	0.011791
13.2011		0.529011	0.020982
13.26158	0.524821	0.021554
13.32206	0.517434	0.009125
13.38255	0.521656	0.008496
13.44303	0.526745	0.008117
13.50352	0.526745	0.008298
13.564		0.541494	0.008255
13.62448	0.547816	0.009476
13.68497	0.557911	0.008215
13.74545	0.559511	0.018198
13.80593	0.566456	0.008004
13.86642	0.572113	0.023795
13.9269		0.579572	0.014317
13.98738	0.590244	0.008051