5.24749		0.028198	0.003751
5.27773		0.027949	0.002635
5.30797		0.031201	0.006564
5.33821		0.032172	0.001983
5.36846		0.031121	0.002406
5.3987		0.028757	0.002985
5.42894		0.032522	0.00243
5.45918		0.034683	0.001896
5.48942		0.036805	0.002829
5.51967		0.041724	0.003075
5.54991		0.034822	0.002071
5.58015		0.034154	0.002479
5.61039		0.040721	0.003313
5.64063		0.038739	0.003043
5.67088		0.034013	0.001919
5.70112		0.03381		0.003389
5.73136		0.034118	0.001876
5.7616		0.033281	0.001718
5.79184		0.031995	0.001863
5.82209		0.031799	0.001877
5.85233		0.032502	0.001739
5.88257		0.034024	0.001594
5.91281		0.033849	0.002091
5.94305		0.032835	0.002108
5.9733		0.035799	0.001793
6.00354		0.041352	0.001823
6.03378		0.043521	0.002335
6.06402		0.046278	0.002438
6.09426		0.050316	0.003174
6.12451		0.057364	0.009139
6.15475		0.065808	0.00787
6.18499		0.078892	0.004195
6.21523		0.084513	0.003044
6.24547		0.080466	0.004317
6.27572		0.07178		0.004688
6.30596		0.067152	0.003956
6.3362		0.065163	0.003609
6.36644		0.060565	0.003211
6.39668		0.057552	0.003277
6.42693		0.054341	0.002678
6.45717		0.050279	0.002883
6.48741		0.046778	0.003259
6.51765		0.045269	0.002472
6.54789		0.045611	0.002684
6.57814		0.04497		0.005196
6.60838		0.04739		0.002612
6.63862		0.049836	0.007151
6.66886		0.04985		0.005461
6.6991		0.047915	0.002806
6.72935		0.049368	0.003713
6.75959		0.052582	0.003022
6.78983		0.054559	0.002754
6.82007		0.056419	0.005116
6.85031		0.058758	0.0118
6.88056		0.06194		0.003579
6.9108		0.078484	0.004949
6.94104		0.080624	0.004888
6.97128		0.083616	0.005873
7.00152		0.088735	0.006096
7.03177		0.078115	0.005808
7.06201		0.070506	0.003625
7.09225		0.070488	0.00379
7.12249		0.068983	0.00463
7.15273		0.068157	0.003718
7.18298		0.067578	0.003558
7.21322		0.067435	0.003937
7.24346		0.069		0.003509
7.2737		0.070502	0.004368
7.30394		0.073961	0.003908
7.33419		0.0762		0.003584
7.36443		0.077697	0.004462
7.39467		0.080301	0.004201
7.42491		0.084059	0.008477
7.45515		0.090985	0.014158
7.4854		0.099171	0.00766
7.45515		0.091143	0.004607
7.51564		0.094158	0.00386
7.57612		0.134971	0.009206
7.6366		0.178838	0.011719
7.69709		0.170902	0.004592
7.75757		0.1479		0.007277
7.81805		0.146046	0.005368
7.87854		0.145211	0.004065
7.93902		0.140313	0.003873
7.99951		0.133831	0.004032
8.05999		0.125334	0.005897
8.12047		0.11466		0.005064
8.18096		0.10987		0.006072
8.24144		0.114218	0.006183
8.30192		0.111385	0.005595
8.36241		0.110592	0.004881
8.42289		0.108456	0.006016
8.48337		0.108785	0.003924
8.54386		0.113939	0.003071
8.60434		0.118792	0.004713
8.66483		0.115601	0.002607
8.72531		0.10903		0.0033
8.78579		0.101705	0.003373
8.84628		0.097743	0.002997
8.90676		0.096525	0.003688
8.96724		0.098067	0.002337
9.02773		0.101662	0.004165
9.08821		0.090458	0.002999
9.14869		0.089584	0.001889
9.20918		0.088123	0.003045
9.26966		0.088218	0.003602
9.33015		0.088368	0.002438
9.39063		0.087502	0.002373
9.45111		0.08847		0.002361
9.5116		0.095277	0.002399
9.57208		0.095987	0.003249
9.63256		0.102883	0.004283
9.69305		0.115421	0.004678
9.75353		0.103565	0.002371
9.81401		0.096413	0.003311
9.8745		0.096538	0.004176
9.93498		0.097397	0.003454
9.99547		0.101636	0.002569
10.05595	0.103532	0.003883
10.11643	0.106646	0.0044
10.17692	0.108987	0.002334
10.2374		0.10937		0.002784
10.29788	0.112546	0.002649
10.35837	0.118519	0.003628
10.41885	0.121252	0.004343
10.47933	0.156751	0.004725
10.53982	0.187282	0.006922
10.6003		0.155049	0.004288
10.66079	0.140956	0.003427
10.72127	0.142458	0.003812
10.78175	0.144148	0.002678
10.84224	0.145713	0.002679
10.90272	0.150474	0.002874
10.9632		0.156243	0.006083
11.02369	0.164315	0.00366
11.08417	0.172568	0.00302
11.14465	0.197665	0.004364
11.20514	0.264956	0.005815
11.26562	0.323783	0.005681
11.32611	0.312312	0.005638
11.38659	0.282959	0.00645
11.44707	0.26534		0.005368
11.50756	0.245292	0.004876
11.56804	0.238988	0.00394
11.62852	0.23293		0.00369
11.68901	0.233492	0.003505
11.74949	0.236944	0.006143
11.80997	0.234523	0.003674
11.87046	0.238108	0.005047
11.93094	0.24647		0.005298
11.99143	0.257608	0.003569
12.05191	0.259419	0.00426
12.11239	0.262694	0.004954
12.17288	0.262881	0.005276
12.23336	0.268479	0.008216
12.29384	0.290985	0.004657
12.35433	0.294139	0.005173
12.41481	0.291002	0.006614
12.47529	0.29438		0.006053
12.53578	0.299837	0.006312
12.59626	0.310833	0.005642
12.65675	0.319591	0.005984
12.71723	0.328402	0.006505
12.77771	0.378074	0.006485
12.8382		0.446134	0.007729
12.89868	0.389668	0.005919
12.95916	0.313229	0.005031
13.01965	0.30358		0.005261
13.08013	0.306518	0.004751
13.14061	0.313181	0.005283
13.2011		0.316017	0.00723
13.26158	0.313652	0.005391
13.32206	0.313291	0.005309
13.38255	0.315199	0.00545
13.44303	0.320413	0.013911
13.50352	0.326068	0.006063
13.564		0.331359	0.011976
13.62448	0.336443	0.005515
13.68497	0.340197	0.007819
13.74545	0.338816	0.005045
13.80593	0.33682		0.008202
13.86642	0.340842	0.007198
13.9269		0.347937	0.00602
13.98738	0.354163	0.008863