     5.247490     0.215603    0.006751       
     5.277730     0.214817    0.004327       
     5.307970     0.219166    0.003513       
     5.338210     0.217541    0.004963       
     5.368460     0.218990    0.006823       
     5.398700     0.222137    0.006932       
     5.428940     0.220067    0.003354       
     5.459180     0.220397    0.005528       
     5.489420     0.221930    0.004256       
     5.519670     0.219123    0.003691       
     5.549910     0.216649    0.003911       
     5.580150     0.218776    0.003353       
     5.610390     0.219362    0.004397       
     5.640630     0.220115    0.003834       
     5.670880     0.221970    0.002710       
     5.701120     0.221391    0.002684       
     5.731360     0.225119    0.003075       
     5.761600     0.226354    0.003623       
     5.791840     0.225293    0.003359       
     5.822090     0.226022    0.005565       
     5.852330     0.225203    0.003731       
     5.882570     0.227481    0.004179       
     5.912810     0.230070    0.004472       
     5.943050     0.231548    0.004219       
     5.973300     0.232915    0.004328       
     6.003540     0.230597    0.003835       
     6.033780     0.232227    0.003603       
     6.064020     0.232869    0.003944       
     6.094260     0.230752    0.003951       
     6.124510     0.230611    0.004818       
     6.154750     0.231452    0.003711       
     6.184990     0.234287    0.004213       
     6.215230     0.234390    0.003510       
     6.245470     0.235045    0.005248       
     6.275720     0.236781    0.003640       
     6.305960     0.235718    0.003195       
     6.336200     0.237323    0.003470       
     6.366440     0.238128    0.003441       
     6.396680     0.236998    0.003800       
     6.426930     0.237999    0.004071       
     6.457170     0.238577    0.003659       
     6.487410     0.240327    0.003950       
     6.517650     0.238350    0.003448       
     6.547890     0.239265    0.007857       
     6.578140     0.240697    0.003681       
     6.608380     0.240148    0.008275       
     6.638620     0.239556    0.003853       
     6.668860     0.239730    0.003491       
     6.699100     0.242115    0.006872       
     6.729350     0.244138    0.003890       
     6.759590     0.244922    0.004061       
     6.789830     0.244396    0.004634       
     6.820070     0.243861    0.004189       
     6.850310     0.246431    0.004198       
     6.880560     0.246496    0.005836       
     6.910800     0.245969    0.004687       
     6.941040     0.244271    0.005560       
     6.971280     0.245692    0.004585       
     7.001520     0.245978    0.004628       
     7.031770     0.248815    0.005500       
     7.062010     0.248878    0.009993       
     7.092250     0.248853    0.004376       
     7.122490     0.253122    0.004357       
     7.152730     0.252118    0.005013       
     7.182980     0.253085    0.009190       
     7.213220     0.253924    0.004865       
     7.243460     0.255280    0.005750       
     7.273700     0.254804    0.006325       
     7.303940     0.256068    0.005774       
     7.334190     0.258770    0.006348       
     7.364430     0.257293    0.006800       
     7.394670     0.258171    0.005095       
     7.424910     0.254085    0.005317       
     7.455150     0.257099    0.006314       
     7.485400     0.258609    0.008280       
     7.455150     0.249753    0.003845       
     7.515640     0.250522    0.003579       
     7.576120     0.262121    0.006056       
     7.636600     0.263300    0.004261       
     7.697090     0.266393    0.003959       
     7.757570     0.266914    0.004011       
     7.818050     0.266518    0.005136       
     7.878540     0.266829    0.005356       
     7.939020     0.266819    0.005263       
     7.999510     0.268177    0.006577       
     8.059990     0.270029    0.004171       
     8.120470     0.269938    0.003861       
     8.180960     0.270953    0.003134       
     8.241440     0.271532    0.003681       
     8.301920     0.272575    0.003256       
     8.362410     0.274036    0.005103       
     8.422890     0.276205    0.003860       
     8.483370     0.276005    0.002695      
     8.543860     0.275936    0.003778       
     8.604340     0.279452    0.005560       
     8.664830     0.280731    0.003235       
     8.725310     0.281481    0.003410       
     8.785790     0.281824    0.003148       
     8.846280     0.285992    0.002476       
     8.906760     0.283020    0.004961       
     8.967240     0.280874    0.004489       
     9.027730     0.285129    0.003973       
     9.088210     0.285931    0.004072       
     9.148690     0.286535    0.003968       
     9.209180     0.284802    0.003681       
     9.269660     0.286728    0.005279       
     9.330150     0.284988    0.004005       
     9.390630     0.286381    0.003232       
     9.451110     0.289362    0.003630       
     9.511600     0.290322    0.003089       
     9.572080     0.293235    0.003287       
     9.632560     0.291288    0.003810       
     9.693050     0.291497    0.003104       
     9.753530     0.290795    0.003152       
     9.814010     0.293611    0.002628       
     9.874500     0.294733    0.002996       
     9.934980     0.295100    0.003016       
     9.995470     0.297314    0.003175       
    10.055950     0.299462    0.005471       
    10.116430     0.303091    0.005882       
    10.176920     0.303448    0.007330       
    10.237400     0.302094    0.004694       
    10.297880     0.304710    0.003388       
    10.358370     0.309038    0.004558       
    10.418850     0.312113    0.002971       
    10.479330     0.310136    0.003568       
    10.539820     0.312043    0.002954       
    10.600300     0.316113    0.004327       
    10.660790     0.318118    0.002810       
    10.721270     0.321008    0.003144       
    10.781750     0.324181    0.003483       
    10.842240     0.328464    0.002906       
    10.902720     0.328479    0.003666       
    10.963200     0.331105    0.003398       
    11.023690     0.334665    0.003231       
    11.084170     0.337842    0.004097       
    11.144650     0.336261    0.004054       
    11.205140     0.341217    0.003222       
    11.265620     0.342248    0.006289       
    11.326110     0.346065    0.003707       
    11.386590     0.344995    0.003731       
    11.447070     0.347688    0.003489       
    11.507560     0.351103    0.006892       
    11.568040     0.352962    0.003265       
    11.628520     0.354559    0.003496       
    11.689010     0.355984    0.003827       
    11.749490     0.356597    0.005881       
    11.809970     0.357849    0.003817       
    11.870460     0.358627    0.003612       
    11.930940     0.362565    0.003502       
    11.991430     0.364774    0.004156       
    12.051910     0.369209    0.008615       
    12.112390     0.376209    0.003722       
    12.172880     0.384905    0.003887       
    12.233360     0.379235    0.004960       
    12.293840     0.373276    0.003883       
    12.354330     0.376847    0.004854       
    12.414810     0.378377    0.008195       
    12.475290     0.377408    0.003795       
    12.535780     0.376130    0.003750       
    12.596260     0.379196    0.004039       
    12.656750     0.380739    0.003825       
    12.717230     0.382876    0.010636       
    12.777710     0.383785    0.007290       
    12.838200     0.384108    0.005123       
    12.898680     0.386015    0.004313       
    12.959160     0.387822    0.004442       
    13.019650     0.391889    0.005156       
    13.080130     0.389842    0.003956       
    13.140610     0.388167    0.004458       
    13.201100     0.387936    0.010660       
    13.261580     0.391110    0.004940       
    13.322060     0.390450    0.005138       
    13.382550     0.388682    0.004356       
    13.443030     0.387939    0.004140       
    13.503520     0.387586    0.005806       
    13.564000     0.388067    0.006557       
    13.624480     0.391042    0.005410       
    13.684970     0.391227    0.009788       
    13.745450     0.391212    0.008305       
    13.805930     0.393485    0.004586       
    13.866420     0.394614    0.005352       
    13.926900     0.394142    0.006374       
    13.987380     0.395181    0.006570   

   