5.24749		0.054749	0.004729
5.27773		0.058663	0.002807
5.30797		0.060635	0.003157
5.33821		0.060977	0.002789
5.36846		0.061108	0.002523
5.3987		0.064542	0.004283
5.42894		0.066798	0.003188
5.45918		0.064751	0.002589
5.48942		0.062445	0.002241
5.51967		0.065494	0.003038
5.54991		0.067162	0.002292
5.58015		0.070847	0.003947
5.61039		0.072801	0.003902
5.64063		0.070521	0.003036
5.67088		0.071244	0.002324
5.70112		0.07644		0.004445
5.73136		0.07329		0.002042
5.7616		0.070688	0.002818
5.79184		0.072892	0.004269
5.82209		0.073663	0.003451
5.85233		0.075508	0.00419
5.88257		0.074253	0.002793
5.91281		0.07425		0.003277
5.94305		0.075475	0.002759
5.9733		0.078108	0.002858
6.00354		0.079167	0.003859
6.03378		0.079768	0.002794
6.06402		0.080479	0.002907
6.09426		0.083238	0.004437
6.12451		0.080321	0.002884
6.15475		0.082245	0.003301
6.18499		0.083503	0.004861
6.21523		0.085484	0.003713
6.24547		0.085742	0.004203
6.27572		0.08637		0.004055
6.30596		0.087727	0.004937
6.3362		0.089448	0.003024
6.36644		0.088677	0.003061
6.39668		0.090921	0.004028
6.42693		0.090935	0.006737
6.45717		0.09139		0.005371
6.48741		0.090861	0.003992
6.51765		0.088697	0.004475
6.54789		0.091154	0.003438
6.57814		0.093361	0.003011
6.60838		0.094949	0.005185
6.63862		0.09658		0.003747
6.66886		0.097907	0.004885
6.6991		0.096139	0.002832
6.72935		0.096483	0.00326
6.75959		0.095751	0.00466
6.78983		0.098578	0.005801
6.82007		0.100454	0.004323
6.85031		0.101511	0.003727
6.88056		0.102078	0.004552
6.9108		0.100904	0.003607
6.94104		0.102458	0.003781
6.97128		0.10484		0.00777
7.00152		0.105179	0.004972
7.03177		0.108514	0.009359
7.06201		0.111193	0.00545
7.09225		0.118381	0.007031
7.12249		0.117647	0.005443
7.15273		0.110759	0.004943
7.18298		0.109758	0.004896
7.21322		0.110701	0.009682
7.24346		0.109157	0.007007
7.2737		0.114916	0.008728
7.30394		0.116752	0.006502
7.33419		0.117188	0.009368
7.36443		0.117556	0.006556
7.39467		0.118152	0.005177
7.42491		0.119524	0.004826
7.45515		0.121167	0.005429
7.4854		0.119228	0.00603
7.45515		0.115757	0.00561
7.51564		0.11839		0.00477
7.57612		0.125067	0.004777
7.6366		0.128256	0.00468
7.69709		0.133336	0.008984
7.75757		0.165399	0.00611
7.81805		0.147113	0.008152
7.87854		0.130685	0.004504
7.93902		0.133893	0.004885
7.99951		0.136069	0.002912
8.05999		0.136069	0.003459
8.12047		0.134358	0.002823
8.18096		0.133865	0.004667
8.24144		0.135504	0.003173
8.30192		0.13611		0.003109
8.36241		0.139585	0.004501
8.42289		0.140934	0.003655
8.48337		0.137981	0.002798
8.54386		0.138783	0.002954
8.60434		0.142115	0.002587
8.66483		0.142627	0.004671
8.72531		0.143424	0.003948
8.78579		0.143682	0.003459
8.84628		0.144129	0.003274
8.90676		0.143315	0.003447
8.96724		0.144583	0.002486
9.02773		0.146004	0.002836
9.08821		0.153653	0.002991
9.14869		0.161367	0.003522
9.20918		0.150856	0.003542
9.26966		0.148298	0.002611
9.33015		0.148706	0.002675
9.39063		0.152093	0.003228
9.45111		0.152429	0.00324
9.5116		0.154583	0.003204
9.57208		0.156958	0.002895
9.63256		0.16236		0.003064
9.69305		0.164708	0.003543
9.75353		0.162225	0.003266
9.81401		0.166714	0.002954
9.8745		0.168581	0.003423
9.93498		0.166588	0.003664
9.99547		0.170598	0.008202
10.05595	0.172815	0.004074
10.11643	0.174116	0.006383
10.17692	0.174366	0.004026
10.2374		0.175228	0.003229
10.29788	0.17854		0.004176
10.35837	0.184438	0.003699
10.41885	0.184515	0.003778
10.47933	0.187524	0.003466
10.53982	0.189851	0.007279
10.6003		0.206669	0.006315
10.66079	0.279251	0.006904
10.72127	0.268463	0.004675
10.78175	0.207213	0.006199
10.84224	0.205458	0.003991
10.90272	0.20622		0.00328
10.9632		0.207946	0.003275
11.02369	0.211575	0.003298
11.08417	0.214228	0.003555
11.14465	0.217229	0.00435
11.20514	0.216491	0.004625
11.26562	0.220741	0.004703
11.32611	0.225633	0.003863
11.38659	0.227903	0.010281
11.44707	0.234128	0.006987
11.50756	0.236134	0.005551
11.56804	0.237108	0.004279
11.62852	0.23906		0.004488
11.68901	0.241063	0.00604
11.74949	0.241916	0.004511
11.80997	0.243153	0.005699
11.87046	0.241671	0.003734
11.93094	0.248461	0.003822
11.99143	0.252658	0.004175
12.05191	0.254655	0.003504
12.11239	0.255888	0.008319
12.17288	0.257872	0.011556
12.23336	0.260052	0.004645
12.29384	0.262609	0.005455
12.35433	0.263168	0.004914
12.41481	0.265733	0.003762
12.47529	0.271106	0.005253
12.53578	0.272536	0.00389
12.59626	0.274103	0.00496
12.65675	0.276038	0.005884
12.71723	0.277973	0.005202
12.77771	0.281837	0.005648
12.8382		0.284559	0.005821
12.89868	0.282923	0.005814
12.95916	0.296622	0.007493
13.01965	0.320625	0.007588
13.08013	0.31251		0.006482
13.14061	0.292704	0.006021
13.2011		0.29619		0.005912
13.26158	0.298353	0.006352
13.32206	0.302204	0.0095
13.38255	0.30347		0.005332
13.44303	0.299981	0.007139
13.50352	0.301716	0.005068
13.564		0.305994	0.006213
13.62448	0.30739		0.005618
13.68497	0.310794	0.006306
13.74545	0.314759	0.005309
13.80593	0.315698	0.005609
13.86642	0.320592	0.005811
13.9269		0.321752	0.005844
13.98738	0.324832	0.006028