5.24749		0.167539	0.005103
5.27773		0.168793	0.00749
5.30797		0.171217	0.006563
5.33821		0.170167	0.004741
5.36846		0.171103	0.003922
5.3987		0.16995		0.005433
5.42894		0.169571	0.003677
5.45918		0.171823	0.004242
5.48942		0.174515	0.00497
5.51967		0.172511	0.004252
5.54991		0.172872	0.005249
5.58015		0.173263	0.005215
5.61039		0.17167		0.003943
5.64063		0.180433	0.003791
5.67088		0.180693	0.004633
5.70112		0.179581	0.004399
5.73136		0.18178		0.003638
5.7616		0.180812	0.004588
5.79184		0.18224		0.003232
5.82209		0.179914	0.00407
5.85233		0.177388	0.004064
5.88257		0.178447	0.003815
5.91281		0.178281	0.005704
5.94305		0.180157	0.006298
5.9733		0.180772	0.006371
6.00354		0.181474	0.007306
6.03378		0.181878	0.004234
6.06402		0.18159		0.003525
6.09426		0.182514	0.005672
6.12451		0.185898	0.004302
6.15475		0.191297	0.005392
6.18499		0.197511	0.007006
6.21523		0.211517	0.00817
6.24547		0.212887	0.006011
6.27572		0.217296	0.00593
6.30596		0.221084	0.008844
6.3362		0.215358	0.008288
6.36644		0.211114	0.007742
6.39668		0.20514		0.006146
6.42693		0.201867	0.005081
6.45717		0.198029	0.004409
6.48741		0.196045	0.004403
6.51765		0.195739	0.005714
6.54789		0.195395	0.00407
6.57814		0.195495	0.005752
6.60838		0.194023	0.008354
6.63862		0.198215	0.009557
6.66886		0.198013	0.006712
6.6991		0.197421	0.007698
6.72935		0.199044	0.006806
6.75959		0.199439	0.006865
6.78983		0.200532	0.005851
6.82007		0.20193		0.005386
6.85031		0.201046	0.004621
6.88056		0.199953	0.005022
6.9108		0.200031	0.00791
6.94104		0.204677	0.009482
6.97128		0.205269	0.008674
7.00152		0.210201	0.008268
7.03177		0.226126	0.010027
7.06201		0.221595	0.009612
7.09225		0.215902	0.008369
7.12249		0.218988	0.005643
7.15273		0.225121	0.006182
7.18298		0.225888	0.006737
7.21322		0.22732		0.005262
7.24346		0.229893	0.006025
7.2737		0.230256	0.005661
7.30394		0.231053	0.006738
7.33419		0.232165	0.011702
7.36443		0.236669	0.017458
7.39467		0.242549	0.007983
7.42491		0.244918	0.01584
7.45515		0.252265	0.017983
7.4854		0.257437	0.007022
7.45515		0.246714	0.00943
7.51564		0.264751	0.012078
7.57612		0.283448	0.016531
7.6366		0.304858	0.016544
7.69709		0.317284	0.015247
7.75757		0.305568	0.01043
7.81805		0.303034	0.01069
7.87854		0.299068	0.007456
7.93902		0.291365	0.011976
7.99951		0.276942	0.008963
8.05999		0.25987		0.007113
8.12047		0.244784	0.003786
8.18096		0.229464	0.006532
8.24144		0.218368	0.006893
8.30192		0.209705	0.006672
8.36241		0.201713	0.00586
8.42289		0.192719	0.0116
8.48337		0.172627	0.06255
8.54386		0.176381	0.017646
8.60434		0.170804	0.015972
8.66483		0.161688	0.018634
8.72531		0.151409	0.005157
8.78579		0.135396	0.011235
8.84628		0.120986	0.004963
8.90676		0.105802	0.004566
8.96724		0.093688	0.003777
9.02773		0.085437	0.003067
9.08821		0.077815	0.00234
9.14869		0.065672	0.001754
9.20918		0.05908		0.00241
9.26966		0.05296		0.002001
9.33015		0.047521	0.00179
9.39063		0.042726	0.002448
9.45111		0.04025		0.001556
9.5116		0.037994	0.005735
9.57208		0.035749	0.002246
9.63256		0.033216	0.0021
9.69305		0.033732	0.001977
9.75353		0.034247	0.001665
9.81401		0.033216	0.004253
9.8745		0.033782	0.004396
9.93498		0.032765	0.001472
9.99547		0.032051	0.001576
10.05595	0.03433		0.003866
10.11643	0.035799	0.005208
10.17692	0.036468	0.003535
10.2374		0.039411	0.002059
10.29788	0.041619	0.001552
10.35837	0.044772	0.004217
10.41885	0.04724		0.002753
10.47933	0.04869		0.002402
10.53982	0.057269	0.003684
10.6003		0.071179	0.002549
10.66079	0.066997	0.004772
10.72127	0.062459	0.002217
10.78175	0.065357	0.003182
10.84224	0.067833	0.006695
10.90272	0.0696		0.004268
10.9632		0.07155		0.003932
11.02369	0.074486	0.004957
11.08417	0.082144	0.002817
11.14465	0.088767	0.003609
11.20514	0.103792	0.002766
11.26562	0.136547	0.002646
11.32611	0.168235	0.004202
11.38659	0.17304		0.005087
11.44707	0.166104	0.008842
11.50756	0.162231	0.007383
11.56804	0.159502	0.005284
11.62852	0.16074		0.010511
11.68901	0.161429	0.005412
11.74949	0.160977	0.003882
11.80997	0.165492	0.005604
11.87046	0.170566	0.004161
11.93094	0.18146		0.005075
11.99143	0.191679	0.007171
12.05191	0.201241	0.012978
12.11239	0.209845	0.014984
12.17288	0.214075	0.008865
12.23336	0.218277	0.016396
12.29384	0.225338	0.007059
12.35433	0.23998		0.006541
12.41481	0.248772	0.010295
12.47529	0.25368		0.00723
12.53578	0.260085	0.007912
12.59626	0.269917	0.008136
12.65675	0.281109	0.008196
12.71723	0.288469	0.006316
12.77771	0.29515		0.011169
12.8382		0.312418	0.008542
12.89868	0.344848	0.015051
12.95916	0.336018	0.008782
13.01965	0.282962	0.014438
13.08013	0.269927	0.019061
13.14061	0.26999		0.019838
13.2011		0.269914	0.022487
13.26158	0.26955		0.00883
13.32206	0.265992	0.007331
13.38255	0.267879	0.009423
13.44303	0.267531	0.009623
13.50352	0.266293	0.008138
13.564		0.268134	0.008933
13.62448	0.271485	0.015492
13.68497	0.27068		0.012312
13.74545	0.268852	0.008722
13.80593	0.269711	0.006997
13.86642	0.26955		0.008943
13.9269		0.27176		0.007316
13.98738	0.270556	0.006838