5.24749		0.736955	0.0594
5.27773		0.736899	0.048466
5.30797		0.742647	0.017716
5.33821		0.734789	0.018218
5.36846		0.760515	0.009492
5.3987		0.746639	0.013719
5.42894		0.740116	0.034236
5.45918		0.742883	0.033123
5.48942		0.733259	0.008129
5.51967		0.744039	0.014364
5.54991		0.747314	0.01474
5.58015		0.73755		0.007085
5.61039		0.743441	0.007509
5.64063		0.779247	0.015318
5.67088		0.757504	0.010172
5.70112		0.742053	0.011468
5.73136		0.744313	0.008443
5.7616		0.74106		0.008771
5.79184		0.744803	0.010664
5.82209		0.737478	0.011441
5.85233		0.725586	0.013928
5.88257		0.723882	0.015341
5.91281		0.738006	0.026711
5.94305		0.737159	0.046526
5.9733		0.730729	0.025034
6.00354		0.726163	0.016423
6.03378		0.731224	0.013394
6.06402		0.739154	0.014069
6.09426		0.738187	0.011628
6.12451		0.748439	0.014632
6.15475		0.762122	0.019837
6.18499		0.770832	0.039078
6.21523		0.798529	0.012744
6.24547		0.811033	0.011919
6.27572		0.803158	0.013514
6.30596		0.800761	0.013984
6.3362		0.795935	0.034773
6.36644		0.796891	0.01198
6.39668		0.800584	0.012013
6.42693		0.793515	0.009897
6.45717		0.795427	0.009252
6.48741		0.797649	0.00948
6.51765		0.791521	0.01244
6.54789		0.802976	0.029494
6.57814		0.798513	0.028078
6.60838		0.804469	0.013769
6.63862		0.803692	0.024943
6.66886		0.812196	0.02259
6.6991		0.812264	0.01854
6.72935		0.807015	0.013029
6.75959		0.809098	0.011473
6.78983		0.806398	0.013404
6.82007		0.812053	0.012679
6.85031		0.812906	0.011302
6.88056		0.817625	0.03817
6.9108		0.817239	0.028446
6.94104		0.846987	0.01699
6.97128		0.842607	0.012852
7.00152		0.888638	0.012661
7.03177		0.940779	0.020493
7.06201		0.876422	0.012207
7.09225		0.863678	0.01193
7.12249		0.8709		0.012864
7.15273		0.878098	0.013251
7.18298		0.890056	0.010279
7.21322		0.894393	0.014489
7.24346		0.888281	0.013028
7.2737		0.895788	0.013713
7.30394		0.904193	0.011888
7.33419		0.910992	0.015181
7.36443		0.922833	0.029246
7.39467		0.931999	0.011745
7.42491		0.938861	0.038476
7.45515		0.941781	0.017974
7.4854		0.949072	0.016119
7.45515		0.944129	0.01805
7.51564		0.978995	0.009335
7.57612		0.974713	0.013012
7.6366		1.012307	0.017071
7.69709		1.075485	0.010194
7.75757		1.045351	0.009484
7.81805		1.016794	0.011722
7.87854		1.027888	0.010525
7.93902		1.01964		0.01197
7.99951		1.000046	0.010862
8.05999		0.97801		0.013935
8.12047		0.958997	0.008239
8.18096		0.936118	0.009662
8.24144		0.914868	0.014255
8.30192		0.9022		0.032444
8.36241		0.896976	0.009016
8.42289		0.876886	0.006653
8.48337		0.851605	0.00867
8.54386		0.829929	0.014748
8.60434		0.81497		0.012316
8.66483		0.799995	0.012755
8.72531		0.772657	0.012996
8.78579		0.737576	0.011357
8.84628		0.706414	0.007869
8.90676		0.672211	0.009643
8.96724		0.653738	0.011181
9.02773		0.663374	0.011439
9.08821		0.630973	0.006886
9.14869		0.576318	0.006235
9.20918		0.551998	0.005541
9.26966		0.535562	0.004482
9.33015		0.513953	0.005511
9.39063		0.502052	0.005978
9.45111		0.492653	0.012098
9.5116		0.486752	0.009821
9.57208		0.491826	0.010415
9.63256		0.479891	0.005578
9.69305		0.487648	0.004678
9.75353		0.485181	0.005497
9.81401		0.477921	0.009541
9.8745		0.481724	0.005173
9.93498		0.491555	0.005538
9.99547		0.498017	0.013975
10.05595	0.516977	0.005688
10.11643	0.53855		0.03433
10.17692	0.553681	0.010591
10.2374		0.57255		0.005982
10.29788	0.593328	0.006128
10.35837	0.619586	0.013575
10.41885	0.636276	0.011803
10.47933	0.665586	0.010959
10.53982	0.820209	0.007944
10.6003		0.900288	0.007906
10.66079	0.750295	0.032254
10.72127	0.721672	0.008792
10.78175	0.742651	0.006165
10.84224	0.755245	0.009529
10.90272	0.766351	0.010316
10.9632		0.784406	0.009494
11.02369	0.792037	0.006336
11.08417	0.823173	0.006406
11.14465	0.84153		0.02698
11.20514	0.894055	0.020879