5.24749		0.172037	0.005359
5.27773		0.183028	0.006989
5.30797		0.198474	0.004119
5.33821		0.194197	0.004525
5.36846		0.186524	0.004651
5.3987		0.191327	0.005078
5.42894		0.196483	0.00462
5.45918		0.184008	0.003703
5.48942		0.177006	0.00532
5.51967		0.177361	0.005023
5.54991		0.177673	0.004254
5.58015		0.186346	0.004214
5.61039		0.18642		0.004938
5.64063		0.183068	0.005847
5.67088		0.192283	0.003876
5.70112		0.202165	0.004436
5.73136		0.204481	0.013988
5.7616		0.209083	0.004941
5.79184		0.214635	0.00476
5.82209		0.216261	0.00988
5.85233		0.217218	0.006571
5.88257		0.216238	0.006708
5.91281		0.220694	0.017059
5.94305		0.229721	0.006346
5.9733		0.235584	0.004457
6.00354		0.239017	0.007595
6.03378		0.238603	0.006792
6.06402		0.250744	0.004471
6.09426		0.26457		0.015895
6.12451		0.271673	0.005857
6.15475		0.27214		0.00591
6.18499		0.27236		0.004797
6.21523		0.304997	0.007453
6.24547		0.35544		0.00606
6.27572		0.4204		0.008794
6.30596		0.461965	0.006827
6.3362		0.463186	0.006582
6.36644		0.420315	0.011087
6.39668		0.37433		0.008437
6.42693		0.336637	0.013932
6.45717		0.323966	0.013829
6.48741		0.307885	0.007684
6.51765		0.302039	0.008804
6.54789		0.304116	0.006836
6.57814		0.302202	0.007453
6.60838		0.297446	0.00795
6.63862		0.300916	0.010868
6.66886		0.307829	0.010231
6.6991		0.313905	0.007197
6.72935		0.318484	0.005504
6.75959		0.319713	0.005696
6.78983		0.316897	0.009787
6.82007		0.315128	0.007505
6.85031		0.315483	0.014961
6.88056		0.310078	0.007314
6.9108		0.311504	0.005344
6.94104		0.305682	0.006478
6.97128		0.301666	0.010187
7.00152		0.321701	0.007539
7.03177		0.328118	0.009723
7.06201		0.357372	0.009073
7.09225		0.440961	0.011891
7.12249		0.401975	0.008705
7.15273		0.355792	0.02745
7.18298		0.370624	0.010502
7.21322		0.371115	0.014031
7.24346		0.386197	0.010698
7.2737		0.399052	0.009989
7.30394		0.405235	0.010926
7.33419		0.426125	0.007896
7.36443		0.443546	0.01902
7.39467		0.455272	0.015407
7.42491		0.475145	0.011487
7.45515		0.502473	0.013845
7.4854		0.511279	0.015136
7.45515		0.474245	0.023443
7.51564		0.544596	0.023462
7.57612		0.534027	0.017167
7.6366		0.625359	0.007365
7.69709		0.689593	0.017029
7.75757		0.723444	0.027909
7.81805		0.700599	0.024936
7.87854		0.691614	0.066335
7.93902		0.687377	0.066717
7.99951		0.674102	0.06672
8.05999		0.626026	0.065557
8.12047		0.600309	0.035297
8.18096		0.550634	0.038631
8.24144		0.533557	0.021113
8.30192		0.52312		0.013784
8.36241		0.51664		0.015091
8.42289		0.527495	0.01713
8.48337		0.533954	0.012472
8.54386		0.533544	0.016492
8.60434		0.551058	0.018249
8.66483		0.580711	0.021216
8.72531		0.579875	0.00597
8.78579		0.580111	0.017128
8.84628		0.54164		0.010873
8.90676		0.491598	0.018065
8.96724		0.460753	0.053164
9.02773		0.45387		0.017982
9.08821		0.438258	0.011228
9.14869		0.442686	0.004137
9.20918		0.423648	0.005432
9.26966		0.421819	0.004826
9.33015		0.426812	0.004837
9.39063		0.434547	0.005437
9.45111		0.443164	0.006358
9.5116		0.448427	0.00634
9.57208		0.455024	0.004943
9.63256		0.468296	0.004567
9.69305		0.474781	0.006377
9.75353		0.490684	0.005058
9.81401		0.509384	0.00546
9.8745		0.500402	0.006912
9.93498		0.496873	0.005897
9.99547		0.505225	0.005426
10.05595	0.510126	0.004453
10.11643	0.512089	0.005228
10.17692	0.521176	0.011517
10.2374		0.527321	0.008757
10.29788	0.533956	0.0053
10.35837	0.540778	0.004696
10.41885	0.548177	0.004452
10.47933	0.560777	0.004618
10.53982	0.569405	0.005052
10.6003		0.591375	0.004826
10.66079	0.643465	0.007528
10.72127	0.645698	0.005582
10.78175	0.634983	0.008831
10.84224	0.642159	0.006817
10.90272	0.651038	0.008268
10.9632		0.659415	0.008053
11.02369	0.664763	0.00616
11.08417	0.686877	0.010306
11.14465	0.727646	0.009758
11.20514	0.759978	0.0075
11.26562	0.796589	0.007783
11.32611	0.950065	0.02837
11.38659	1.192299	0.028836
11.44707	1.252628	0.011519
11.50756	1.148645	0.010062
11.56804	1.042641	0.012397
11.62852	0.968971	0.007155
11.68901	0.918925	0.012033
11.74949	0.876304	0.006929
11.80997	0.858475	0.013044
11.87046	0.840235	0.018802
11.93094	0.856447	0.009593
11.99143	0.860193	0.00881
12.05191	0.878347	0.008888
12.11239	0.908373	0.019149
12.17288	0.924325	0.014713
12.23336	0.92819		0.010797
12.29384	0.924462	0.029234
12.35433	0.926661	0.018283
12.41481	0.935194	0.01555
12.47529	0.962118	0.026869
12.53578	0.975743	0.010521
12.59626	0.998476	0.013551
12.65675	1.01557		0.009978
12.71723	1.050618	0.013082
12.77771	1.095201	0.01323
12.8382		1.129578	0.014478
12.89868	1.144179	0.010722
12.95916	1.393058	0.013353
13.01965	1.739834	0.020608
13.08013	1.38464		0.015367
13.14061	1.020762	0.01311
13.2011		1.004257	0.013047
13.26158	1.001824	0.012314
13.32206	0.989136	0.010703
13.38255	0.987548	0.010811
13.44303	1.019713	0.013986
13.50352	0.999059	0.011611
13.564		1.021811	0.013609
13.62448	1.016854	0.013711
13.68497	1.03009		0.015854
13.74545	1.045793	0.017378
13.80593	1.068478	0.013107
13.86642	1.056311	0.021468
13.9269		1.056301	0.0198
13.98738	1.064817	0.024207