5.24749		0.204083	0.013688
5.27773		0.209257	0.012167
5.30797		0.216591	0.016385
5.33821		0.212831	0.043339
5.36846		0.209116	0.013987
5.3987		0.21785		0.040174
5.42894		0.223528	0.023747
5.45918		0.224346	0.034646
5.48942		0.227053	0.016331
5.51967		0.218238	0.016988
5.54991		0.220828	0.048938
5.58015		0.218611	0.015583
5.61039		0.218865	0.020328
5.64063		0.236006	0.017659
5.67088		0.230528	0.016142
5.70112		0.225837	0.035644
5.73136		0.223913	0.037079
5.7616		0.22406		0.015557
5.79184		0.228679	0.013365
5.82209		0.231211	0.012273
5.85233		0.232726	0.015648
5.88257		0.231666	0.019354
5.91281		0.232106	0.021417
5.94305		0.237194	0.027704
5.9733		0.240611	0.016837
6.00354		0.243433	0.019617
6.03378		0.242519	0.014814
6.06402		0.243133	0.032034
6.09426		0.2426		0.016976
6.12451		0.241304	0.018287
6.15475		0.243536	0.035247
6.18499		0.241999	0.050697
6.21523		0.24381		0.01917
6.24547		0.242675	0.047784
6.27572		0.241387	0.018653
6.30596		0.244527	0.048204
6.3362		0.247036	0.019688
6.36644		0.249751	0.018864
6.39668		0.25983		0.038726
6.42693		0.252349	0.018085
6.45717		0.250527	0.043621
6.48741		0.242825	0.015024
6.51765		0.240173	0.013549
6.54789		0.250758	0.01389
6.57814		0.257433	0.013551
6.60838		0.260088	0.013981
6.63862		0.260156	0.013477
6.66886		0.259266	0.023953
6.6991		0.256901	0.01383
6.72935		0.253652	0.014446
6.75959		0.255457	0.018357
6.78983		0.257621	0.017876
6.82007		0.260341	0.048054
6.85031		0.260609	0.019061
6.88056		0.262203	0.047579
6.9108		0.260565	0.02302
6.94104		0.265892	0.039401
6.97128		0.265746	0.065411
7.00152		0.260614	0.023187
7.03177		0.282129	0.043286
7.06201		0.282361	0.022685
7.09225		0.271962	0.022415
7.12249		0.270135	0.067596
7.15273		0.272621	0.058702
7.18298		0.271916	0.020948
7.21322		0.271961	0.019966
7.24346		0.268481	0.021001
7.2737		0.272859	0.024289
7.30394		0.28178		0.020667
7.33419		0.279272	0.042111
7.36443		0.28443		0.031176
7.39467		0.283755	0.039416
7.42491		0.274849	0.023887
7.45515		0.27737		0.03116
7.4854		0.28102		0.056568
7.45515		0.274343	0.007791
7.51564		0.287212	0.014847