5.24749		0.063687	0.004634
5.27773		0.066496	0.00305
5.30797		0.067392	0.004185
5.33821		0.06628		0.003226
5.36846		0.074475	0.005144
5.3987		0.073944	0.002814
5.42894		0.068999	0.003359
5.45918		0.067004	0.003237
5.48942		0.07103		0.003205
5.51967		0.072812	0.003352
5.54991		0.076537	0.008641
5.58015		0.075673	0.004435
5.61039		0.071456	0.003877
5.64063		0.075542	0.00676
5.67088		0.0789		0.003221
5.70112		0.077416	0.008478
5.73136		0.079632	0.008678
5.7616		0.079827	0.004374
5.79184		0.078722	0.006806
5.82209		0.077243	0.004661
5.85233		0.077432	0.003616
5.88257		0.078008	0.00342
5.91281		0.082416	0.004482
5.94305		0.083474	0.004821
5.9733		0.084005	0.00973
6.00354		0.087489	0.004983
6.03378		0.093263	0.005179
6.06402		0.104702	0.005239
6.09426		0.106125	0.00526
6.12451		0.108635	0.007536
6.15475		0.116986	0.009439
6.18499		0.135455	0.004423
6.21523		0.16401		0.004655
6.24547		0.180152	0.005207
6.27572		0.172923	0.005839
6.30596		0.15632		0.005859
6.3362		0.140675	0.005238
6.36644		0.12841		0.005228
6.39668		0.117366	0.006322
6.42693		0.112738	0.009984
6.45717		0.109514	0.003942
6.48741		0.107436	0.004125
6.51765		0.104538	0.004682
6.54789		0.10271		0.00496
6.57814		0.103857	0.0049
6.60838		0.104961	0.010864
6.63862		0.108487	0.008669
6.66886		0.10952		0.008456
6.6991		0.112793	0.010665
6.72935		0.116886	0.016241
6.75959		0.120846	0.00646
6.78983		0.125889	0.005037
6.82007		0.126227	0.005428
6.85031		0.128635	0.006849
6.88056		0.129127	0.00564
6.9108		0.130391	0.005023
6.94104		0.135966	0.006348
6.97128		0.141794	0.005567
7.00152		0.140026	0.005951
7.03177		0.164902	0.006726
7.06201		0.145088	0.008958
7.09225		0.129619	0.005006
7.12249		0.130386	0.004408
7.15273		0.13773		0.00484
7.18298		0.14062		0.005863
7.21322		0.139024	0.005849
7.24346		0.140127	0.006445
7.2737		0.14519		0.009022
7.30394		0.149068	0.00595
7.33419		0.151794	0.006148
7.36443		0.161604	0.007062
7.39467		0.167177	0.01576
7.42491		0.179069	0.025493
7.45515		0.192422	0.029027
7.4854		0.20279		0.0096
7.45515		0.166213	0.005444
7.51564		0.190071	0.005924
7.57612		0.188376	0.015431
7.6366		0.194313	0.021134
7.69709		0.196234	0.027137
7.75757		0.198482	0.005122
7.81805		0.197553	0.012207
7.87854		0.201122	0.008495
7.93902		0.195052	0.004801
7.99951		0.180614	0.013449
8.05999		0.171496	0.007923
8.12047		0.16098		0.00508
8.18096		0.158367	0.008409
8.24144		0.155238	0.008233
8.30192		0.156604	0.019856
8.36241		0.159035	0.020235
8.42289		0.159717	0.019313
8.48337		0.161524	0.0152
8.54386		0.162086	0.015356
8.60434		0.177266	0.007358
8.66483		0.170777	0.015524
8.72531		0.166439	0.006914
8.78579		0.151727	0.005316
8.84628		0.140277	0.002823
8.90676		0.133359	0.003337
8.96724		0.124312	0.003345
9.02773		0.122187	0.003601
9.08821		0.118264	0.002801
9.14869		0.112212	0.007863
9.20918		0.109029	0.003029
9.26966		0.108129	0.002698
9.33015		0.107982	0.002486
9.39063		0.106567	0.004531
9.45111		0.10992		0.003762
9.5116		0.105869	0.004317
9.57208		0.110307	0.003762
9.63256		0.106659	0.004036
9.69305		0.110948	0.002652
9.75353		0.115071	0.00362
9.81401		0.111903	0.003766
9.8745		0.11181		0.00306
9.93498		0.112737	0.003435
9.99547		0.114185	0.003119
10.05595	0.115659	0.002588
10.11643	0.11841		0.003122
10.17692	0.121389	0.004858
10.2374		0.123658	0.002532
10.29788	0.124133	0.003569
10.35837	0.12706		0.00304
10.41885	0.130811	0.002285
10.47933	0.134072	0.003349
10.53982	0.143713	0.00352
10.6003		0.155699	0.003006
10.66079	0.156468	0.005794
10.72127	0.156478	0.005562
10.78175	0.158164	0.002705
10.84224	0.162835	0.003199
10.90272	0.167262	0.009107
10.9632		0.171936	0.004118
11.02369	0.182193	0.005075
11.08417	0.198149	0.003066
11.14465	0.205124	0.003285
11.20514	0.239897	0.00535
11.26562	0.323619	0.006248
11.32611	0.369316	0.008145
11.38659	0.34518		0.00447
11.44707	0.303504	0.005096
11.50756	0.275716	0.007095
11.56804	0.258846	0.005416
11.62852	0.246213	0.00463
11.68901	0.239031	0.00437
11.74949	0.234233	0.004401
11.80997	0.234289	0.009354
11.87046	0.230333	0.004461
11.93094	0.246867	0.009808
11.99143	0.252957	0.005042
12.05191	0.259267	0.005871
12.11239	0.260515	0.008261
12.17288	0.260902	0.009167
12.23336	0.258495	0.00518
12.29384	0.262967	0.016724
12.35433	0.272872	0.004173
12.41481	0.281044	0.00465
12.47529	0.27984		0.005543
12.53578	0.289098	0.006181
12.59626	0.297479	0.006221
12.65675	0.305738	0.005548
12.71723	0.315973	0.004937
12.77771	0.321984	0.00612
12.8382		0.369973	0.012596
12.89868	0.443402	0.007938
12.95916	0.381579	0.00758
13.01965	0.288757	0.006779
13.08013	0.283281	0.005719
13.14061	0.28621		0.00711
13.2011		0.287628	0.014876
13.26158	0.289763	0.015253
13.32206	0.285464	0.005861
13.38255	0.287181	0.006816
13.44303	0.288214	0.006103
13.50352	0.287953	0.005779
13.564		0.291794	0.013355
13.62448	0.297526	0.006529
13.68497	0.297329	0.006166
13.74545	0.296769	0.006417
13.80593	0.2979		0.006224
13.86642	0.301751	0.006197
13.9269		0.300087	0.009041
13.98738	0.306582	0.00616