     5.247490     0.893115    0.025772       
     5.277730     0.909068    0.020021       
     5.307970     0.931135    0.020881       
     5.338210     0.936209    0.016406       
     5.368460     0.919069    0.012707       
     5.398700     0.905903    0.009402       
     5.428940     0.920274    0.009215       
     5.459180     0.930486    0.012164       
     5.489420     0.925524    0.014624       
     5.519670     0.941722    0.009330       
     5.549910     0.922199    0.009977       
     5.580150     0.931133    0.016887       
     5.610390     0.949535    0.011738       
     5.640630     0.956595    0.008887       
     5.670880     0.945654    0.018152       
     5.701120     0.943047    0.013187       
     5.731360     0.951031    0.013275       
     5.761600     0.955325    0.015957       
     5.791840     0.954352    0.017319       
     5.822090     0.959528    0.015764       
     5.852330     0.968245    0.012543       
     5.882570     0.973626    0.012851       
     5.912810     0.978934    0.014438       
     5.943050     0.978718    0.013581       
     5.973300     0.986867    0.013286       
     6.003540     0.995437    0.016456       
     6.033780     0.997489    0.014519       
     6.064020     1.001834    0.030823       
     6.094260     1.006887    0.013732       
     6.124510     1.010812    0.029945       
     6.154750     1.014538    0.028610       
     6.184990     1.026235    0.022185       
     6.215230     1.029717    0.011628       
     6.245470     1.022261    0.013357       
     6.275720     1.020678    0.013142       
     6.305960     1.031831    0.011807       
     6.336200     1.022523    0.012119       
     6.366440     1.031414    0.023042       
     6.396680     1.034171    0.028347       
     6.426930     1.036625    0.010291       
     6.457170     1.037752    0.029225       
     6.487410     1.037296    0.010812       
     6.517650     1.032369    0.011299       
     6.547890     1.039045    0.013235       
     6.578140     1.042943    0.013792       
     6.608380     1.052921    0.010298       
     6.638620     1.059600    0.015967       
     6.668860     1.064337    0.021055       
     6.699100     1.068965    0.016018       
     6.729350     1.066324    0.010939       
     6.759590     1.074229    0.012682       
     6.789830     1.069203    0.013896       
     6.820070     1.066887    0.014121       
     6.850310     1.064601    0.015075       
     6.880560     1.076958    0.015845       
     6.910800     1.104101    0.012660       
     6.941040     1.105185    0.017308       
     6.971280     1.176543    0.018642       
     7.001520     1.271307    0.025826       
     7.031770     1.146331    0.014666       
     7.062010     1.088788    0.017237       
     7.092250     1.100975    0.011883       
     7.122490     1.113021    0.013798       
     7.152730     1.115570    0.014736       
     7.182980     1.116256    0.011350       
     7.213220     1.124287    0.016236       
     7.243460     1.144150    0.016139       
     7.273700     1.137827    0.014040       
     7.303940     1.160000    0.022334       
     7.334190     1.175838    0.015073       
     7.364430     1.178614    0.025300       
     7.394670     1.182218    0.015690       
     7.424910     1.186487    0.017529       
     7.455150     1.199663    0.015606       
     7.485400     1.205671    0.022364       
     7.455150     1.150331    0.023399       
     7.515640     1.159173    0.016855            
     7.576120     1.201175    0.027847       
     7.636600     1.258449    0.022196       
     7.697090     1.262437    0.022020       
     7.757570     1.226396    0.013348       
     7.818050     1.227940    0.016739       
     7.878540     1.232742    0.020924       
     7.939020     1.225180    0.012660       
     7.999510     1.218569    0.009253       
     8.059990     1.205249    0.012989       
     8.120470     1.178095    0.011902       
     8.180960     1.164925    0.010960       
     8.241440     1.148396    0.015302       
     8.301920     1.144828    0.029575       
     8.362410     1.141472    0.033521       
     8.422890     1.100744    0.011852       
     8.483370     1.084974    0.010597            
     8.543860     1.069859    0.014245       
     8.604340     1.055300    0.012413       
     8.664830     1.036358    0.012529       
     8.725310     1.000894    0.010964       
     8.785790     0.961732    0.006656       
     8.846280     0.921721    0.007691       
     8.906760     0.880746    0.008383       
     8.967240     0.866804    0.034860       
     9.027730     0.840097    0.007367       
     9.088210     0.774149    0.008284       
     9.148690     0.736317    0.008083       
     9.209180     0.698389    0.008722       
     9.269660     0.666755    0.009509       
     9.330150     0.645559    0.006523       
     9.390630     0.621520    0.007710       
     9.451110     0.609308    0.005211       
     9.511600     0.604923    0.005979       
     9.572080     0.593694    0.005955       
     9.632560     0.605623    0.006996       
     9.693050     0.610646    0.007126       
     9.753530     0.585812    0.008370       
     9.814010     0.587220    0.006591       
     9.874500     0.599736    0.005184       
     9.934980     0.613949    0.006000       
     9.995470     0.627012    0.029840       
    10.055950     0.661833    0.008511       
    10.116430     0.706131    0.054699       
    10.176920     0.729867    0.021772       
    10.237400     0.757368    0.008485       
    10.297880     0.793346    0.008357       
    10.358370     0.827943    0.007847       
    10.418850     0.859056    0.006913       
    10.479330     0.922428    0.007558       
    10.539820     0.976721    0.015360       
    10.600300     0.983134    0.010261       
    10.660790     1.004271    0.010072       
    10.721270     1.033469    0.025696       
    10.781750     1.060804    0.010823       
    10.842240     1.087767    0.012530       
    10.902720     1.118618    0.012259       
    10.963200     1.150157    0.010928       
    11.023690     1.190890    0.009233       
    11.084170     1.242294    0.011818       
    11.144650     1.320033    0.011120       
    11.205140     1.472169    0.047013       
    11.265620     1.596184    0.036276       
    11.326110     1.627604    0.012056       
    11.386590     1.619554    0.014986       
    11.447070     1.631897    0.023395       
    11.507560     1.659019    0.043251       
    11.568040     1.685701    0.027035       
    11.628520     1.703238    0.024233       
    11.689010     1.732295    0.044800       
    11.749490     1.766608    0.017165       
    11.809970     1.781831    0.015928       
    11.870460     1.802183    0.019645       
    11.930940     1.870001    0.017236       
    11.991430     1.928508    0.056301       
    12.051910     1.964873    0.056291       
    12.112390     1.991536    0.013701       
    12.172880     2.008970    0.015633       
    12.233360     2.045600    0.020695       
    12.293840     2.094701    0.018253       
    12.354330     2.111346    0.015136       
    12.414810     2.111192    0.021406       
    12.475290     2.119596    0.024455       
    12.535780     2.134041    0.022797       
    12.596260     2.170570    0.015822       
    12.656750     2.189553    0.015944       
    12.717230     2.211831    0.037628       
    12.777710     2.633706    0.017512           
    12.838200     3.102410    0.049357       
    12.898680     2.630221    0.021985           
    12.959160     2.156830    0.048956       
    13.019650     2.122877    0.021349       
    13.080130     2.116677    0.029523       
    13.140610     2.115461    0.016783       
    13.201100     2.117488    0.016998       
    13.261580     2.120316    0.023969       
    13.322060     2.128635    0.037964       
    13.382550     2.122245    0.025373       
    13.443030     2.121678    0.024299       
    13.503520     2.127440    0.026198       
    13.564000     2.147539    0.025853       
    13.624480     2.160658    0.027328       
    13.684970     2.169694    0.073729       
    13.745450     2.175783    0.087224       
    13.805930     2.191525    0.031649       
    13.866420     2.211162    0.020206       
    13.926900     2.225382    0.030677       
    13.987380     2.227884    0.072401       
    14.069350     2.075178    0.020718       
    14.154030     2.135876    0.035142       
    14.238710     2.183784    0.039227