 5.24749		0.050683	0.00155
5.27773		0.051182	0.001256
5.30797		0.05385		0.0013
5.33821		0.057582	0.001629
5.36846		0.063394	0.00205
5.3987		0.057279	0.001661
5.42894		0.055965	0.001425
5.45918		0.058375	0.00171
5.48942		0.059768	0.004972
5.51967		0.06162		0.002009
5.54991		0.063621	0.002671
5.58015		0.058115	0.001229
5.61039		0.060846	0.001184
5.64063		0.072832	0.001395
5.67088		0.066926	0.002924
5.70112		0.062236	0.001142
5.73136		0.062099	0.001418
5.7616		0.063295	0.00123
5.79184		0.063393	0.001215
5.82209		0.064146	0.001448
5.85233		0.065391	0.001108
5.88257		0.066807	0.002985
5.91281		0.068715	0.003959
5.94305		0.070536	0.00154
5.9733		0.070516	0.001178
6.00354		0.072018	0.001072
6.03378		0.074119	0.001732
6.06402		0.07511		0.001722
6.09426		0.076987	0.001912
6.12451		0.0815		0.001816
6.15475		0.085509	0.002236
6.18499		0.088845	0.002274
6.21523		0.094677	0.001363
6.24547		0.095464	0.001774
6.27572		0.09282		0.00196
6.30596		0.094838	0.001859
6.3362		0.091647	0.002201
6.36644		0.090961	0.001621
6.39668		0.09038		0.001956
6.42693		0.088404	0.00135
6.45717		0.090215	0.00338
6.48741		0.087541	0.002863
6.51765		0.085711	0.00219
6.54789		0.086137	0.001905
6.57814		0.086686	0.002013
6.60838		0.087426	0.002707
6.63862		0.091253	0.001835
6.66886		0.091251	0.007872
6.6991		0.091206	0.001865
6.72935		0.094489	0.001724
6.75959		0.097338	0.002049
6.78983		0.095726	0.001837
6.82007		0.096485	0.002458
6.85031		0.097771	0.002392
6.88056		0.097882	0.002981
6.9108		0.107319	0.001982
6.94104		0.117368	0.004912
6.97128		0.115794	0.002025
7.00152		0.137435	0.004619
7.03177		0.144696	0.006683
7.06201		0.123285	0.003953
7.09225		0.111104	0.003374
7.12249		0.115162	0.007322
7.15273		0.120873	0.008041
7.18298		0.121786	0.004267
7.21322		0.121744	0.003867
7.24346		0.124866	0.007087
7.2737		0.124064	0.004538
7.30394		0.129114	0.006278
7.33419		0.134609	0.004265
7.36443		0.138643	0.003096
7.39467		0.136085	0.007405
7.42491		0.138095	0.004694
7.45515		0.14269		0.017083
7.4854		0.151712	0.002985
7.45515		0.143127	0.004632
7.51564		0.155372	0.003579
7.57612		0.161174	0.002092
7.6366		0.202524	0.004268
7.69709		0.235374	0.00513
7.75757		0.201954	0.001888
7.81805		0.176049	0.002966
7.87854		0.177712	0.001554
7.93902		0.177456	0.00189
7.99951		0.172021	0.001904
8.05999		0.168259	0.001822
8.12047		0.164533	0.001371
8.18096		0.158499	0.001392
8.24144		0.159777	0.001556
8.30192		0.159427	0.001651
8.36241		0.15991		0.001589
8.42289		0.161293	0.001887
8.48337		0.162431	0.002293
8.54386		0.165278	0.001967
8.60434		0.16963		0.002209
8.66483		0.169359	0.001789
8.72531		0.165027	0.001756
8.78579		0.158184	0.002992
8.84628		0.155467	0.002013
8.90676		0.148598	0.00136
8.96724		0.155205	0.002843
9.02773		0.180789	0.006764
9.08821		0.161019	0.002205
9.14869		0.140066	0.001306
9.20918		0.136171	0.002241
9.26966		0.134728	0.001954
9.33015		0.133867	0.001764
9.39063		0.132972	0.002056
9.45111		0.135227	0.004609
9.5116		0.139776	0.004705
9.57208		0.147361	0.0022
9.63256		0.14545		0.006603
9.69305		0.160271	0.001615
9.75353		0.154957	0.00364
9.81401		0.144004	0.001647
9.8745		0.143561	0.004113
9.93498		0.148621	0.002229
9.99547		0.152314	0.003039
10.05595	0.154928	0.001441
10.11643	0.160242	0.0028
10.17692	0.165445	0.001974
10.2374		0.170577	0.002173
10.29788	0.175832	0.002718
10.35837	0.184094	0.001294
10.41885	0.193906	0.003283
10.47933	0.245119	0.001879
10.53982	0.396329	0.002439
10.6003		0.389365	0.010766
10.66079	0.241309	0.00219
10.72127	0.219014	0.001856
10.78175	0.222276	0.002423
10.84224	0.225633	0.004336
10.90272	0.228552	0.00459
10.9632		0.233128	0.004101
11.02369	0.244272	0.004017
11.08417	0.256795	0.003855
11.14465	0.272759	0.002109
11.20514	0.314258	0.007571
11.26562	0.371575	0.006906
11.32611	0.397626	0.005365
11.38659	0.374485	0.003191
11.44707	0.355315	0.003088
11.50756	0.342862	0.006051
11.56804	0.340294	0.008959
11.62852	0.336914	0.003722
11.68901	0.335951	0.003649
11.74949	0.336432	0.002738
11.80997	0.342294	0.002838
11.87046	0.34646		0.002478
11.93094	0.354623	0.002453
11.99143	0.364444	0.009286
12.05191	0.371258	0.004252
12.11239	0.376239	0.006719
12.17288	0.380923	0.003094
12.23336	0.38729		0.012124
12.29384	0.400724	0.003889
12.35433	0.414292	0.00325
12.41481	0.418296	0.003018
12.47529	0.421314	0.003615
12.53578	0.427992	0.003598
12.59626	0.438871	0.002563
12.65675	0.450026	0.003578
12.71723	0.459233	0.003104
12.77771	0.484186	0.003975
12.8382		0.566237	0.003994
12.89868	0.626831	0.003217
12.95916	0.513879	0.003718
13.01965	0.458579	0.003567
13.08013	0.456583	0.004243
13.14061	0.465272	0.002829
13.2011		0.478332	0.009766
13.26158	0.469325	0.005792
13.32206	0.46564		0.003299
13.38255	0.468942	0.003288
13.44303	0.476449	0.008058
13.50352	0.484362	0.007706
13.564		0.496302	0.009236
13.62448	0.504898	0.008797
13.68497	0.509874	0.008824
13.74545	0.520959	0.014099
13.80593	0.526178	0.012929
13.86642	0.534326	0.014405
13.9269		0.542942	0.042293
13.98738	0.559582	0.038323