5.24749		0.11509		0.006087
5.27773		0.117513	0.006084
5.30797		0.117834	0.004285
5.33821		0.121729	0.004541
5.36846		0.125125	0.003557
5.3987		0.121349	0.00352
5.42894		0.126447	0.002874
5.45918		0.141791	0.007635
5.48942		0.135005	0.003472
5.51967		0.135504	0.003562
5.54991		0.129962	0.00634
5.58015		0.128693	0.003009
5.61039		0.139536	0.006137
5.64063		0.143191	0.003026
5.67088		0.133121	0.002904
5.70112		0.132091	0.004237
5.73136		0.131451	0.006806
5.7616		0.132306	0.003949
5.79184		0.128773	0.0043
5.82209		0.130475	0.003933
5.85233		0.132534	0.003516
5.88257		0.131179	0.003224
5.91281		0.129767	0.004382
5.94305		0.130509	0.004242
5.9733		0.131966	0.003553
6.00354		0.132772	0.006996
6.03378		0.134493	0.004012
6.06402		0.134365	0.004571
6.09426		0.136285	0.003493
6.12451		0.140019	0.003353
6.15475		0.145311	0.003567
6.18499		0.149188	0.003155
6.21523		0.148235	0.004455
6.24547		0.149102	0.003828
6.27572		0.151219	0.004078
6.30596		0.150999	0.00586
6.3362		0.152305	0.008666
6.36644		0.154473	0.003196
6.39668		0.156973	0.00401
6.42693		0.160679	0.005766
6.45717		0.157268	0.006121
6.48741		0.16226		0.00568
6.51765		0.164539	0.004314
6.54789		0.16554		0.005479
6.57814		0.171308	0.004292
6.60838		0.170579	0.00419
6.63862		0.173852	0.004013
6.66886		0.177274	0.006435
6.6991		0.17697		0.005756
6.72935		0.176166	0.006219
6.75959		0.178563	0.004011
6.78983		0.177733	0.005688
6.82007		0.179586	0.005215
6.85031		0.178341	0.004184
6.88056		0.178371	0.006106
6.9108		0.188502	0.004956
6.94104		0.193116	0.006265
6.97128		0.196888	0.005972
7.00152		0.207909	0.005898
7.03177		0.204728	0.005637
7.06201		0.198703	0.00635
7.09225		0.202458	0.00552
7.12249		0.206025	0.00475
7.15273		0.207413	0.00534
7.18298		0.207043	0.00554
7.21322		0.212996	0.007021
7.24346		0.215915	0.005454
7.2737		0.220005	0.014864
7.30394		0.227435	0.006196
7.33419		0.228916	0.00654
7.36443		0.229966	0.006542
7.39467		0.234077	0.006552
7.42491		0.236839	0.007783
7.45515		0.241667	0.010962
7.4854		0.243702	0.009016
7.45515		0.242886	0.007365
7.51564		0.247378	0.006823
7.57612		0.243692	0.008322
7.6366		0.319026	0.008195
7.69709		0.327191	0.005941
7.75757		0.269434	0.008191
7.81805		0.27245		0.006221
7.87854		0.275783	0.004652
7.93902		0.271387	0.004688
7.99951		0.268388	0.003619
8.05999		0.266489	0.01003
8.12047		0.260894	0.012853
8.18096		0.257501	0.003357
8.24144		0.25506		0.004502
8.30192		0.250353	0.013175
8.36241		0.250856	0.007354
8.42289		0.24855		0.004551
8.48337		0.240056	0.003468
8.54386		0.234393	0.006773
8.60434		0.229675	0.009313
8.66483		0.225356	0.007481
8.72531		0.217461	0.005703
8.78579		0.210708	0.007466
8.84628		0.202341	0.016404
8.90676		0.192098	0.011934
8.96724		0.199569	0.006788
9.02773		0.212442	0.006184
9.08821		0.182069	0.00553
9.14869		0.174711	0.013087
9.20918		0.168708	0.003819
9.26966		0.167893	0.00492
9.33015		0.164361	0.00525
9.39063		0.164736	0.005302
9.45111		0.163149	0.003357
9.5116		0.175522	0.00408
9.57208		0.178814	0.006845
9.63256		0.175364	0.003524
9.69305		0.182226	0.005872
9.75353		0.177316	0.007871
9.81401		0.173846	0.005279
9.8745		0.173955	0.003409
9.93498		0.179431	0.005467
9.99547		0.182737	0.00502
10.05595	0.19084		0.005819
10.11643	0.198525	0.020334
10.17692	0.202494	0.019054
10.2374		0.206017	0.005845
10.29788	0.211927	0.005202
10.35837	0.220385	0.017339
10.41885	0.227315	0.006866
10.47933	0.268337	0.007437
10.53982	0.322393	0.006953
10.6003		0.280946	0.012239
10.66079	0.253321	0.005421
10.72127	0.263174	0.005984
10.78175	0.270096	0.011322
10.84224	0.273701	0.007015
10.90272	0.283721	0.006354
10.9632		0.292021	0.005423
11.02369	0.301161	0.004751
11.08417	0.30804		0.003552
11.14465	0.32382		0.00929
11.20514	0.361715	0.006909
11.26562	0.39654		0.007057
11.32611	0.400115	0.018035
11.38659	0.395624	0.007841
11.44707	0.390683	0.007184
11.50756	0.39546		0.017901
11.56804	0.39819		0.016424
11.62852	0.398229	0.008345
11.68901	0.406728	0.00893
11.74949	0.41143		0.007635
11.80997	0.41713		0.011358
11.87046	0.421464	0.008067
11.93094	0.435926	0.008541
11.99143	0.455661	0.006964
12.05191	0.463827	0.008816
12.11239	0.469033	0.008491
12.17288	0.475386	0.016859
12.23336	0.481824	0.010126
12.29384	0.502827	0.018221
12.35433	0.510563	0.008812
12.41481	0.508393	0.007131
12.47529	0.515369	0.008723
12.53578	0.521512	0.014089
12.59626	0.532915	0.00853
12.65675	0.539651	0.010502
12.71723	0.541245	0.010119
12.77771	0.570839	0.016594
12.8382		0.609185	0.014591
12.89868	0.584173	0.018317
12.95916	0.546304	0.009459
13.01965	0.543574	0.020301
13.08013	0.549914	0.011614
13.14061	0.55672		0.011804
13.2011		0.557273	0.01167
13.26158	0.551556	0.014454
13.32206	0.549056	0.007916
13.38255	0.555578	0.024401
13.44303	0.555996	0.024286
13.50352	0.561133	0.024532
13.564		0.573508	0.009403
13.62448	0.57509		0.023731
13.68497	0.574804	0.026213
13.74545	0.58225		0.010197
13.80593	0.582862	0.008558
13.86642	0.588581	0.010159
13.9269		0.594469	0.009632
13.98738	0.599119	0.009928