5.24749		0.190737	0.011279
5.27773		0.198769	0.007501
5.30797		0.199576	0.008849
5.33821		0.195374	0.007857
5.36846		0.199069	0.019537
5.3987		0.210705	0.005832
5.42894		0.207652	0.008052
5.45918		0.206572	0.014115
5.48942		0.203314	0.004794
5.51967		0.210731	0.008499
5.54991		0.211906	0.004191
5.58015		0.21523		0.006105
5.61039		0.210544	0.004566
5.64063		0.214578	0.010858
5.67088		0.219772	0.005836
5.70112		0.218023	0.00425
5.73136		0.217267	0.005894
5.7616		0.21801		0.004681
5.79184		0.224062	0.007817
5.82209		0.225243	0.006597
5.85233		0.224954	0.017043
5.88257		0.224953	0.01557
5.91281		0.228065	0.020103
5.94305		0.231814	0.012705
5.9733		0.234506	0.009884
6.00354		0.237752	0.005357
6.03378		0.237296	0.006993
6.06402		0.239684	0.015824
6.09426		0.239706	0.005437
6.12451		0.24321		0.008099
6.15475		0.24582		0.004586
6.18499		0.251449	0.006059
6.21523		0.254233	0.006303
6.24547		0.258166	0.005498
6.27572		0.262272	0.005948
6.30596		0.2603		0.008975
6.3362		0.259634	0.008811
6.36644		0.260988	0.009755
6.39668		0.260281	0.00969
6.42693		0.26178		0.006989
6.45717		0.259297	0.013609
6.48741		0.257805	0.008285
6.51765		0.255193	0.007175
6.54789		0.257452	0.006272
6.57814		0.260891	0.013467
6.60838		0.263943	0.007894
6.63862		0.265169	0.006589
6.66886		0.268067	0.006255
6.6991		0.266676	0.005974
6.72935		0.264725	0.006414
6.75959		0.265314	0.006645
6.78983		0.267248	0.005804
6.82007		0.270493	0.007008
6.85031		0.276167	0.005241
6.88056		0.277494	0.006776
6.9108		0.273487	0.006243
6.94104		0.274436	0.011305
6.97128		0.28743		0.008095
7.00152		0.295232	0.0079
7.03177		0.29488		0.008139
7.06201		0.307097	0.012132
7.09225		0.301349	0.007032
7.12249		0.288116	0.005049
7.15273		0.293633	0.008028
7.18298		0.297977	0.007122
7.21322		0.302182	0.007334
7.24346		0.30392		0.018534
7.2737		0.3056		0.011585
7.30394		0.310854	0.007391
7.33419		0.313036	0.027495
7.36443		0.311175	0.012171
7.39467		0.321398	0.007766
7.42491		0.320146	0.008155
7.45515		0.323233	0.010564
7.4854		0.325366	0.010583
7.45515		0.314249	0.01023
7.51564		0.326308	0.010152
7.57612		0.324066	0.00514
7.6366		0.32861		0.006206
7.69709		0.361441	0.010718
7.75757		0.378342	0.007595
7.81805		0.348694	0.00904
7.87854		0.347684	0.007167
7.93902		0.352053	0.006123
7.99951		0.352337	0.006204
8.05999		0.350127	0.006513
8.12047		0.349829	0.005459
8.18096		0.343899	0.006771
8.24144		0.344864	0.006881
8.30192		0.348318	0.007059
8.36241		0.355256	0.00721
8.42289		0.352407	0.009391
8.48337		0.349643	0.00591
8.54386		0.353549	0.006928
8.60434		0.358485	0.0158
8.66483		0.360638	0.007073
8.72531		0.363196	0.007302
8.78579		0.359668	0.01383
8.84628		0.360462	0.012328
8.90676		0.36026		0.013167
8.96724		0.360118	0.006124
9.02773		0.364942	0.006791
9.08821		0.379989	0.007184
9.14869		0.37268		0.011226
9.20918		0.369993	0.005391
9.26966		0.375417	0.005227
9.33015		0.376429	0.005213
9.39063		0.385847	0.005948
9.45111		0.393279	0.005257
9.5116		0.399765	0.005433
9.57208		0.407112	0.006409
9.63256		0.420166	0.0114
9.69305		0.423544	0.004605
9.75353		0.43843		0.010883
9.81401		0.443142	0.010836
9.8745		0.441825	0.012946
9.93498		0.446545	0.006238
9.99547		0.449919	0.007444
10.05595	0.46053		0.005508
10.11643	0.465748	0.006964
10.17692	0.471772	0.019981
10.2374		0.479464	0.006301
10.29788	0.483048	0.005776
10.35837	0.494636	0.029594
10.41885	0.497943	0.023367
10.47933	0.502211	0.015719
10.53982	0.517329	0.004156
10.6003		0.550122	0.00966
10.66079	0.557489	0.006086
10.72127	0.534678	0.006712
10.78175	0.537027	0.0066
10.84224	0.545005	0.006152
10.90272	0.546607	0.005825
10.9632		0.550223	0.006703
11.02369	0.552682	0.007208
11.08417	0.560499	0.007323
11.14465	0.566654	0.006607
11.20514	0.570983	0.016549
11.26562	0.595159	0.00767
11.32611	0.636797	0.007708
11.38659	0.649348	0.007006
11.44707	0.636349	0.005798
11.50756	0.624106	0.00767
11.56804	0.617819	0.006857
11.62852	0.608642	0.006908
11.68901	0.614508	0.007047
11.74949	0.60569		0.006309
11.80997	0.60101		0.006798
11.87046	0.59816		0.005868
11.93094	0.610151	0.005997
11.99143	0.620241	0.007179
12.05191	0.621758	0.006212
12.11239	0.623112	0.006055
12.17288	0.625203	0.006939
12.23336	0.625399	0.012295
12.29384	0.627385	0.014466
12.35433	0.631121	0.007926
12.41481	0.642159	0.007664
12.47529	0.642607	0.006717
12.53578	0.636131	0.006797
12.59626	0.640553	0.007071
12.65675	0.646351	0.006413
12.71723	0.650235	0.008752
12.77771	0.658226	0.00957
12.8382		0.665955	0.00645
12.89868	0.721198	0.007433
12.95916	0.79517		0.01126
13.01965	0.739382	0.009717
13.08013	0.657987	0.008676
13.14061	0.654932	0.007999
13.2011		0.660147	0.008486
13.26158	0.663934	0.006364
13.32206	0.661349	0.007477
13.38255	0.662888	0.008148
13.44303	0.663767	0.008835
13.50352	0.668263	0.007404
13.564		0.676738	0.007726
13.62448	0.683674	0.013316
13.68497	0.686905	0.008414
13.74545	0.695883	0.019305
13.80593	0.70342		0.018626
13.86642	0.707628	0.010392
13.9269		0.713687	0.010193
13.98738	0.714307	0.019147