5.24749		0.128666	0.005602
5.27773		0.130533	0.003612
5.30797		0.129745	0.004472
5.33821		0.132549	0.00557
5.36846		0.146589	0.005409
5.3987		0.145557	0.005635
5.42894		0.132102	0.004425
5.45918		0.131462	0.003463
5.48942		0.13288		0.003456
5.51967		0.133683	0.003055
5.54991		0.138391	0.003516
5.58015		0.133801	0.00326
5.61039		0.133038	0.003315
5.64063		0.136277	0.003116
5.67088		0.136593	0.003325
5.70112		0.133968	0.003887
5.73136		0.135797	0.003544
5.7616		0.13553		0.003581
5.79184		0.136724	0.004877
5.82209		0.135744	0.002957
5.85233		0.137869	0.005251
5.88257		0.141001	0.003055
5.91281		0.140035	0.003087
5.94305		0.140049	0.003407
5.9733		0.140885	0.00345
6.00354		0.141295	0.003592
6.03378		0.143368	0.004675
6.06402		0.143597	0.00785
6.09426		0.144706	0.004252
6.12451		0.145503	0.004482
6.15475		0.150655	0.004348
6.18499		0.151036	0.004269
6.21523		0.151114	0.004738
6.24547		0.153326	0.004773
6.27572		0.150561	0.004124
6.30596		0.150939	0.005217
6.3362		0.151493	0.004442
6.36644		0.150349	0.004045
6.39668		0.149876	0.003546
6.42693		0.148404	0.003732
6.45717		0.14964		0.005024
6.48741		0.14846		0.003734
6.51765		0.147761	0.005627
6.54789		0.148174	0.004675
6.57814		0.149867	0.005364
6.60838		0.147186	0.003895
6.63862		0.151406	0.010526
6.66886		0.153157	0.006294
6.6991		0.15494		0.004113
6.72935		0.15275		0.003979
6.75959		0.154525	0.005031
6.78983		0.155785	0.004486
6.82007		0.155766	0.004125
6.85031		0.15416		0.004644
6.88056		0.156094	0.007517
6.9108		0.156033	0.00489
6.94104		0.170276	0.005156
6.97128		0.173584	0.007078
7.00152		0.169859	0.006091
7.03177		0.208209	0.007872
7.06201		0.184916	0.006113
7.09225		0.159047	0.005252
7.12249		0.158945	0.004438
7.15273		0.159227	0.0045
7.18298		0.160018	0.004279
7.21322		0.160929	0.00498
7.24346		0.160347	0.005812
7.2737		0.164089	0.012055
7.30394		0.163721	0.011834
7.33419		0.163713	0.006528
7.36443		0.16933		0.005942
7.39467		0.170552	0.006507
7.42491		0.169931	0.006356
7.45515		0.169238	0.005119
7.4854		0.169712	0.007039
7.45515		0.162546	0.004658
7.51564		0.163641	0.004196
7.57612		0.169901	0.006725
7.6366		0.178903	0.006342
7.69709		0.180783	0.005126
7.75757		0.17966		0.006035
7.81805		0.176301	0.009039
7.87854		0.175502	0.009021
7.93902		0.176139	0.010455
7.99951		0.175694	0.004236
8.05999		0.179218	0.002972
8.12047		0.178093	0.003486
8.18096		0.173647	0.003333
8.24144		0.172342	0.003007
8.30192		0.173847	0.004332
8.36241		0.176964	0.004189
8.42289		0.178425	0.002993
8.48337		0.179561	0.006102
8.54386		0.179819	0.006389
8.60434		0.180482	0.003146
8.66483		0.181091	0.004932
8.72531		0.182857	0.00403
8.78579		0.182907	0.005041
8.84628		0.18464		0.003463
8.90676		0.185062	0.006809
8.96724		0.18868		0.003098
9.02773		0.196186	0.00335
9.08821		0.201158	0.003912
9.14869		0.196718	0.004693
9.20918		0.197619	0.003626
9.26966		0.202007	0.002965
9.33015		0.205172	0.002951
9.39063		0.207772	0.003683
9.45111		0.214223	0.012868
9.5116		0.220615	0.00325
9.57208		0.226419	0.004101
9.63256		0.233467	0.007516
9.69305		0.248184	0.003497
9.75353		0.258411	0.003168
9.81401		0.250927	0.002865
9.8745		0.252172	0.003113
9.93498		0.258607	0.004814
9.99547		0.262565	0.014796
10.05595	0.265444	0.005034
10.11643	0.273884	0.005563
10.17692	0.276965	0.004203
10.2374		0.279851	0.00405
10.29788	0.284217	0.003546
10.35837	0.291602	0.011865
10.41885	0.294485	0.00478
10.47933	0.296843	0.005864
10.53982	0.311575	0.013414
10.6003		0.324732	0.005426
10.66079	0.314911	0.005495
10.72127	0.315179	0.010805
10.78175	0.318697	0.008355
10.84224	0.31841		0.004237
10.90272	0.319213	0.004996
10.9632		0.322824	0.009188
11.02369	0.32656		0.00949
11.08417	0.327597	0.009065
11.14465	0.329769	0.009889
11.20514	0.338724	0.003946
11.26562	0.357826	0.004183
11.32611	0.376579	0.006016
11.38659	0.370696	0.005209
11.44707	0.359037	0.004434
11.50756	0.354053	0.004486
11.56804	0.347957	0.00428
11.62852	0.345216	0.007282
11.68901	0.345293	0.00772
11.74949	0.340076	0.004238
11.80997	0.342468	0.007753
11.87046	0.337597	0.005147
11.93094	0.339913	0.005657
11.99143	0.344044	0.004606
12.05191	0.346892	0.006252
12.11239	0.345836	0.00568
12.17288	0.342711	0.013657
12.23336	0.342289	0.013256
12.29384	0.342856	0.004741
12.35433	0.354361	0.00635
12.41481	0.349556	0.006583
12.47529	0.342301	0.004346
12.53578	0.340738	0.004885
12.59626	0.341545	0.004856
12.65675	0.342927	0.004944
12.71723	0.343369	0.004532
12.77771	0.348003	0.006338
12.8382		0.422693	0.007587
12.89868	0.571463	0.00826
12.95916	0.51199		0.007698
13.01965	0.345967	0.007465
13.08013	0.334587	0.005511
13.14061	0.33551		0.008639
13.2011		0.335566	0.008589
13.26158	0.337519	0.004964
13.32206	0.33684		0.006556
13.38255	0.335471	0.0066
13.44303	0.333399	0.005895
13.50352	0.334516	0.008736
13.564		0.33938		0.007176
13.62448	0.343325	0.009263
13.68497	0.345915	0.005473
13.74545	0.348039	0.005197
13.80593	0.347385	0.007318
13.86642	0.347806	0.005694
13.9269		0.349494	0.005779
13.98738	0.35423		0.007295