     5.247490     0.228391    0.017310       
     5.277730     0.243172    0.040742       
     5.307970     0.248276    0.028407       
     5.338210     0.238348    0.015075       
     5.368460     0.234215    0.039417       
     5.398700     0.244441    0.032321       
     5.428940     0.244898    0.014851       
     5.459180     0.254143    0.024203       
     5.489420     0.242827    0.020151       
     5.519670     0.238684    0.036567       
     5.549910     0.235661    0.014461       
     5.580150     0.235920    0.021484       
     5.610390     0.246767    0.036860       
     5.640630     0.248291    0.027492       
     5.670880     0.249742    0.035688       
     5.701120     0.243732    0.021940       
     5.731360     0.242715    0.040412       
     5.761600     0.242664    0.022120       
     5.791840     0.251960    0.015712       
     5.822090     0.255316    0.028852       
     5.852330     0.255481    0.030267       
     5.882570     0.254228    0.026994       
     5.912810     0.258219    0.015778       
     5.943050     0.260521    0.028607       
     5.973300     0.262307    0.028083       
     6.003540     0.262040    0.027421       
     6.033780     0.265407    0.016008       
     6.064020     0.262402    0.035971       
     6.094260     0.260503    0.037776       
     6.124510     0.260755    0.038806       
     6.154750     0.260972    0.023954       
     6.184990     0.262913    0.041369       
     6.215230     0.268466    0.025378       
     6.245470     0.260060    0.018066       
     6.275720     0.254087    0.015726       
     6.305960     0.255449    0.016014       
     6.336200     0.259954    0.039142       
     6.366440     0.261483    0.016524       
     6.396680     0.265729    0.028983       
     6.426930     0.266965    0.028930       
     6.457170     0.263716    0.043312       
     6.487410     0.262140    0.016069       
     6.517650     0.261150    0.016620       
     6.547890     0.263214    0.018423       
     6.578140     0.272247    0.018560       
     6.608380     0.278215    0.038180       
     6.638620     0.282159    0.018195       
     6.668860     0.279263    0.032559       
     6.699100     0.272920    0.039621       
     6.729350     0.268222    0.041633       
     6.759590     0.269164    0.017076       
     6.789830     0.266673    0.025785       
     6.820070     0.275571    0.037665       
     6.850310     0.271999    0.039949       
     6.880560     0.270477    0.042091       
     6.910800     0.275324    0.047794       
     6.941040     0.271217    0.025880       
     6.971280     0.273512    0.017597       
     7.001520     0.275160    0.029063       
     7.031770     0.277520    0.036367       
     7.062010     0.277365    0.033897       
     7.092250     0.276898    0.030627       
     7.122490     0.275633    0.018975       
     7.152730     0.273437    0.043982       
     7.182980     0.270786    0.022043       
     7.213220     0.278249    0.043715       
     7.243460     0.272895    0.027967       
     7.273700     0.278037    0.018697       
     7.303940     0.281718    0.033256       
     7.334190     0.283458    0.040970       
     7.364430     0.281977    0.039639       
     7.394670     0.280599    0.031755       
     7.424910     0.277230    0.039288       
     7.455150     0.275211    0.031509       
     7.485400     0.275826    0.041979       
     7.455150     0.289878    0.020740       
     7.515640     0.287078    0.020257       
     7.576120     0.288058    0.018659       
     7.636600     0.292024    0.018910       
     7.697090     0.295242    0.018392       
     7.757570     0.291167    0.019518       
     7.818050     0.290149    0.019457       
     7.878540     0.295368    0.033080       
     7.939020     0.296836    0.042567       
     7.999510     0.293316    0.017978       
     8.059990     0.289316    0.017946       
     8.120470     0.283964    0.043129       
     8.180960     0.283816    0.043117       
     8.241440     0.283978    0.018676       
     8.301920     0.285837    0.038247       
     8.362410     0.282359    0.018090       
     8.422890     0.273105    0.061324       
     8.483370     0.276832    0.018787       
     8.543860     0.276627    0.035699       
     8.604340     0.275551    0.015337       
     8.664830     0.278472    0.015044       
     8.725310     0.271912    0.028667       
     8.785790     0.267826    0.045239       
     8.846280     0.263061    0.041487       
     8.906760     0.262014    0.028807       
     8.967240     0.261012    0.021711       
     9.027730     0.264356    0.029988       
     9.088210     0.262775    0.025337       
     9.148690     0.258947    0.014825       
     9.209180     0.262709    0.032035       
     9.269660     0.262913    0.035467       
     9.330150     0.257782    0.018939       
     9.390630     0.258429    0.012624       
     9.451110     0.262313    0.022706       
     9.511600     0.259454    0.022748       
     9.572080     0.257307    0.011910       
     9.632560     0.256912    0.012358       
     9.693050     0.256756    0.012138       
     9.753530     0.251654    0.018124       
     9.814010     0.255449    0.012352       
     9.874500     0.254429    0.015420       
     9.934980     0.252950    0.015778       
     9.995470     0.257307    0.031137       
    10.055950     0.260179    0.031893       
    10.116430     0.247832    0.003954       
    10.176920     0.257050    0.026052       
    10.237400     0.258776    0.022703       
    10.297880     0.260843    0.013797       
    10.358370     0.270234    0.014589       
    10.418850     0.271411    0.024621       
    10.479330     0.277188    0.014347       
    10.539820     0.282475    0.034691       
    10.600300     0.288538    0.035564       
    10.660790     0.299506    0.029816       
    10.721270     0.295957    0.038911       
    10.781750     0.299919    0.041130       
    10.842240     0.307013    0.026134       
    10.902720     0.309008    0.035620       
    10.963200     0.308902    0.014814       
    11.023690     0.311579    0.015560       
    11.084170     0.314633    0.014654       
    11.144650     0.316679    0.042307       
    11.205140     0.318957    0.014871       
    11.265620     0.319690    0.015777       
    11.326110     0.320311    0.015230       
    11.386590     0.320774    0.041842       
    11.447070     0.321058    0.041146       
    11.507560     0.326403    0.035540       
    11.568040     0.335102    0.014295       
    11.628520     0.341718    0.029535       
    11.689010     0.343564    0.016228       
    11.749490     0.352510    0.014845       
    11.809970     0.359118    0.014777       
    11.870460     0.357775    0.016590       
    11.930940     0.363074    0.016903       
    11.991430     0.366760    0.014710       
    12.051910     0.370517    0.016133       
    12.112390     0.373156    0.017616       
    12.172880     0.377440    0.017998       
    12.233360     0.380662    0.027630       
    12.293840     0.383604    0.028536       
    12.354330     0.387840    0.018668       
    12.414810     0.388375    0.049129       
    12.475290     0.390000    0.054489       
    12.535780     0.392398    0.018819       
    12.596260     0.399679    0.038632       
    12.656750     0.401068    0.036478       
    12.717230     0.403334    0.017544       
    12.777710     0.405339    0.017039       
    12.838200     0.401655    0.018259       
    12.898680     0.399167    0.047210       
    12.959160     0.399356    0.017496       
    13.019650     0.399660    0.044890       
    13.080130     0.398348    0.017078       
    13.140610     0.398821    0.017280       
    13.201100     0.402450    0.029973       
    13.261580     0.403621    0.030587       
    13.322060     0.400197    0.037386       
    13.382550     0.391145    0.018499       
    13.443030     0.392726    0.018100       
    13.503520     0.399229    0.025271       
    13.564000     0.402371    0.017291       
    13.624480     0.397063    0.036232       
    13.684970     0.400782    0.019865       
    13.745450     0.402517    0.029535       
    13.805930     0.400504    0.041929       
    13.866420     0.399785    0.032922       
    13.926900     0.398684    0.014865       
    13.987380     0.403716    0.015146 