     5.247490     0.244198    0.009180       
     5.277730     0.250007    0.008075       
     5.307970     0.249623    0.006354       
     5.338210     0.247980    0.008008       
     5.368460     0.246829    0.007169       
     5.398700     0.247944    0.007124       
     5.428940     0.252194    0.006281       
     5.459180     0.246772    0.006884       
     5.489420     0.243673    0.004107       
     5.519670     0.248339    0.009608       
     5.549910     0.248926    0.006472       
     5.580150     0.249791    0.003838       
     5.610390     0.251181    0.004509       
     5.640630     0.244789    0.004250       
     5.670880     0.247429    0.005751       
     5.701120     0.254526    0.003927       
     5.731360     0.257399    0.004189       
     5.761600     0.258644    0.004527       
     5.791840     0.260767    0.005923       
     5.822090     0.263159    0.005119       
     5.852330     0.262887    0.009156       
     5.882570     0.264030    0.009193       
     5.912810     0.263846    0.005003       
     5.943050     0.265989    0.008436       
     5.973300     0.267535    0.004507       
     6.003540     0.267729    0.011159       
     6.033780     0.266868    0.007075       
     6.064020     0.270005    0.005102       
     6.094260     0.275135    0.004892       
     6.124510     0.275909    0.005358       
     6.154750     0.276173    0.006310       
     6.184990     0.277204    0.012905       
     6.215230     0.283797    0.005900       
     6.245470     0.298306    0.008646       
     6.275720     0.318900    0.008165       
     6.305960     0.327148    0.005813       
     6.336200     0.322873    0.005835       
     6.366440     0.320504    0.008335       
     6.396680     0.311194    0.006372       
     6.426930     0.301281    0.006022       
     6.457170     0.295786    0.006118       
     6.487410     0.295712    0.005296       
     6.517650     0.292543    0.005230       
     6.547890     0.292572    0.005159       
     6.578140     0.290888    0.006782       
     6.608380     0.290848    0.007259       
     6.638620     0.287615    0.005693       
     6.668860     0.290080    0.005610       
     6.699100     0.294020    0.006051       
     6.729350     0.293249    0.008345       
     6.759590     0.297365    0.004948       
     6.789830     0.293222    0.012177       
     6.820070     0.293713    0.005047       
     6.850310     0.293381    0.005559       
     6.880560     0.292502    0.005935       
     6.910800     0.293934    0.006102       
     6.941040     0.297227    0.005738       
     6.971280     0.295632    0.006902       
     7.001520     0.301879    0.006556       
     7.031770     0.303636    0.011049       
     7.062010     0.308074    0.007624       
     7.092250     0.317250    0.009914       
     7.122490     0.314512    0.014061       
     7.152730     0.313561    0.006402       
     7.182980     0.316627    0.006093       
     7.213220     0.319467    0.010947       
     7.243460     0.325834    0.010434       
     7.273700     0.327877    0.008844       
     7.303940     0.329556    0.009501       
     7.334190     0.334437    0.011132       
     7.364430     0.336899    0.008261       
     7.394670     0.343360    0.008003       
     7.424910     0.353709    0.011569       
     7.455150     0.352102    0.009644       
     7.485400     0.356498    0.008551       
     7.455150     0.340232    0.009315       
     7.515640     0.361744    0.008185       
     7.576120     0.356457    0.007465       
     7.636600     0.363782    0.009130       
     7.697090     0.384018    0.013742       
     7.757570     0.402594    0.018274       
     7.818050     0.402479    0.017514       
     7.878540     0.407745    0.018988       
     7.939020     0.406712    0.017935       
     7.999510     0.390900    0.020847       
     8.059990     0.396583    0.012850       
     8.120470     0.388805    0.012448       
     8.180960     0.377221    0.012238       
     8.241440     0.370153    0.020509       
     8.301920     0.367215    0.019090       
     8.362410     0.366033    0.010110       
     8.422890     0.366949    0.009237       
     8.483370     0.365094    0.008413       
     8.543860     0.365133    0.008978       
     8.604340     0.372482    0.010465       
     8.664830     0.378587    0.008167       
     8.725310     0.383303    0.008584       
     8.785790     0.378650    0.008205       
     8.846280     0.367589    0.008567       
     8.906760     0.359097    0.010186       
     8.967240     0.348634    0.008816       
     9.027730     0.342202    0.009108       
     9.088210     0.343629    0.009628       
     9.148690     0.346916    0.009728       
     9.209180     0.341400    0.010696       
     9.269660     0.341236    0.009042       
     9.330150     0.347997    0.010052       
     9.390630     0.351589    0.025804       
     9.451110     0.351639    0.010878       
     9.511600     0.353204    0.027181       
     9.572080     0.356146    0.021902       
     9.632560     0.362916    0.021002       
     9.693050     0.368267    0.009915       
     9.753530     0.373164    0.009882       
     9.814010     0.377262    0.011499       
     9.874500     0.383207    0.010465       
     9.934980     0.382748    0.009893       
     9.995470     0.377267    0.004902       
    10.055950     0.386727    0.024592       
    10.116430     0.392591    0.025633       
    10.176920     0.394957    0.032765       
    10.237400     0.397602    0.010029       
    10.297880     0.400523    0.010447       
    10.358370     0.405653    0.031336       
    10.418850     0.407639    0.011511       
    10.479330     0.408739    0.010451       
    10.539820     0.411788    0.010799       
    10.600300     0.421305    0.032098       
    10.660790     0.445636    0.011379       
    10.721270     0.451633    0.008555       
    10.781750     0.434121    0.010783       
    10.842240     0.439839    0.013028       
    10.902720     0.446033    0.010486       
    10.963200     0.443301    0.013785       
    11.023690     0.443123    0.011121       
    11.084170     0.451394    0.010268       
    11.144650     0.461278    0.011110       
    11.205140     0.472134    0.009879       
    11.265620     0.486215    0.010658       
    11.326110     0.537059    0.012679       
    11.386590     0.601255    0.013620       
    11.447070     0.607910    0.021422       
    11.507560     0.580398    0.016804       
    11.568040     0.552385    0.024917       
    11.628520     0.527098    0.021264       
    11.689010     0.513179    0.014048       
    11.749490     0.501790    0.013949       
    11.809970     0.490139    0.012243       
    11.870460     0.480627    0.015613       
    11.930940     0.487501    0.013093       
    11.991430     0.491361    0.012889       
    12.051910     0.502148    0.012957       
    12.112390     0.506500    0.018468       
    12.172880     0.507533    0.018780       
    12.233360     0.506502    0.012931       
    12.293840     0.507772    0.027835       
    12.354330     0.504770    0.014010       
    12.414810     0.506067    0.007845       
    12.475290     0.514935    0.024535       
    12.535780     0.518226    0.022760       
    12.596260     0.520309    0.012310       
    12.656750     0.522407    0.014143       
    12.717230     0.529282    0.018900       
    12.777710     0.541570    0.013403       
    12.838200     0.546352    0.011536       
    12.898680     0.558685    0.019591       
    12.959160     0.599260    0.021671       
    13.019650     0.636201    0.013352       
    13.080130     0.567533    0.019132       
    13.140610     0.514940    0.012344       
    13.201100     0.518608    0.014299       
    13.261580     0.520274    0.027823       
    13.322060     0.509897    0.010347       
    13.382550     0.508371    0.008244       
    13.443030     0.510155    0.011845       
    13.503520     0.513424    0.012319       
    13.564000     0.515423    0.023662       
    13.624480     0.518292    0.023383       
    13.684970     0.523821    0.010702       
    13.745450     0.528232    0.009737       
    13.805930     0.529038    0.008966       
    13.866420     0.525319    0.015923       
    13.926900     0.528374    0.010114       
    13.987380     0.530613    0.007904 