5.30797		0.221047	0.0094
5.33821		0.22474		0.007792
5.36846		0.22545		0.006446
5.3987		0.229526	0.005941
5.42894		0.231656	0.007548
5.45918		0.228924	0.0081
5.48942		0.22682		0.009095
5.51967		0.225407	0.008332
5.54991		0.225602	0.005836
5.58015		0.229413	0.005109
5.61039		0.233403	0.005452
5.64063		0.242819	0.010104
5.67088		0.236718	0.009298
5.70112		0.238126	0.010639
5.73136		0.235156	0.011692
5.7616		0.235147	0.013088
5.79184		0.235062	0.007592
5.82209		0.236686	0.014797
5.85233		0.236475	0.006308
5.88257		0.234813	0.004218
5.91281		0.237758	0.006202
5.94305		0.237016	0.005387
5.9733		0.239952	0.005707
6.00354		0.241531	0.008299
6.03378		0.247244	0.005032
6.06402		0.253601	0.005831
6.09426		0.258091	0.021357
6.12451		0.268419	0.018586
6.15475		0.283719	0.010238
6.18499		0.310103	0.008627
6.21523		0.342102	0.01112
6.24547		0.361969	0.007912
6.27572		0.354939	0.006372
6.30596		0.341473	0.00687
6.3362		0.322434	0.009986
6.36644		0.307859	0.009226
6.39668		0.29789		0.01255
6.42693		0.286994	0.029206
6.45717		0.280186	0.012319
6.48741		0.271231	0.011126
6.51765		0.262387	0.008692
6.54789		0.262623	0.009867
6.57814		0.264345	0.008679
6.60838		0.260399	0.010686
6.63862		0.261727	0.005528
6.66886		0.26265		0.005639
6.6991		0.260579	0.007702
6.72935		0.269362	0.008315
6.75959		0.269475	0.00742
6.78983		0.275222	0.025836
6.82007		0.279986	0.018226
6.85031		0.284427	0.007328
6.88056		0.289419	0.007432
6.9108		0.297411	0.006687
6.94104		0.300367	0.007424
6.97128		0.300997	0.007895
7.00152		0.322647	0.007762
7.03177		0.337152	0.014969
7.06201		0.318836	0.01066
7.09225		0.310485	0.00865
7.12249		0.313237	0.009576
7.15273		0.320101	0.022536
7.18298		0.321552	0.021367
7.21322		0.318929	0.011922
7.24346		0.324595	0.014707
7.2737		0.324996	0.011861
7.30394		0.324269	0.009039
7.33419		0.334235	0.009327
7.36443		0.340823	0.007157
7.39467		0.350826	0.014059
7.42491		0.359854	0.007663
7.45515		0.368841	0.017853
7.4854		0.391762	0.016019
7.45515		0.361884	0.007956
7.51564		0.38853		0.006872
7.57612		0.418469	0.031389
7.6366		0.453073	0.026342
7.69709		0.474133	0.02603
7.75757		0.458303	0.011029
7.81805		0.44979		0.006086
7.87854		0.453009	0.00754
7.93902		0.44441		0.015038
7.99951		0.430338	0.018686
8.05999		0.425781	0.015367
8.12047		0.415051	0.01631
8.18096		0.404378	0.022777
8.24144		0.400073	0.016576
8.30192		0.412641	0.015444
8.36241		0.419653	0.013183
8.42289		0.422694	0.010829
8.48337		0.432762	0.009432
8.54386		0.448423	0.0058
8.60434		0.463136	0.00564
8.66483		0.467795	0.005897
8.72531		0.460368	0.008731
8.78579		0.443327	0.006652
8.84628		0.436453	0.006332
8.90676		0.428409	0.009062
8.96724		0.42682		0.006228
9.02773		0.42979		0.007076
9.08821		0.430851	0.008013
9.14869		0.421207	0.00761
9.20918		0.420971	0.00679
9.26966		0.425725	0.005022
9.33015		0.427822	0.006152
9.39063		0.432283	0.005117
9.45111		0.433156	0.006446
9.5116		0.438323	0.013249
9.57208		0.445978	0.005597
9.63256		0.448869	0.005811
9.69305		0.459356	0.011127
9.75353		0.466682	0.007023
9.81401		0.463423	0.006188
9.8745		0.465275	0.005973
9.93498		0.46948		0.005865
9.99547		0.475977	0.004466
10.05595	0.48343		0.006001
10.11643	0.485067	0.006059
10.17692	0.49143		0.0067
10.2374		0.497626	0.005223
10.29788	0.502559	0.011783
10.35837	0.508273	0.013293
10.41885	0.51701		0.005772
10.47933	0.535791	0.012227
10.53982	0.58287		0.00616
10.6003		0.588025	0.006338
10.66079	0.556133	0.005055
10.72127	0.557588	0.009716
10.78175	0.569895	0.007188
10.84224	0.570706	0.007163
10.90272	0.575385	0.005913
10.9632		0.588407	0.006073
11.02369	0.604984	0.007547
11.08417	0.625348	0.006608
11.14465	0.654372	0.006035
11.20514	0.733381	0.008359
11.26562	0.84987		0.008515
11.32611	0.883785	0.012317
11.38659	0.832519	0.012199
11.44707	0.792241	0.007677
11.50756	0.751137	0.013084
11.56804	0.725263	0.009105
11.62852	0.711825	0.009463
11.68901	0.701174	0.008005
11.74949	0.695468	0.007104
11.80997	0.688441	0.009911
11.87046	0.684608	0.006672
11.93094	0.709181	0.007033
11.99143	0.728564	0.009044
12.05191	0.739606	0.008097
12.11239	0.738988	0.00832
12.17288	0.736713	0.007128
12.23336	0.740307	0.008174
12.29384	0.7528		0.00675
12.35433	0.772384	0.017857
12.41481	0.781622	0.019201
12.47529	0.789654	0.009701
12.53578	0.80264		0.007394
12.59626	0.821134	0.009326
12.65675	0.837825	0.014539
12.71723	0.843899	0.012656
12.77771	0.869353	0.012509
12.8382		0.96314		0.015743
12.89868	1.027143	0.012553
12.95916	0.863251	0.015593
13.01965	0.780635	0.017374
13.08013	0.769542	0.012226
13.14061	0.771248	0.012421
13.2011		0.78157		0.017849
13.26158	0.783578	0.017857
13.32206	0.786329	0.018281
13.38255	0.777825	0.011472
13.44303	0.776876	0.01092
13.50352	0.78474		0.011142
13.564		0.787519	0.01204
13.62448	0.794784	0.010248
13.68497	0.807224	0.011464
13.74545	0.807688	0.009174
13.80593	0.806286	0.010808
13.86642	0.808524	0.017713
13.9269		0.809622	0.017041
13.98738	0.819698	0.013977