5.24749		0.578258	0.015556
5.27773		0.578205	0.013396
5.30797		0.580525	0.007124
5.33821		0.586577	0.007101
5.36846		0.58441		0.010427
5.3987		0.596085	0.01403
5.42894		0.607827	0.009366
5.45918		0.618106	0.007483
5.48942		0.614273	0.010414
5.51967		0.615056	0.006338
5.54991		0.617529	0.006253
5.58015		0.617117	0.008178
5.61039		0.615409	0.007292
5.64063		0.628203	0.007814
5.67088		0.629838	0.00927
5.70112		0.63622		0.009243
5.73136		0.651415	0.008355
5.7616		0.652259	0.007564
5.79184		0.657369	0.025745
5.82209		0.669034	0.02242
5.85233		0.681473	0.021541
5.88257		0.687683	0.007583
5.91281		0.700371	0.006997
5.94305		0.706954	0.007913
5.9733		0.70287		0.008466
6.00354		0.701813	0.007635
6.03378		0.702218	0.00948
6.06402		0.704284	0.012296
6.09426		0.705367	0.011834
6.12451		0.71594		0.008979
6.15475		0.723772	0.010222
6.18499		0.722485	0.007383
6.21523		0.736361	0.023961
6.24547		0.743065	0.007081
6.27572		0.748782	0.008714
6.30596		0.74356		0.008115
6.3362		0.760354	0.006564
6.36644		0.775995	0.007042
6.39668		0.795769	0.008605
6.42693		0.822269	0.007277
6.45717		0.832705	0.007856
6.48741		0.828648	0.010869
6.51765		0.836741	0.01151
6.54789		0.818705	0.011274
6.57814		0.816416	0.008491
6.60838		0.810143	0.014811
6.63862		0.811741	0.010989
6.66886		0.812639	0.009002
6.6991		0.814742	0.016072
6.72935		0.819701	0.012863
6.75959		0.822287	0.014614
6.78983		0.833381	0.013009
6.82007		0.849656	0.013678
6.85031		0.860009	0.016255
6.88056		0.877127	0.011563
6.9108		0.888339	0.016539
6.94104		0.899557	0.010468
6.97128		0.897578	0.008605
7.00152		0.90265		0.00854
7.03177		0.907254	0.013877
7.06201		0.891137	0.012728
7.09225		0.881726	0.009745
7.12249		0.88368		0.009348
7.15273		0.892776	0.015383
7.18298		0.924912	0.053723
7.21322		0.941911	0.012557
7.24346		0.963571	0.017644
7.2737		0.997533	0.0396
7.30394		1.011771	0.011663
7.33419		1.004965	0.017234
7.36443		1.012422	0.017601
7.39467		1.029027	0.012355
7.42491		1.03804		0.018208
7.45515		1.039456	0.015873
7.4854		1.041489	0.019848
7.45515		1.035452	0.01866
7.51564		1.05564		0.014873
7.57612		1.039239	0.020815
7.6366		1.111241	0.013989
7.69709		1.168881	0.017764
7.75757		1.235572	0.050076
7.81805		1.290309	0.01742
7.87854		1.338332	0.019849
7.93902		1.373403	0.023077
7.99951		1.390429	0.058505
8.05999		1.402057	0.022413
8.12047		1.428556	0.019697
8.18096		1.42697		0.022304
8.24144		1.444394	0.019103
8.30192		1.438167	0.021993
8.36241		1.433253	0.021847
8.42289		1.426309	0.019819
8.48337		1.413593	0.017351
8.54386		1.402429	0.012901
8.60434		1.392246	0.013023
8.66483		1.378754	0.03036
8.72531		1.346742	0.013879
8.78579		1.312687	0.00957
8.84628		1.275125	0.008084
8.90676		1.244093	0.00827
8.96724		1.207834	0.009324
9.02773		1.160959	0.009193
9.08821		1.116856	0.009665
9.14869		1.074119	0.00907
9.20918		1.027314	0.02779
9.26966		0.996392	0.033594
9.33015		0.966738	0.009469
9.39063		0.949645	0.008696
9.45111		0.93289		0.025889
9.5116		0.918699	0.010632
9.57208		0.914647	0.014365
9.63256		0.902339	0.013341
9.69305		0.895021	0.010816
9.75353		0.893357	0.011873
9.81401		0.894804	0.007349
9.8745		0.890065	0.010006
9.93498		0.896339	0.014547
9.99547		0.906252	0.015331
10.05595	0.91674		0.00888
10.11643	0.925282	0.008188
10.17692	0.925544	0.007458
10.2374		0.931445	0.009674
10.29788	0.945604	0.006595
10.35837	0.955035	0.009389
10.41885	0.967136	0.010198
10.47933	0.983345	0.02785
10.53982	0.99283		0.029173
10.6003		1.008533	0.032857
10.66079	1.020525	0.025664
10.72127	1.036699	0.029248
10.78175	1.055872	0.010412
10.84224	1.06721		0.010106
10.90272	1.084116	0.009614
10.9632		1.102049	0.01533
11.02369	1.116727	0.013241
11.08417	1.139265	0.011372
11.14465	1.155593	0.01231
11.20514	1.172417	0.013997
11.26562	1.191446	0.040793
11.32611	1.213445	0.012221
11.38659	1.232242	0.008666
11.44707	1.260002	0.015483
11.50756	1.287504	0.028316
11.56804	1.325092	0.014247
11.62852	1.389713	0.039437
11.68901	1.470314	0.029051
11.74949	1.504255	0.015663
11.80997	1.491376	0.013961
11.87046	1.472709	0.014608
11.93094	1.505502	0.013692
11.99143	1.532966	0.022236
12.05191	1.562184	0.013591
12.11239	1.590525	0.013944
12.17288	1.630997	0.009178
12.23336	1.667686	0.014382
12.29384	1.713068	0.037294
12.35433	1.766402	0.038958
12.41481	1.826187	0.016752
12.47529	1.883627	0.055249
12.53578	1.937032	0.061341
12.59626	2.004429	0.016303
12.65675	2.070567	0.022425
12.71723	2.140674	0.017537
12.77771	2.222098	0.01362
12.8382		2.29647		0.024676
12.89868	2.367341	0.055782
12.95916	2.439657	0.037504
13.01965	2.509964	0.027198
13.08013	2.58008		0.065445
13.14061	2.641002	0.021397
13.2011		2.706573	0.02259
13.26158	2.784548	0.037756
13.32206	2.87138		0.050201
13.38255	2.884904	0.024911
13.44303	2.81967		0.025743
13.50352	2.812986	0.036605
13.564		2.842581	0.018141
13.62448	2.877337	0.031433
13.68497	2.896395	0.028728
13.74545	2.920959	0.073605
13.80593	2.957909	0.019822
13.86642	2.958676	0.074458
13.9269		2.976454	0.030707
13.98738	2.990283	0.076451