5.24749		0.017887	0.001503
5.27773		0.018797	0.002229
5.30797		0.018894	0.0011
5.33821		0.019128	0.001188
5.36846		0.021		0.000952
5.3987		0.020604	0.001517
5.42894		0.019057	0.001207
5.45918		0.020462	0.001124
5.48942		0.020236	0.001361
5.51967		0.021129	0.001448
5.54991		0.021483	0.001474
5.58015		0.020678	0.001234
5.61039		0.021795	0.000869
5.64063		0.025085	0.001504
5.67088		0.023256	0.001618
5.70112		0.021376	0.000965
5.73136		0.020664	0.001292
5.7616		0.02077		0.001133
5.79184		0.02138		0.002245
5.82209		0.021188	0.000891
5.85233		0.021282	0.001355
5.88257		0.022853	0.001405
5.91281		0.022375	0.000818
5.94305		0.02384		0.000853
5.9733		0.024039	0.00107
6.00354		0.024372	0.00103
6.03378		0.024708	0.001725
6.06402		0.025475	0.001211
6.09426		0.024875	0.002253
6.12451		0.025451	0.002642
6.15475		0.026864	0.001016
6.18499		0.027062	0.002948
6.21523		0.029038	0.00115
6.24547		0.029082	0.001103
6.27572		0.029527	0.001199
6.30596		0.028325	0.001678
6.3362		0.028571	0.001105
6.36644		0.027256	0.001735
6.39668		0.027066	0.001313
6.42693		0.027091	0.001396
6.45717		0.025483	0.000956
6.48741		0.026107	0.001773
6.51765		0.027162	0.00132
6.54789		0.026236	0.001651
6.57814		0.027386	0.001261
6.60838		0.027399	0.002052
6.63862		0.027832	0.0018
6.66886		0.027457	0.005966
6.6991		0.028588	0.001755
6.72935		0.028029	0.002462
6.75959		0.028745	0.002058
6.78983		0.029725	0.001163
6.82007		0.028107	0.002611
6.85031		0.030096	0.002792
6.88056		0.030248	0.002939
6.9108		0.03067		0.002273
6.94104		0.032765	0.001753
6.97128		0.03042		0.002017
7.00152		0.032816	0.002399
7.03177		0.037379	0.001786
7.06201		0.034005	0.002246
7.09225		0.032922	0.001974
7.12249		0.035002	0.001555
7.15273		0.035032	0.001388
7.18298		0.035837	0.001504
7.21322		0.035073	0.004119
7.24346		0.0341		0.001745
7.2737		0.033959	0.001815
7.30394		0.034728	0.001938
7.33419		0.036595	0.001924
7.36443		0.03556		0.003304
7.39467		0.03527		0.002021
7.42491		0.036704	0.002452
7.45515		0.038344	0.002296
7.4854		0.041376	0.002117
7.45515		0.041272	0.001092
7.51564		0.042086	0.001622
7.57612		0.041289	0.001551
7.6366		0.047124	0.006617
7.69709		0.063892	0.001343
7.75757		0.050072	0.0031
7.81805		0.04507		0.001906
7.87854		0.045392	0.002127
7.93902		0.045136	0.002521
7.99951		0.04387		0.004971
8.05999		0.042131	0.005179
8.12047		0.039837	0.006877
8.18096		0.038079	0.002351
8.24144		0.03742		0.002781
8.30192		0.039575	0.000981
8.36241		0.039799	0.002084
8.42289		0.038723	0.007315
8.48337		0.03883		0.002691
8.54386		0.039072	0.002399
8.60434		0.040282	0.002336
8.66483		0.039553	0.002567
8.72531		0.037807	0.002638
8.78579		0.037858	0.0073
8.84628		0.035871	0.003614
8.90676		0.036024	0.002392
8.96724		0.035868	0.005005
9.02773		0.038264	0.005928
9.08821		0.038891	0.002516
9.14869		0.034598	0.004154
9.20918		0.034333	0.004148
9.26966		0.034506	0.003119
9.33015		0.034422	0.001061
9.39063		0.034673	0.004138
9.45111		0.034467	0.005894
9.5116		0.036035	0.005448
9.57208		0.037793	0.003039
9.63256		0.03731		0.003355
9.69305		0.039967	0.003172
9.75353		0.038517	0.006299
9.81401		0.037759	0.003079
9.8745		0.037845	0.004332
9.93498		0.039365	0.005626
9.99547		0.040485	0.005794
10.05595	0.041574	0.009106
10.11643	0.042277	0.008853
10.17692	0.042625	0.003102
10.2374		0.043474	0.006277
10.29788	0.045205	0.002398
10.35837	0.046995	0.002857
10.41885	0.048994	0.003045
10.47933	0.056608	0.008242
10.53982	0.08693		0.009982
10.6003		0.08418		0.009883
10.66079	0.059149	0.001179
10.72127	0.054317	0.005909
10.78175	0.055222	0.008473
10.84224	0.056096	0.004258
10.90272	0.056372	0.007807
10.9632		0.058096	0.006568
11.02369	0.059436	0.01149
11.08417	0.060199	0.004744
11.14465	0.064273	0.004728
11.20514	0.072072	0.012652
11.26562	0.081642	0.013341
11.32611	0.086379	0.00487
11.38659	0.084565	0.012662
11.44707	0.08129		0.013854
11.50756	0.08206		0.005247
11.56804	0.07902		0.004781
11.62852	0.078807	0.005583
11.68901	0.08038		0.005412
11.74949	0.079437	0.011628
11.80997	0.081966	0.005475
11.87046	0.083225	0.008355
11.93094	0.083715	0.007353
11.99143	0.0852		0.005274
12.05191	0.08918		0.004827
12.11239	0.088991	0.00895
12.17288	0.090181	0.010394
12.23336	0.091167	0.005495
12.29384	0.094691	0.013969
12.35433	0.09815		0.005596
12.41481	0.099772	0.007953
12.47529	0.099693	0.010727
12.53578	0.10107		0.00567
12.59626	0.103841	0.013094
12.65675	0.105873	0.016065
12.71723	0.106833	0.00515
12.77771	0.109937	0.012471
12.8382		0.126701	0.006474
12.89868	0.133474	0.014195
12.95916	0.118698	0.002373
13.01965	0.107971	0.006315
13.08013	0.108445	0.006626
13.14061	0.10835		0.00569
13.2011		0.109278	0.005798
13.26158	0.106205	0.007901
13.32206	0.106745	0.008778
13.38255	0.108703	0.006195
13.44303	0.110016	0.005952
13.50352	0.111384	0.007872
13.564		0.11462		0.007944
13.62448	0.11516		0.022379
13.68497	0.115153	0.015742
13.74545	0.115001	0.008492
13.80593	0.1189		0.012949
13.86642	0.119589	0.01467
13.9269		0.122544	0.008912
13.98738	0.127587	0.009947