5.24749		0.610226	0.021332
5.27773		0.608172	0.028065
5.30797		0.611001	0.012321
5.33821		0.622049	0.009001
5.36846		0.631776	0.008298
5.3987		0.619939	0.009553
5.42894		0.63116		0.009865
5.45918		0.666185	0.008954
5.48942		0.65394		0.009811
5.51967		0.664822	0.008117
5.54991		0.645092	0.008247
5.58015		0.633744	0.008228
5.61039		0.677389	0.009593
5.64063		0.681309	0.006424
5.67088		0.654811	0.006279
5.70112		0.658166	0.009444
5.73136		0.664272	0.00948
5.7616		0.662819	0.007015
5.79184		0.666734	0.008288
5.82209		0.676246	0.01242
5.85233		0.679999	0.010674
5.88257		0.687817	0.027368
5.91281		0.691278	0.012619
5.94305		0.69684		0.014216
5.9733		0.697766	0.014794
6.00354		0.700254	0.011796
6.03378		0.701265	0.009933
6.06402		0.702654	0.012773
6.09426		0.709986	0.007333
6.12451		0.722035	0.007303
6.15475		0.730695	0.011132
6.18499		0.723379	0.008417
6.21523		0.735104	0.009204
6.24547		0.738018	0.007649
6.27572		0.73884		0.00838
6.30596		0.741568	0.00724
6.3362		0.741167	0.008281
6.36644		0.750492	0.008933
6.39668		0.755879	0.0109
6.42693		0.759289	0.007911
6.45717		0.754248	0.007622
6.48741		0.752868	0.009405
6.51765		0.748035	0.011621
6.54789		0.75094		0.012265
6.57814		0.760646	0.020203
6.60838		0.764529	0.02985
6.63862		0.769145	0.019503
6.66886		0.775428	0.01507
6.6991		0.775106	0.013968
6.72935		0.774512	0.007821
6.75959		0.776552	0.008617
6.78983		0.779654	0.008929
6.82007		0.787007	0.007972
6.85031		0.794043	0.008349
6.88056		0.807647	0.009626
6.9108		0.819397	0.011541
6.94104		0.825151	0.009982
6.97128		0.837884	0.012148
7.00152		0.970267	0.017459
7.03177		0.88344		0.012199
7.06201		0.824401	0.013449
7.09225		0.832798	0.010863
7.12249		0.834303	0.010719
7.15273		0.83629		0.015192
7.18298		0.844661	0.014829
7.21322		0.84662		0.014625
7.24346		0.850533	0.012901
7.2737		0.858726	0.012699
7.30394		0.865965	0.032411
7.33419		0.87683		0.01454
7.36443		0.879617	0.013335
7.39467		0.880639	0.011768
7.42491		0.884512	0.014989
7.45515		0.892424	0.013132
7.4854		0.905088	0.015171
7.45515		0.915469	0.008469
7.51564		0.925349	0.013308
7.57612		0.901112	0.010056
7.6366		1.057303	0.019954
7.69709		1.113889	0.023123
7.75757		0.976106	0.0107
7.81805		0.945871	0.009697
7.87854		0.971479	0.021516
7.93902		0.981313	0.033748
7.99951		0.989053	0.028398
8.05999		0.994612	0.020654
8.12047		0.987158	0.011498
8.18096		1.001743	0.047724
8.24144		1.016881	0.06264
8.30192		1.026429	0.066711
8.36241		1.035419	0.064305
8.42289		1.042315	0.059044
8.48337		1.045434	0.020468
8.54386		1.058396	0.019594
8.60434		1.073074	0.020054
8.66483		1.086069	0.020298
8.72531		1.096423	0.052878
8.78579		1.104562	0.035796
8.84628		1.103739	0.032374
8.90676		1.109392	0.031854
8.96724		1.16286		0.02975
9.02773		1.240971	0.00905
9.08821		1.169484	0.013888
9.14869		1.167766	0.016699
9.20918		1.17985		0.017062
9.26966		1.197986	0.021621
9.33015		1.221676	0.023366
9.39063		1.237634	0.019219
9.45111		1.263723	0.018322
9.5116		1.304402	0.030371
9.57208		1.342426	0.018863
9.63256		1.331856	0.030216
9.69305		1.360005	0.027189
9.75353		1.371119	0.081707
9.81401		1.392676	0.023823
9.8745		1.406318	0.070337
9.93498		1.425865	0.025119
9.99547		1.446937	0.024118
10.05595	1.469366	0.02112
10.11643	1.484557	0.018154
10.17692	1.501611	0.016257
10.2374		1.516312	0.019716
10.29788	1.534422	0.018326
10.35837	1.552788	0.018908
10.41885	1.567825	0.020468
10.47933	1.701273	0.019703
10.53982	1.889614	0.06277
10.6003		1.786018	0.013075
10.66079	1.641505	0.024993
10.72127	1.676797	0.0428
10.78175	1.686135	0.047874
10.84224	1.701491	0.02766
10.90272	1.71918		0.027113
10.9632		1.734254	0.023875
11.02369	1.746287	0.027943
11.08417	1.763691	0.028021
11.14465	1.787601	0.075547
11.20514	1.809315	0.086083
11.26562	1.841291	0.026394
11.32611	1.865943	0.03337
11.38659	1.858359	0.024802
11.44707	1.857215	0.031129
11.50756	1.875178	0.081498
11.56804	1.883474	0.031274
11.62852	1.893098	0.030072
11.68901	1.901301	0.02515
11.74949	1.911683	0.028081
11.80997	1.908313	0.025945
11.87046	1.901915	0.021319
11.93094	1.932869	0.036144
11.99143	1.957494	0.032944
12.05191	1.967867	0.020802
12.11239	1.984479	0.021895
12.17288	1.99411		0.022438
12.23336	2.012235	0.020095
12.29384	2.032602	0.026309
12.35433	2.049281	0.064883
12.41481	2.063272	0.024697
12.47529	2.062553	0.044808
12.53578	2.063617	0.028575
12.59626	2.084781	0.028001
12.65675	2.102275	0.025185
12.71723	2.106525	0.024679
12.77771	2.344753	0.029357
12.8382		2.810481	0.017811
12.89868	2.615947	0.018749
12.95916	2.194049	0.018074
13.01965	2.15989		0.021752
13.08013	2.183398	0.019495
13.14061	2.208608	0.017452
13.2011		2.2103		0.015422
13.26158	2.21259		0.015609
13.32206	2.215248	0.015594
13.38255	2.235225	0.02647
13.44303	2.250087	0.024775
13.50352	2.275027	0.0235
13.564		2.301643	0.026886
13.62448	2.325772	0.074605
13.68497	2.345446	0.064893
13.74545	2.370629	0.031636
13.80593	2.396939	0.052756
13.86642	2.425992	0.038175
13.9269		2.44544		0.030664
13.98738	2.477264	0.042345