5.24749		0.005958	0.002607
5.27773		0.005961	0.000906
5.30797		0.006557	0.001064
5.33821		0.007282	0.001182
5.36846		0.006675	0.00137
5.3987		0.007932	0.00095
5.42894		0.007446	0.001123
5.45918		0.007452	0.001237
5.48942		0.005896	0.001189
5.51967		0.007793	0.000911
5.54991		0.007319	0.001273
5.58015		0.008044	0.000893
5.61039		0.007631	0.000962
5.64063		0.007622	0.001137
5.67088		0.008887	0.001273
5.70112		0.008463	0.000712
5.73136		0.008737	0.002301
5.7616		0.008853	0.001832
5.79184		0.008533	0.001417
5.82209		0.01024		0.001406
5.85233		0.009393	0.0007
5.88257		0.009579	0.00077
5.91281		0.010291	0.002065
5.94305		0.010376	0.001043
5.9733		0.011257	0.000952
6.00354		0.012195	0.001374
6.03378		0.012042	0.001134
6.06402		0.011966	0.001953
6.09426		0.011481	0.001112
6.12451		0.013818	0.000873
6.15475		0.014451	0.001525
6.18499		0.012087	0.000978
6.21523		0.011232	0.001451
6.24547		0.01129		0.00125
6.27572		0.011214	0.001485
6.30596		0.010618	0.001037
6.3362		0.009276	0.001284
6.36644		0.009538	0.004036
6.39668		0.009796	0.003706
6.42693		0.010043	0.001658
6.45717		0.009297	0.00114
6.48741		0.009795	0.001873
6.51765		0.009498	0.00103
6.54789		0.009473	0.001439
6.57814		0.01052		0.001097
6.60838		0.009626	0.001304
6.63862		0.011464	0.002066
6.66886		0.011511	0.000972
6.6991		0.012027	0.001076
6.72935		0.012264	0.001576
6.75959		0.011194	0.00111
6.78983		0.01247		0.00148
6.82007		0.014926	0.001324
6.85031		0.014497	0.001295
6.88056		0.015199	0.001466
6.9108		0.01525		0.001579
6.94104		0.014618	0.001927
6.97128		0.013644	0.001566
7.00152		0.0158		0.002267
7.03177		0.016402	0.001503
7.06201		0.016011	0.001298
7.09225		0.015634	0.002102
7.12249		0.015964	0.001186
7.15273		0.016899	0.002278
7.18298		0.017289	0.001908
7.21322		0.017256	0.001347
7.24346		0.016964	0.003218
7.2737		0.017455	0.00306
7.30394		0.018341	0.001759
7.33419		0.016665	0.001963
7.36443		0.017175	0.00186
7.39467		0.017669	0.002291
7.42491		0.017609	0.005217
7.45515		0.017522	0.004178
7.4854		0.018093	0.001895
7.45515		0.017208	0.001557
7.51564		0.017721	0.001342
7.57612		0.019053	0.001548
7.6366		0.020446	0.001022
7.69709		0.02119		0.001278
7.75757		0.021418	0.000998
7.81805		0.021212	0.001765
7.87854		0.020711	0.001166
7.93902		0.02395		0.001153
7.99951		0.025656	0.001076
8.05999		0.024922	0.000741
8.12047		0.025952	0.001242
8.18096		0.028496	0.000793
8.24144		0.029308	0.000877
8.30192		0.032757	0.001368
8.36241		0.043916	0.000997
8.42289		0.043661	0.000988
8.48337		0.033648	0.005838
8.54386		0.034015	0.003162
8.60434		0.035245	0.000861
8.66483		0.035725	0.001042
8.72531		0.036227	0.001549
8.78579		0.034386	0.0009
8.84628		0.034219	0.001101
8.90676		0.033328	0.000748
8.96724		0.032464	0.000916
9.02773		0.033394	0.001061
9.08821		0.032391	0.001063
9.14869		0.032149	0.001205
9.20918		0.03146		0.001143
9.26966		0.030925	0.002204
9.33015		0.030256	0.000992
9.39063		0.0305		0.001085
9.45111		0.030277	0.000825
9.5116		0.029754	0.001027
9.57208		0.028315	0.001221
9.63256		0.027085	0.000807
9.69305		0.026004	0.001008
9.75353		0.027138	0.000823
9.81401		0.029432	0.000779
9.8745		0.028172	0.000991
9.93498		0.025118	0.001388
9.99547		0.024178	0.003913
10.05595	0.023647	0.000966
10.11643	0.023566	0.000655
10.17692	0.022801	0.001052
10.2374		0.022994	0.000776
10.29788	0.022871	0.000666
10.35837	0.023478	0.00117
10.41885	0.023981	0.00081
10.47933	0.023991	0.001234
10.53982	0.024534	0.000955
10.6003		0.025426	0.000913
10.66079	0.024173	0.001129
10.72127	0.025092	0.002158
10.78175	0.02473		0.000944
10.84224	0.026782	0.001174
10.90272	0.02697		0.003048
10.9632		0.027677	0.001281
11.02369	0.028559	0.004219
11.08417	0.029215	0.001495
11.14465	0.030262	0.001143
11.20514	0.031615	0.001443
11.26562	0.031187	0.001378
11.32611	0.033607	0.001259
11.38659	0.033823	0.00164
11.44707	0.043414	0.001151
11.50756	0.063053	0.001405
11.56804	0.051812	0.004116
11.62852	0.040508	0.001385
11.68901	0.038866	0.003817
11.74949	0.04071		0.003724
11.80997	0.04187		0.00143
11.87046	0.039674	0.001631
11.93094	0.040343	0.001719
11.99143	0.041858	0.00094
12.05191	0.044553	0.002204
12.11239	0.044508	0.001455
12.17288	0.046167	0.001044
12.23336	0.051476	0.001573
12.29384	0.05647		0.00148
12.35433	0.059246	0.001349
12.41481	0.05932		0.00113
12.47529	0.059993	0.001259
12.53578	0.062282	0.001713
12.59626	0.06212		0.001459
12.65675	0.062225	0.001556
12.71723	0.064986	0.005031
12.77771	0.066487	0.000995
12.8382		0.069131	0.001353
12.89868	0.071166	0.001298
12.95916	0.072212	0.001041
13.01965	0.074		0.004899
13.08013	0.075505	0.001426
13.14061	0.077125	0.003259
13.2011		0.080305	0.001387
13.26158	0.081941	0.005476
13.32206	0.083268	0.001347
13.38255	0.086384	0.001594
13.44303	0.088293	0.001886
13.50352	0.090598	0.006314
13.564		0.092819	0.001365
13.62448	0.095952	0.001581
13.68497	0.0959		0.005136
13.74545	0.09637		0.001506
13.80593	0.100797	0.004895
13.86642	0.103835	0.002427
13.9269		0.106767	0.00217
13.98738	0.108693	0.005052