5.24749		0.094876	0.003962
5.27773		0.093685	0.006359
5.30797		0.091398	0.00456
5.33821		0.093824	0.003653
5.36846		0.095246	0.004181
5.3987		0.099886	0.004388
5.42894		0.109524	0.003682
5.45918		0.104619	0.003897
5.48942		0.099387	0.003114
5.51967		0.101061	0.002972
5.54991		0.100431	0.002576
5.58015		0.104952	0.004032
5.61039		0.117977	0.004261
5.64063		0.106255	0.006546
5.67088		0.103919	0.002747
5.70112		0.10462		0.00322
5.73136		0.10609		0.003593
5.7616		0.107838	0.003692
5.79184		0.112234	0.006368
5.82209		0.114281	0.011031
5.85233		0.112929	0.003745
5.88257		0.114298	0.004026
5.91281		0.116364	0.011169
5.94305		0.117573	0.006693
5.9733		0.11925		0.004261
6.00354		0.121006	0.003594
6.03378		0.120721	0.003643
6.06402		0.12033		0.003727
6.09426		0.124005	0.003992
6.12451		0.125994	0.003582
6.15475		0.124844	0.00331
6.18499		0.128553	0.004658
6.21523		0.13787		0.003989
6.24547		0.136653	0.004217
6.27572		0.136078	0.00351
6.30596		0.139578	0.003929
6.3362		0.13772		0.004358
6.36644		0.137792	0.003719
6.39668		0.141335	0.003404
6.42693		0.141104	0.004725
6.45717		0.141387	0.003448
6.48741		0.142578	0.003864
6.51765		0.143727	0.003781
6.54789		0.146149	0.004181
6.57814		0.146362	0.00686
6.60838		0.147855	0.006726
6.63862		0.147511	0.007638
6.66886		0.148926	0.00464
6.6991		0.15111		0.005074
6.72935		0.151831	0.003623
6.75959		0.15799		0.004639
6.78983		0.155595	0.004973
6.82007		0.15583		0.004748
6.85031		0.159937	0.003976
6.88056		0.160703	0.005043
6.9108		0.163795	0.004827
6.94104		0.164283	0.005604
6.97128		0.164643	0.003853
7.00152		0.181906	0.006567
7.03177		0.209663	0.006031
7.06201		0.189743	0.008153
7.09225		0.199994	0.006009
7.12249		0.207308	0.005488
7.15273		0.187663	0.005482
7.18298		0.182527	0.004389
7.21322		0.185019	0.004762
7.24346		0.186403	0.005042
7.2737		0.192244	0.005394
7.30394		0.194396	0.007602
7.33419		0.196326	0.007888
7.36443		0.194162	0.005603
7.39467		0.198086	0.005447
7.42491		0.199594	0.009549
7.45515		0.200335	0.007366
7.4854		0.203355	0.006439
7.45515		0.197867	0.004866
7.51564		0.204792	0.009584
7.57612		0.20019		0.006484
7.6366		0.205817	0.004865
7.69709		0.211001	0.005244
7.75757		0.21674		0.006188
7.81805		0.222083	0.005735
7.87854		0.226134	0.005558
7.93902		0.229223	0.005059
7.99951		0.23338		0.005071
8.05999		0.239248	0.007588
8.12047		0.248507	0.016326
8.18096		0.259505	0.006043
8.24144		0.256552	0.00426
8.30192		0.255043	0.005033
8.36241		0.262553	0.007385
8.42289		0.265845	0.006841
8.48337		0.272985	0.004418
8.54386		0.281247	0.007203
8.60434		0.285023	0.006269
8.66483		0.292379	0.009979
8.72531		0.300085	0.00626
8.78579		0.308057	0.006739
8.84628		0.31213		0.010551
8.90676		0.320023	0.004997
8.96724		0.329535	0.006355
9.02773		0.33921		0.007126
9.08821		0.349246	0.006725
9.14869		0.364033	0.007981
9.20918		0.370903	0.005575
9.26966		0.381807	0.008703
9.33015		0.392716	0.012388
9.39063		0.405197	0.005711
9.45111		0.421445	0.004763
9.5116		0.438712	0.016839
9.57208		0.450723	0.007392
9.63256		0.466767	0.007739
9.69305		0.484616	0.006017
9.75353		0.506531	0.004822
9.81401		0.546432	0.007686
9.8745		0.554487	0.005648
9.93498		0.543005	0.007262
9.99547		0.55149		0.007382
10.05595	0.567897	0.008443
10.11643	0.579704	0.0239
10.17692	0.590728	0.00749
10.2374		0.603464	0.007183
10.29788	0.612602	0.008824
10.35837	0.624067	0.017815
10.41885	0.633864	0.022312
10.47933	0.648645	0.006607
10.53982	0.656344	0.006665
10.6003		0.668837	0.006861
10.66079	0.683273	0.007194
10.72127	0.695221	0.005134
10.78175	0.702128	0.006204
10.84224	0.712689	0.005907
10.90272	0.720694	0.017431
10.9632		0.727943	0.014224
11.02369	0.736988	0.006386
11.08417	0.741634	0.014574
11.14465	0.751077	0.007035
11.20514	0.755816	0.008084
11.26562	0.763905	0.00853
11.32611	0.778689	0.022059
11.38659	0.798371	0.006664
11.44707	0.81701		0.008099
11.50756	0.81795		0.008194
11.56804	0.815416	0.007982
11.62852	0.808556	0.018579
11.68901	0.808531	0.008646
11.74949	0.807838	0.007506
11.80997	0.804246	0.011073
11.87046	0.798262	0.009758
11.93094	0.810796	0.008652
11.99143	0.823584	0.009675
12.05191	0.828085	0.009641
12.11239	0.830919	0.020329
12.17288	0.838579	0.016099
12.23336	0.840625	0.009375
12.29384	0.844586	0.010327
12.35433	0.845973	0.009844
12.41481	0.856498	0.0091
12.47529	0.87241		0.011185
12.53578	0.875541	0.00905
12.59626	0.871005	0.009645
12.65675	0.865915	0.009369
12.71723	0.87666		0.009685
12.77771	0.884793	0.009595
12.8382		0.894032	0.010458
12.89868	0.904287	0.009614
12.95916	0.948686	0.018796
13.01965	1.079719	0.019675
13.08013	1.08373		0.0114
13.14061	0.938977	0.01177
13.2011		0.92582		0.01224
13.26158	0.927395	0.013956
13.32206	0.933401	0.009049
13.38255	0.940176	0.008124
13.44303	0.946454	0.009788
13.50352	0.957731	0.008724
13.564		0.969964	0.011268
13.62448	0.974572	0.010816
13.68497	0.990567	0.009444
13.74545	1.005041	0.034152
13.80593	1.019037	0.011703
13.86642	1.027022	0.013607
13.9269		1.042331	0.012186
13.98738	1.055362	0.016512