5.24749		0.119432	0.007007
5.27773		0.13184		0.007724
5.30797		0.135575	0.00593
5.33821		0.129404	0.004491
5.36846		0.130825	0.004386
5.3987		0.135053	0.003402
5.42894		0.137908	0.003156
5.45918		0.140401	0.003579
5.48942		0.13628		0.005681
5.51967		0.134778	0.005735
5.54991		0.134818	0.006512
5.58015		0.135098	0.005345
5.61039		0.138729	0.004701
5.64063		0.142483	0.005624
5.67088		0.13916		0.005093
5.70112		0.138209	0.005799
5.73136		0.137594	0.003534
5.7616		0.139661	0.00407
5.79184		0.139383	0.004338
5.82209		0.13956		0.004372
5.85233		0.141043	0.003256
5.88257		0.142215	0.005395
5.91281		0.143333	0.007756
5.94305		0.14403		0.009063
5.9733		0.143764	0.009062
6.00354		0.144803	0.00672
6.03378		0.147386	0.008316
6.06402		0.15121		0.00614
6.09426		0.150323	0.003353
6.12451		0.150104	0.00327
6.15475		0.153205	0.003496
6.18499		0.155225	0.005788
6.21523		0.156146	0.007802
6.24547		0.155338	0.00811
6.27572		0.156064	0.00589
6.30596		0.15571		0.005627
6.3362		0.154513	0.005818
6.36644		0.155534	0.006635
6.39668		0.158887	0.00705
6.42693		0.15666		0.006665
6.45717		0.152709	0.004696
6.48741		0.150298	0.00351
6.51765		0.147599	0.004473
6.54789		0.14878		0.004084
6.57814		0.155572	0.006645
6.60838		0.158556	0.008037
6.63862		0.159428	0.008794
6.66886		0.158598	0.007949
6.6991		0.15556		0.011431
6.72935		0.155913	0.009227
6.75959		0.157551	0.008315
6.78983		0.15742		0.010368
6.82007		0.161677	0.00629
6.85031		0.162499	0.007243
6.88056		0.163666	0.00802
6.9108		0.163984	0.005448
6.94104		0.166171	0.00788
6.97128		0.165413	0.009735
7.00152		0.166495	0.008792
7.03177		0.172244	0.009457
7.06201		0.170497	0.009681
7.09225		0.168146	0.00832
7.12249		0.168897	0.007189
7.15273		0.167272	0.005796
7.18298		0.165023	0.00535
7.21322		0.164625	0.004776
7.24346		0.165437	0.004987
7.2737		0.16717		0.007547
7.30394		0.168854	0.00667
7.33419		0.171818	0.007046
7.36443		0.173114	0.007248
7.39467		0.171335	0.007203
7.42491		0.172031	0.008072
7.45515		0.171115	0.006128
7.4854		0.172201	0.006964
7.45515		0.169972	0.006883
7.51564		0.172762	0.013167