5.24749		0.025421	0.005682
5.27773		0.030543	0.005008
5.30797		0.03348		0.002691
5.33821		0.02828		0.003158
5.36846		0.029122	0.00198
5.3987		0.031619	0.004666
5.42894		0.029084	0.005556
5.45918		0.028578	0.003849
5.48942		0.024638	0.006179
5.51967		0.023718	0.007352
5.54991		0.030684	0.010976
5.58015		0.029883	0.015325
5.61039		0.031772	0.010558
5.64063		0.033778	0.00689
5.67088		0.038719	0.005469
5.70112		0.040764	0.005638
5.73136		0.045064	0.003591
5.7616		0.044982	0.002757
5.79184		0.046717	0.003649
5.82209		0.044391	0.005688
5.85233		0.040827	0.005666
5.88257		0.039262	0.006028
5.91281		0.043707	0.007242
5.94305		0.042427	0.005942
5.9733		0.043313	0.006167
6.00354		0.041403	0.004989
6.03378		0.043893	0.004193
6.06402		0.051023	0.002577
6.09426		0.055409	0.005388
6.12451		0.056868	0.00942
6.15475		0.058994	0.011388
6.18499		0.067308	0.015491
6.21523		0.097998	0.018725
6.24547		0.120281	0.015077
6.27572		0.145413	0.015844
6.30596		0.154994	0.016531
6.3362		0.139562	0.016027
6.36644		0.129436	0.024095
6.39668		0.111777	0.016176
6.42693		0.100137	0.012206
6.45717		0.090464	0.006347
6.48741		0.082629	0.003498
6.51765		0.073877	0.005054
6.54789		0.07224		0.003759
6.57814		0.071449	0.009487
6.60838		0.073385	0.016805
6.63862		0.072908	0.011845
6.66886		0.072953	0.013489
6.6991		0.072081	0.007757
6.72935		0.071207	0.005971
6.75959		0.069989	0.003491
6.78983		0.070811	0.005583
6.82007		0.073275	0.008301
6.85031		0.071864	0.012171
6.88056		0.068753	0.015203
6.9108		0.074395	0.015822
6.94104		0.076432	0.016763
6.97128		0.081873	0.031217
7.00152		0.085638	0.019744
7.03177		0.084599	0.050551
7.06201		0.137867	0.020424
7.09225		0.116601	0.0213
7.12249		0.095672	0.013613
7.15273		0.102031	0.008647
7.18298		0.104195	0.006581
7.21322		0.106881	0.004352
7.24346		0.115266	0.011479
7.2737		0.114349	0.007978
7.30394		0.122831	0.036212
7.33419		0.124103	0.029991
7.36443		0.122812	0.018842
7.39467		0.133132	0.012526
7.42491		0.140037	0.010005
7.45515		0.149656	0.006215
7.4854		0.165221	0.00652
7.45515		0.166671	0.005764
7.51564		0.183843	0.005446
7.57612		0.237533	0.037227
7.6366		0.298931	0.040471
7.69709		0.345412	0.033391
7.75757		0.335884	0.020852
7.81805		0.319306	0.007439
7.87854		0.327986	0.009164
7.93902		0.31617		0.021212
7.99951		0.279364	0.022545
8.05999		0.243853	0.020409
8.12047		0.215542	0.051673
8.18096		0.203721	0.011095
8.24144		0.19064		0.004099
8.30192		0.180619	0.004102
8.36241		0.167485	0.008463
8.42289		0.167635	0.004577
8.48337		0.167911	0.003823
8.54386		0.17274		0.005774
8.60434		0.188043	0.008912
8.66483		0.204849	0.00977
8.72531		0.206709	0.011025
8.78579		0.190862	0.009645
8.84628		0.163642	0.009739
8.90676		0.129991	0.033744
8.96724		0.115668	0.031512
9.02773		0.106289	0.018632
9.08821		0.105252	0.009185
9.14869		0.096427	0.007449
9.20918		0.090565	0.005357
9.26966		0.086636	0.004412
9.33015		0.083562	0.004744
9.39063		0.083121	0.004283
9.45111		0.082475	0.002618
9.5116		0.081595	0.002186
9.57208		0.081773	0.003693
9.63256		0.080059	0.00309
9.69305		0.079571	0.002358
9.75353		0.087442	0.002361
9.81401		0.086685	0.001789
9.8745		0.07552		0.003538
9.93498		0.074092	0.002289
9.99547		0.075455	0.00392
10.05595	0.076494	0.003357
10.11643	0.075973	0.003245
10.17692	0.078092	0.004573
10.2374		0.079436	0.005946
10.29788	0.078702	0.006216
10.35837	0.078682	0.004064
10.41885	0.082144	0.003442
10.47933	0.086695	0.005754
10.53982	0.094608	0.005775
10.6003		0.113996	0.004216
10.66079	0.119847	0.003328
10.72127	0.115017	0.005974
10.78175	0.112821	0.006533
10.84224	0.115963	0.00597
10.90272	0.118235	0.008599
10.9632		0.118701	0.005432
11.02369	0.124129	0.012431
11.08417	0.140038	0.005477
11.14465	0.163925	0.0251
11.20514	0.176068	0.025063
11.26562	0.231443	0.007831
11.32611	0.370404	0.027255
11.38659	0.463588	0.011676
11.44707	0.412287	0.006054
11.50756	0.331653	0.027762
11.56804	0.295688	0.005126
11.62852	0.254855	0.004992
11.68901	0.238156	0.011206
11.74949	0.221616	0.010814
11.80997	0.205482	0.009821
11.87046	0.199432	0.009293
11.93094	0.201674	0.004588
11.99143	0.212451	0.012664
12.05191	0.229065	0.012425
12.11239	0.238975	0.010681
12.17288	0.242067	0.009844
12.23336	0.240815	0.009517
12.29384	0.236362	0.009487
12.35433	0.237201	0.011623
12.41481	0.253563	0.011597
12.47529	0.26445		0.012399
12.53578	0.272126	0.01233
12.59626	0.281761	0.025231
12.65675	0.301854	0.009414
12.71723	0.323179	0.00589
12.77771	0.340196	0.016175
12.8382		0.322114	0.026846
12.89868	0.406901	0.027724
12.95916	0.617954	0.013598
13.01965	0.530262	0.029352
13.08013	0.284608	0.015449
13.14061	0.247487	0.021503
13.2011		0.24284		0.012694
13.26158	0.242312	0.010736
13.32206	0.241382	0.012607
13.38255	0.241722	0.013203
13.44303	0.240166	0.012672
13.50352	0.241759	0.01524
13.564		0.248261	0.018689
13.62448	0.24783		0.012659
13.68497	0.252198	0.0151
13.74545	0.247421	0.013889
13.80593	0.248793	0.013897
13.86642	0.244636	0.01405
13.9269		0.242158	0.012871
13.98738	0.242017	0.014548