5.24749		0.048681	0.006129
5.27773		0.050265	0.003825
5.30797		0.049358	0.003969
5.33821		0.049564	0.00418
5.36846		0.057257	0.003646
5.3987		0.063515	0.004583
5.42894		0.050674	0.004749
5.45918		0.049766	0.003657
5.48942		0.052634	0.004096
5.51967		0.054063	0.003859
5.54991		0.059639	0.005663
5.58015		0.056988	0.003098
5.61039		0.048896	0.003811
5.64063		0.05367		0.005011
5.67088		0.059582	0.003304
5.70112		0.055251	0.002487
5.73136		0.053451	0.003005
5.7616		0.054287	0.004562
5.79184		0.056661	0.005498
5.82209		0.056222	0.003847
5.85233		0.056285	0.006223
5.88257		0.058767	0.006107
5.91281		0.059455	0.003021
5.94305		0.061469	0.004288
5.9733		0.061836	0.005389
6.00354		0.06681		0.005323
6.03378		0.067309	0.004443
6.06402		0.066966	0.004916
6.09426		0.066796	0.004579
6.12451		0.072219	0.003308
6.15475		0.075294	0.003991
6.18499		0.078155	0.003303
6.21523		0.086128	0.004937
6.24547		0.090982	0.005866
6.27572		0.09221		0.00518
6.30596		0.089158	0.004623
6.3362		0.086328	0.005615
6.36644		0.080138	0.003668
6.39668		0.077069	0.005494
6.42693		0.07468		0.004374
6.45717		0.071932	0.005022
6.48741		0.075576	0.004979
6.51765		0.072966	0.004572
6.54789		0.074489	0.005039
6.57814		0.074348	0.006195
6.60838		0.077446	0.010415
6.63862		0.076548	0.006515
6.66886		0.077482	0.015643
6.6991		0.081283	0.005245
6.72935		0.079901	0.006083
6.75959		0.085271	0.004659
6.78983		0.087409	0.005794
6.82007		0.086512	0.005362
6.85031		0.085063	0.005932
6.88056		0.084273	0.00798
6.9108		0.087203	0.009342
6.94104		0.088921	0.010334
6.97128		0.111465	0.00484
7.00152		0.095264	0.015834
7.03177		0.11104		0.013254
7.06201		0.119093	0.00479
7.09225		0.090923	0.006002
7.12249		0.086812	0.00663
7.15273		0.094859	0.005458
7.18298		0.09921		0.004537
7.21322		0.0989		0.005889
7.24346		0.101455	0.007617
7.2737		0.107753	0.011228
7.30394		0.108385	0.008798
7.33419		0.110931	0.011896
7.36443		0.111695	0.010254
7.39467		0.117032	0.009646
7.42491		0.122293	0.011032
7.45515		0.122526	0.010322
7.4854		0.130421	0.008986
7.45515		0.115633	0.010993
7.51564		0.125254	0.009391
7.57612		0.134174	0.009288
7.6366		0.146014	0.011391
7.69709		0.166938	0.007113
7.75757		0.172465	0.008028
7.81805		0.148269	0.005855
7.87854		0.149556	0.00999
7.93902		0.140407	0.010618
7.99951		0.132981	0.009219
8.05999		0.1301		0.007931
8.12047		0.128914	0.008685
8.18096		0.120397	0.007067
8.24144		0.11903		0.005705
8.30192		0.118128	0.003487
8.36241		0.115516	0.00403
8.42289		0.120037	0.004678
8.48337		0.106173	0.025598
8.54386		0.106882	0.007462
8.60434		0.108062	0.00701
8.66483		0.113003	0.008597
8.72531		0.105713	0.011448
8.78579		0.101051	0.007064
8.84628		0.097806	0.006949
8.90676		0.096509	0.016
8.96724		0.091569	0.006931
9.02773		0.095033	0.016148
9.08821		0.102219	0.011891
9.14869		0.092118	0.00676
9.20918		0.090129	0.009659
9.26966		0.088629	0.004155
9.33015		0.091024	0.003556
9.39063		0.091529	0.006984
9.45111		0.094777	0.015907
9.5116		0.093935	0.008614
9.57208		0.098527	0.006691
9.63256		0.099756	0.007113
9.69305		0.103682	0.007036
9.75353		0.115827	0.013756
9.81401		0.111605	0.008557
9.8745		0.105481	0.01629
9.93498		0.108216	0.01464
9.99547		0.10872		0.015068
10.05595	0.108402	0.00716
10.11643	0.11275		0.009008
10.17692	0.115565	0.009255
10.2374		0.118809	0.008734
10.29788	0.120815	0.023939
10.35837	0.123259	0.009351
10.41885	0.125771	0.018399
10.47933	0.128631	0.019592
10.53982	0.146194	0.014484
10.6003		0.184936	0.017302
10.66079	0.174002	0.010398
10.72127	0.143138	0.012021
10.78175	0.147592	0.010002
10.84224	0.152561	0.010015
10.90272	0.153627	0.013466
10.9632		0.156464	0.01329
11.02369	0.159844	0.010031
11.08417	0.165442	0.012658
11.14465	0.172162	0.01005
11.20514	0.18342		0.026042
11.26562	0.227131	0.011658
11.32611	0.257595	0.021459
11.38659	0.252852	0.021641
11.44707	0.238837	0.024747
11.50756	0.227957	0.02561
11.56804	0.212469	0.014355
11.62852	0.209269	0.034459
11.68901	0.206052	0.024364
11.74949	0.20426		0.017804
11.80997	0.203204	0.013759
11.87046	0.202051	0.016507
11.93094	0.210222	0.01406
11.99143	0.220822	0.036215
12.05191	0.224125	0.025815
12.11239	0.228254	0.014471
12.17288	0.226151	0.017177
12.23336	0.230228	0.018577
12.29384	0.232775	0.030372
12.35433	0.242793	0.028363
12.41481	0.248817	0.020557
12.47529	0.246285	0.018636
12.53578	0.245099	0.015359
12.59626	0.252835	0.01366
12.65675	0.262529	0.014238
12.71723	0.267257	0.014141
12.77771	0.272953	0.013679
12.8382		0.307292	0.020529
12.89868	0.385221	0.02529
12.95916	0.390807	0.024321
13.01965	0.275475	0.025729
13.08013	0.25961		0.015551
13.14061	0.2634		0.018557
13.2011		0.268987	0.037844
13.26158	0.267346	0.036431
13.32206	0.260634	0.008031
13.38255	0.264388	0.015625
13.44303	0.269239	0.01593
13.50352	0.271576	0.029527
13.564		0.281658	0.045661
13.62448	0.282503	0.03142
13.68497	0.287117	0.015384
13.74545	0.289265	0.027967
13.80593	0.290671	0.016973
13.86642	0.294475	0.031508
13.9269		0.298455	0.02225
13.98738	0.302636	0.014786