5.24749		0.256668	0.008189
5.27773		0.250709	0.004886
5.30797		0.253094	0.003635
5.33821		0.257428	0.003652
5.36846		0.258179	0.005609
5.3987		0.259787	0.006181
5.42894		0.260497	0.006129
5.45918		0.260623	0.010477
5.48942		0.260579	0.008836
5.51967		0.260246	0.00441
5.54991		0.260871	0.003686
5.58015		0.261705	0.003281
5.61039		0.264482	0.003788
5.64063		0.265035	0.003625
5.67088		0.26823		0.002608
5.70112		0.27231		0.003397
5.73136		0.274008	0.002623
5.7616		0.276042	0.004233
5.79184		0.279679	0.012699
5.82209		0.281314	0.004783
5.85233		0.281619	0.004467
5.88257		0.286444	0.010305
5.91281		0.288429	0.003747
5.94305		0.288407	0.004321
5.9733		0.289855	0.002856
6.00354		0.293147	0.003031
6.03378		0.29277		0.004408
6.06402		0.292543	0.003359
6.09426		0.297052	0.004055
6.12451		0.298148	0.005449
6.15475		0.298622	0.004119
6.18499		0.301685	0.003398
6.21523		0.301296	0.004253
6.24547		0.299981	0.005517
6.27572		0.303078	0.011118
6.30596		0.303337	0.007584
6.3362		0.303861	0.004552
6.36644		0.307038	0.003962
6.39668		0.308304	0.004443
6.42693		0.306489	0.003651
6.45717		0.307564	0.0035
6.48741		0.311273	0.006872
6.51765		0.312011	0.006335
6.54789		0.31423		0.003296
6.57814		0.314701	0.00337
6.60838		0.314806	0.003126
6.63862		0.316125	0.006455
6.66886		0.317683	0.003856
6.6991		0.31697		0.006002
6.72935		0.319329	0.003355
6.75959		0.320339	0.005231
6.78983		0.322159	0.004496
6.82007		0.325677	0.003442
6.85031		0.328573	0.003721
6.88056		0.332647	0.006328
6.9108		0.333754	0.014192
6.94104		0.334606	0.006556
6.97128		0.335648	0.006216
7.00152		0.335638	0.005311
7.03177		0.336449	0.006256
7.06201		0.337306	0.00639
7.09225		0.340413	0.005531
7.12249		0.340684	0.00418
7.15273		0.343657	0.006409
7.18298		0.345293	0.004702
7.21322		0.346972	0.005032
7.24346		0.350467	0.006012
7.2737		0.353123	0.005234
7.30394		0.354343	0.00457
7.33419		0.352824	0.005159
7.36443		0.352169	0.005687
7.39467		0.354796	0.005498
7.42491		0.354011	0.011105
7.45515		0.3555		0.013905
7.4854		0.358079	0.004463
7.45515		0.350106	0.008457
7.51564		0.352113	0.00868
7.57612		0.363824	0.004111
7.6366		0.369931	0.016472
7.69709		0.375611	0.008603
7.75757		0.377783	0.008008
7.81805		0.37819		0.007476
7.87854		0.380777	0.008226
7.93902		0.382632	0.02132
7.99951		0.383769	0.021478
8.05999		0.385491	0.007332
8.12047		0.386759	0.006357
8.18096		0.390776	0.00911
8.24144		0.397407	0.005383
8.30192		0.399504	0.014859
8.36241		0.403264	0.003915
8.42289		0.410456	0.003332
8.48337		0.411296	0.00362
8.54386		0.41057		0.003162
8.60434		0.412128	0.004232
8.66483		0.413959	0.003173
8.72531		0.41722		0.002551
8.78579		0.419251	0.002472
8.84628		0.416941	0.002394
8.90676		0.416588	0.003254
8.96724		0.421264	0.005965
9.02773		0.422464	0.011038
9.08821		0.424865	0.003209
9.14869		0.42716		0.004046
9.20918		0.428666	0.008878
9.26966		0.431007	0.006229
9.33015		0.432032	0.004803
9.39063		0.437231	0.005795
9.45111		0.438836	0.012475
9.5116		0.441389	0.019604
9.57208		0.443892	0.016722
9.63256		0.446054	0.005863
9.69305		0.448218	0.003817
9.75353		0.448581	0.00538
9.81401		0.454514	0.003161
9.8745		0.456067	0.004712
9.93498		0.460165	0.003816
9.99547		0.463993	0.00348
10.05595	0.467206	0.003047
10.11643	0.470957	0.003223
10.17692	0.474563	0.002871
10.2374		0.477104	0.002635
10.29788	0.478534	0.002783
10.35837	0.48452		0.00321
10.41885	0.489258	0.004062
10.47933	0.495457	0.014259
10.53982	0.50124		0.011231
10.6003		0.502421	0.00417
10.66079	0.50438		0.011039
10.72127	0.507908	0.014226
10.78175	0.509889	0.013395
10.84224	0.511998	0.004148
10.90272	0.515902	0.004495
10.9632		0.516763	0.006289
11.02369	0.517701	0.003944
11.08417	0.523153	0.006039
11.14465	0.522734	0.007601
11.20514	0.52328		0.004594
11.26562	0.524368	0.003957
11.32611	0.527099	0.003248
11.38659	0.52642		0.003309
11.44707	0.529308	0.003444
11.50756	0.532748	0.003962
11.56804	0.536971	0.003342
11.62852	0.54535		0.003044
11.68901	0.546031	0.004569
11.74949	0.538275	0.00466
11.80997	0.53698		0.003914
11.87046	0.530959	0.004549
11.93094	0.537809	0.003245
11.99143	0.541888	0.005254
12.05191	0.539074	0.004361
12.11239	0.541401	0.004431
12.17288	0.543351	0.004899
12.23336	0.546298	0.004528
12.29384	0.5458		0.004834
12.35433	0.547398	0.006936
12.41481	0.552367	0.005746
12.47529	0.551783	0.00578
12.53578	0.548381	0.005812
12.59626	0.549212	0.00506
12.65675	0.551608	0.003822
12.71723	0.548554	0.003258
12.77771	0.548196	0.003433
12.8382		0.548838	0.003768
12.89868	0.546964	0.003658
12.95916	0.545786	0.003643
13.01965	0.547043	0.003709
13.08013	0.547315	0.004393
13.14061	0.54742		0.006619
13.2011		0.548263	0.004224
13.26158	0.547986	0.004026
13.32206	0.546741	0.004412
13.38255	0.546875	0.005078
13.44303	0.544321	0.005731
13.50352	0.544318	0.003785
13.564		0.546232	0.003702
13.62448	0.548629	0.004204
13.68497	0.549414	0.005725
13.74545	0.547339	0.008585
13.80593	0.547715	0.005496
13.86642	0.549476	0.00531
13.9269		0.552555	0.005655
13.98738	0.552749	0.005419