5.24749		0.041786	0.003425
5.27773		0.043059	0.003402
5.30797		0.047111	0.003143
5.33821		0.044121	0.003237
5.36846		0.045602	0.002558
5.3987		0.048608	0.002759
5.42894		0.045936	0.002541
5.45918		0.048793	0.002251
5.48942		0.05076		0.002562
5.51967		0.049739	0.005496
5.54991		0.053644	0.002386
5.58015		0.049881	0.002056
5.61039		0.05074		0.005121
5.64063		0.057919	0.002348
5.67088		0.0559		0.001854
5.70112		0.049364	0.001832
5.73136		0.052045	0.002251
5.7616		0.051477	0.002572
5.79184		0.050965	0.002087
5.82209		0.051695	0.002455
5.85233		0.05347		0.00216
5.88257		0.05458		0.003286
5.91281		0.05427		0.002591
5.94305		0.055844	0.003369
5.9733		0.056742	0.003047
6.00354		0.057367	0.002351
6.03378		0.058425	0.004708
6.06402		0.059501	0.002446
6.09426		0.061422	0.003197
6.12451		0.061234	0.004117
6.15475		0.062556	0.00305
6.18499		0.06288		0.004023
6.21523		0.064661	0.002377
6.24547		0.064999	0.003765
6.27572		0.064923	0.006515
6.30596		0.066304	0.002574
6.3362		0.065805	0.004811
6.36644		0.065945	0.002755
6.39668		0.066646	0.004419
6.42693		0.06612		0.004356
6.45717		0.065312	0.002523
6.48741		0.065641	0.002258
6.51765		0.066715	0.002775
6.54789		0.066749	0.002782
6.57814		0.067442	0.002568
6.60838		0.068718	0.002996
6.63862		0.069079	0.003598
6.66886		0.071676	0.003941
6.6991		0.07239		0.003518
6.72935		0.072603	0.003664
6.75959		0.072152	0.003755
6.78983		0.072227	0.003119
6.82007		0.072915	0.003493
6.85031		0.075371	0.004377
6.88056		0.076217	0.007106
6.9108		0.076866	0.004392
6.94104		0.081246	0.004648
6.97128		0.082952	0.003244
7.00152		0.080484	0.003546
7.03177		0.08881		0.004715
7.06201		0.085288	0.003766
7.09225		0.081599	0.0052
7.12249		0.084785	0.004155
7.15273		0.087728	0.004149
7.18298		0.086673	0.002989
7.21322		0.088661	0.004072
7.24346		0.089377	0.004735
7.2737		0.09015		0.004851
7.30394		0.090076	0.005567
7.33419		0.090745	0.005383
7.36443		0.093596	0.006029
7.39467		0.094797	0.005272
7.42491		0.095918	0.004776
7.45515		0.095632	0.004095
7.4854		0.098547	0.005449
7.45515		0.09165		0.003665
7.51564		0.094835	0.004272
7.57612		0.0982		0.004842
7.6366		0.109451	0.009115
7.69709		0.161891	0.006036
7.75757		0.128247	0.003382
7.81805		0.104369	0.00334
7.87854		0.110677	0.004226
7.93902		0.112325	0.004771
7.99951		0.11089		0.004538
8.05999		0.111454	0.002505
8.12047		0.109659	0.002379
8.18096		0.108089	0.003243
8.24144		0.109518	0.004696
8.30192		0.110214	0.003873
8.36241		0.111943	0.003239
8.42289		0.113794	0.008418
8.48337		0.114058	0.008819
8.54386		0.11365		0.008326
8.60434		0.115551	0.002478
8.66483		0.117335	0.003148
8.72531		0.117606	0.002393
8.78579		0.116898	0.002517
8.84628		0.117376	0.002068
8.90676		0.11628		0.002309
8.96724		0.117907	0.002516
9.02773		0.128773	0.007884
9.08821		0.134103	0.005342
9.14869		0.12297		0.004545
9.20918		0.121056	0.005492
9.26966		0.125337	0.004286
9.33015		0.123039	0.002299
9.39063		0.125642	0.002968
9.45111		0.127747	0.002424
9.5116		0.130728	0.00293
9.57208		0.141528	0.002593
9.63256		0.140964	0.003597
9.69305		0.143917	0.002756
9.75353		0.148871	0.002741
9.81401		0.146851	0.004978
9.8745		0.145583	0.003325
9.93498		0.147751	0.003131
9.99547		0.149841	0.006491
10.05595	0.153927	0.002907
10.11643	0.15959		0.007746
10.17692	0.161655	0.00268
10.2374		0.165233	0.003883
10.29788	0.168682	0.003783
10.35837	0.171573	0.003259
10.41885	0.174781	0.005751
10.47933	0.179408	0.022518
10.53982	0.241993	0.004509
10.6003		0.289453	0.01163
10.66079	0.217491	0.005693
10.72127	0.189474	0.005473
10.78175	0.198612	0.003773
10.84224	0.1987		0.003975
10.90272	0.201667	0.004122
10.9632		0.203423	0.003216
11.02369	0.206844	0.003003
11.08417	0.214817	0.005038
11.14465	0.215659	0.004268
11.20514	0.222859	0.004582
11.26562	0.237066	0.006727
11.32611	0.251734	0.006387
11.38659	0.249621	0.004234
11.44707	0.24743		0.00413
11.50756	0.246304	0.004098
11.56804	0.247099	0.004431
11.62852	0.248139	0.006068
11.68901	0.251376	0.008627
11.74949	0.252274	0.003871
11.80997	0.251793	0.004568
11.87046	0.251836	0.006022
11.93094	0.257921	0.004115
11.99143	0.263244	0.011619
12.05191	0.268615	0.006173
12.11239	0.269304	0.003781
12.17288	0.273038	0.004118
12.23336	0.276295	0.003675
12.29384	0.280865	0.013349
12.35433	0.291802	0.004263
12.41481	0.293205	0.005269
12.47529	0.292626	0.00702
12.53578	0.291915	0.003999
12.59626	0.29546		0.004997
12.65675	0.302037	0.009967
12.71723	0.306733	0.005796
12.77771	0.30987		0.004872
12.8382		0.326578	0.005891
12.89868	0.358013	0.005567
12.95916	0.347511	0.006188
13.01965	0.318071	0.006552
13.08013	0.317349	0.006193
13.14061	0.322102	0.006191
13.2011		0.328389	0.006306
13.26158	0.328541	0.005246
13.32206	0.324483	0.006041
13.38255	0.327854	0.00657
13.44303	0.329693	0.005802
13.50352	0.332999	0.005912
13.564		0.338871	0.010109
13.62448	0.344545	0.005865
13.68497	0.347605	0.006569
13.74545	0.350504	0.007672
13.80593	0.354817	0.007053
13.86642	0.360393	0.005846
13.9269		0.36278		0.006548
13.98738	0.366795	0.006699