     5.247490     2.296280    0.037650       
     5.277730     2.426909    0.030998       
     5.307970     2.520841    0.042716       
     5.338210     2.539732    0.067599       
     5.368460     2.533007    0.035149       
     5.398700     2.604087    0.015525       
     5.428940     2.768357    0.028218       
     5.459180     2.840508    0.047749       
     5.489420     2.869697    0.020233       
     5.519670     2.849441    0.044217       
     5.549910     2.766183    0.037312       
     5.580150     2.864136    0.037396       
     5.610390     3.034221    0.044983       
     5.640630     3.066693    0.026556       
     5.670880     3.065730    0.041724       
     5.701120     3.053492    0.038803       
     5.731360     3.065186    0.049898       
     5.761600     3.058957    0.020459       
     5.791840     3.090060    0.029317       
     5.822090     3.131607    0.027057       
     5.852330     3.166511    0.032008       
     5.882570     3.207831    0.054199       
     5.912810     3.249151    0.068026       
     5.943050     3.288771    0.071516       
     5.973300     3.389477    0.219423       
     6.003540     3.512834    0.246037       
     6.033780     3.593853    0.263822       
     6.064020     3.669973    0.093329       
     6.094260     3.759433    0.090647       
     6.124510     3.905074    0.063123       
     6.154750     4.171247    0.059699       
     6.184990     4.459315    0.057597       
     6.215230     4.556583    0.025814       
     6.245470     4.485636    0.031396       
     6.275720     4.364012    0.066094       
     6.305960     4.292438    0.060124       
     6.336200     4.287650    0.092670       
     6.366440     4.312674    0.120239       
     6.396680     4.318313    0.056136       
     6.426930     4.320120    0.029184       
     6.457170     4.275383    0.023426       
     6.487410     4.209161    0.029897       
     6.517650     4.178717    0.049779       
     6.547890     4.266139    0.066360       
     6.578140     4.409993    0.087547       
     6.608380     4.531482    0.103162       
     6.638620     4.652341    0.115390       
     6.668860     4.662854    0.341703       
     6.699100     4.649504    0.354578       
     6.729350     4.673449    0.331086       
     6.759590     4.719210    0.408232       
     6.789830     4.753988    0.407394       
     6.820070     4.822762    0.114579       
     6.850310     4.886199    0.100554       
     6.880560     4.999431    0.077725       
     6.910800     5.122711    0.036172       
     6.941040     5.160680    0.029209       
     6.971280     5.561749    0.036980       
     7.001520     5.655358    0.030928       
     7.031770     5.508856    0.053286       
     7.062010     5.545887    0.044797       
     7.092250     5.645166    0.036554       
     7.122490     5.729764    0.043749       
     7.152730     5.760085    0.040631       
     7.182980     5.761766    0.074144       
     7.213220     5.732555    0.088104       
     7.243460     5.760085    0.082864       
     7.273700     5.898961    0.110453       
     7.303940     6.102583    0.142708       
     7.334190     6.298191    0.428934       
     7.364430     6.400885    0.549175       
     7.394670     6.546782    0.177980       
     7.424910     6.684401    0.616033       
     7.455150     6.840130    0.618551       
     7.485400     6.980468    0.189687       
     7.455150     6.649675    0.232296       
     7.515640     6.805126    0.265351       
     7.576120     7.356716    0.213721       
     7.636600     7.924010    0.678591       
     7.697090     7.712736    0.655606       
     7.757570     7.540176    0.240408       
     7.818050     7.615285    0.233697       
     7.878540     7.668890    0.273543       
     7.939020     7.586122    0.238619       
     7.999510     7.347059    0.203265       
     8.059990     7.030784    0.174790       
     8.120470     6.706427    0.129403       
     8.180960     6.487076    0.117157       
     8.241440     6.306458    0.100195       
     8.301920     6.223466    0.067204       
     8.362410     6.135987    0.089719       
     8.422890     5.861800    0.032638       
     8.483370     4.410858    1.303564
     8.543860     6.243002    0.059373       
     8.604340     6.145536    0.045804       
     8.664830     5.899899    0.058257       
     8.725310     5.582895    0.039308       
     8.785790     5.246343    0.058652       
     8.846280     4.938612    0.046448       
     8.906760     4.649939    0.057587       
     8.967240     4.565157    0.018187       
     9.027730     4.390743    0.050032       
     9.088210     4.043024    0.027722       
     9.148690     3.861669    0.014345       
     9.209180     3.675962    0.012867       
     9.269660     3.548020    0.012775       
     9.330150     3.428964    0.016003       
     9.390630     3.366706    0.019038       
     9.451110     3.338314    0.024327       
     9.511600     3.373093    0.024468       
     9.572080     3.336516    0.023925       
     9.632560     3.345441    0.023226       
     9.693050     3.377670    0.012228       
     9.753530     3.362563    0.026152       
     9.814010     3.418095    0.018187       
     9.874500     3.512391    0.026849       
     9.934980     3.639343    0.030796       
     9.995470     3.794412    0.030183       
    10.055950     3.967819    0.017449       
    10.116430     4.133679    0.014542       
    10.176920     4.323066    0.019237       
    10.237400     4.496895    0.017266       
    10.297880     4.693679    0.022184       
    10.358370     4.935902    0.019306       
    10.418850     5.164093    0.067377       
    10.479330     5.691765    0.024082       
    10.539820     6.077532    0.022433       
    10.600300     6.055789    0.033682       
    10.660790     6.184304    0.027615       
    10.721270     6.409348    0.029013       
    10.781750     6.630870    0.028138       
    10.842240     6.851812    0.018795       
    10.902720     7.116141    0.019308       
    10.963200     7.436280    0.032175       
    11.023690     7.787382    0.022226       
    11.084170     8.182342    0.032749       
    11.144650     8.927396    0.024419       
    11.205140    10.172636    0.049737       
    11.265620    10.981900    0.042425       
    11.326110    11.076045    0.047574       
    11.386590    10.977420    0.058186       
    11.447070    11.121293    0.050044  
    11.507560    11.384104    0.031419       
    11.568040    11.704536    0.071634       
    11.628520    11.948851    0.052761       
    11.689010    12.316623    0.077322       
    11.749490    12.660285    0.265030       
    11.809970    12.989195    0.059994       
    11.870460    13.289809    0.242119       
    11.930940    13.943507    0.321927       
    11.991430    14.505162    0.282816       
    12.051910    15.012028    0.076466       
    12.112390    15.448907    0.058381       
    12.172880    15.912065    0.058148       
    12.233360    16.452497    0.079511       
    12.293840    16.999392    0.064400       
    12.354330    17.472212    0.055007       
    12.414810    17.916393    0.051260       
    12.475290    18.347912    0.159618       
    12.535780    18.759729    0.065367       
    12.596260    19.249424    0.262714       
    12.656750    19.668524    0.087936       
    12.717230    19.983013    0.058167       
    12.777710    20.964565    0.075719       
    12.838200    21.824060    0.071119       
    12.898680    20.735043    0.075622       
    12.959160    20.088503    0.066748       
    13.019650    20.213953    0.129082       
    13.080130    20.330307    0.129130       
    13.140610    20.390118    0.059842       
    13.201100    20.574942    0.064748       
    13.261580    20.674829    0.097172       
    13.322060    20.793491    0.070842       
    13.382550    20.952602    0.068953       
    13.443030    21.103624    0.208370       
    13.503520    21.307446    0.089700       
    13.564000    21.517853    0.113922       
    13.624480    21.686789    0.081514       
    13.684970    21.798599    0.073015       
    13.745450    21.934464    0.080646       
    13.805930    22.146555    0.089968       
    13.866420    22.370569    0.082204       
    13.926900    22.518217    0.067586       
    13.987380    22.739979    0.113033  
    14.069350    23.618095    0.213729       
    14.154030    24.375414    0.194271       
    14.238710    25.290224    0.254713       
    14.323380    26.781466    0.332083       
    14.408060    26.837425    0.149051       
    14.492740    26.025269    0.122571       
    14.577410    26.196627    0.192465       
    14.662090    26.544676    0.314458       
    14.746770    26.501961    0.233272       
    14.831450    26.390606    0.088354       
    14.916120    26.993923    0.592245       
    15.000800    27.383322    3.695606       
    15.085480    28.526993    1.833364       
    15.170150    28.796553    1.402778       
    15.254830    28.925987    1.402576       
    15.339510    28.762190    0.558757       
    15.424180    28.846853    0.534260       
    15.508860    30.473925    1.424504       
    15.593540    31.711578    0.518620       
    15.678210    30.307631    0.296180       
    15.762890    28.984726    0.380071       
    15.847570    29.364626    0.421374       
    15.932240    29.060989    0.382859       
    16.016920    27.153870    0.314472       
    16.101601    26.859034    0.268615       
    16.186279    27.179625    0.115626       
    16.270950    27.525700    0.320242       
    16.355631    27.918068    0.114920       
    16.440310    29.109663    0.596895       
    16.524981    29.119011    0.550839       
    16.609659    28.765923    0.391710       
    16.694340    28.769447    0.192816       
    16.779011    29.069344    0.092348       
    16.863689    29.239586    0.209243       
    16.948370    29.487167    0.265551       
    17.033039    30.336189    0.298911       
    17.117720    30.148563    0.200242       
    17.202400    29.525381    0.368017       
    17.287069    29.691185    0.097786       
    17.371750    29.847307    0.269911       
    17.456430    29.641539    0.244316       
    17.541109    29.419127    0.185328       
    17.625780    29.539642    0.323466       
    17.710461    29.715391    0.377882       
    17.795139    29.302979    0.289562       
    17.879810    29.444500    0.121326       
    17.964491    29.418873    0.188409       
    18.049170    29.392784    0.141147       
    18.133841    29.528116    0.107534       
    18.218519    29.996393    0.157007       
    18.303200    30.297514    0.111053       
    18.387871    31.087873    0.140125       
    18.472549    31.472139    0.139295       
    18.557230    31.939571    0.128541       
    18.641899    32.796036    0.209145       
    18.726580    34.221233    0.308163       
    18.811260    34.074356    0.152966       
    18.895941    33.936489    0.197565       
    18.980610    34.115551    0.171183       
    19.065290    33.990337    0.601423       
    19.149969    34.094189    0.704738       
    19.234640    33.812454    0.330057       
    19.319321    33.882057    0.123740       
    19.403999    33.642975    0.161444       
    19.488670    34.275051    0.222336       
    19.573351    34.848148    0.181719       
    19.658030    34.784649    0.291318       
    19.742701    35.070602    0.143782       
    19.827379    35.546047    0.255233       
    19.912060    36.127609    1.095289       
    19.996731    36.771729    0.288867       
    20.081409    37.116573    0.120149       
    20.166090    37.586338    0.120558       
    20.250771    38.113480    0.201830       
    20.335440    38.160606    0.137318       
    20.420120    38.545166    0.140547       
    20.504801    38.738079    0.144850                  
    20.589470    43.550251    0.294764       
    20.758829    43.467541    0.552475       
    20.928181    43.460735    0.646666       
    21.097530    44.806904    1.626899       
    21.266890    44.911129    1.378893       
    21.436239    46.259624    0.990533 