    6.39475      0.0000
    6.39525      0.0001
    6.39575      0.0002
    6.39625      0.0002
    6.39675      0.0003
    6.39725      0.0004
    6.39775      0.0004
    6.39825      0.0004
    6.39875      0.0005
    6.39925      0.0005
    6.39975      0.0005
    6.40025      0.0004
    6.40075      0.0004
    6.40125      0.0004
    6.40175      0.0004
    6.40225      0.0004
    6.40275      0.0005
    6.40325      0.0005
    6.40375      0.0006
    6.40425      0.0007
    6.40475      0.0008
    6.40525      0.0009
    6.40575      0.0010
    6.40625      0.0011
    6.40675      0.0012
    6.40725      0.0013
    6.40775      0.0013
    6.40825      0.0014
    6.40875      0.0014
    6.40925      0.0014
    6.40975      0.0015
    6.41025      0.0015
    6.41075      0.0015
    6.41125      0.0014
    6.41175      0.0014
    6.41225      0.0014
    6.41275      0.0014
    6.41325      0.0013
    6.41375      0.0013
    6.41425      0.0013
    6.41475      0.0013
    6.41525      0.0013
    6.41575      0.0013
    6.41625      0.0013
    6.41675      0.0013
    6.41725      0.0014
    6.41775      0.0015
    6.41825      0.0015
    6.41875      0.0016
    6.41925      0.0017
    6.41975      0.0018
    6.42025      0.0019
    6.42075      0.0020
    6.42125      0.0021
    6.42175      0.0022
    6.42225      0.0023
    6.42275      0.0024
    6.42325      0.0025
    6.42375      0.0026
    6.42425      0.0026
    6.42475      0.0027
    6.42525      0.0027
    6.42575      0.0027
    6.42625      0.0027
    6.42675      0.0027
    6.42725      0.0027
    6.42775      0.0026
    6.42825      0.0026
    6.42875      0.0026
    6.42925      0.0026
    6.42975      0.0026
    6.43025      0.0026
    6.43075      0.0026
    6.43125      0.0027
    6.43175      0.0028
    6.43225      0.0029
    6.43275      0.0030
    6.43325      0.0032
    6.43375      0.0034
    6.43425      0.0036
    6.43475      0.0038
    6.43525      0.0040
    6.43575      0.0042
    6.43625      0.0044
    6.43675      0.0045
    6.43725      0.0047
    6.43775      0.0048
    6.43825      0.0049
    6.43875      0.0050
    6.43925      0.0051
    6.43975      0.0052
    6.44025      0.0053
    6.44075      0.0053
    6.44125      0.0054
    6.44175      0.0055
    6.44225      0.0055
    6.44275      0.0056
    6.44325      0.0057
    6.44375      0.0057
    6.44425      0.0058
    6.44475      0.0059
    6.44525      0.0060
    6.44575      0.0062
    6.44625      0.0063
    6.44675      0.0064
    6.44725      0.0066
    6.44775      0.0067
    6.44825      0.0069
    6.44875      0.0071
    6.44925      0.0072
    6.44975      0.0074
    6.45025      0.0076
    6.45075      0.0078
    6.45125      0.0080
    6.45175      0.0082
    6.45225      0.0083
    6.45275      0.0085
    6.45325      0.0087
    6.45375      0.0089
    6.45425      0.0091
    6.45475      0.0093
    6.45525      0.0095
    6.45575      0.0096
    6.45625      0.0098
    6.45675      0.0100
    6.45725      0.0102
    6.45775      0.0104
    6.45825      0.0106
    6.45875      0.0108
    6.45925      0.0110
    6.45975      0.0113
    6.46025      0.0115
    6.46075      0.0117
    6.46125      0.0120
    6.46175      0.0123
    6.46225      0.0126
    6.46275      0.0129
    6.46325      0.0132
    6.46375      0.0135
    6.46425      0.0139
    6.46475      0.0142
    6.46525      0.0146
    6.46575      0.0149
    6.46625      0.0153
    6.46675      0.0157
    6.46725      0.0160
    6.46775      0.0164
    6.46825      0.0168
    6.46875      0.0172
    6.46925      0.0176
    6.46975      0.0180
    6.47025      0.0184
    6.47075      0.0188
    6.47125      0.0192
    6.47175      0.0196
    6.47225      0.0201
    6.47275      0.0205
    6.47325      0.0209
    6.47375      0.0213
    6.47425      0.0218
    6.47475      0.0222
    6.47525      0.0227
    6.47575      0.0231
    6.47625      0.0236
    6.47675      0.0240
    6.47725      0.0245
    6.47775      0.0250
    6.47825      0.0254
    6.47875      0.0259
    6.47925      0.0264
    6.47975      0.0269
    6.48025      0.0274
    6.48075      0.0279
    6.48125      0.0284
    6.48175      0.0290
    6.48225      0.0295
    6.48275      0.0301
    6.48325      0.0306
    6.48375      0.0312
    6.48425      0.0318
    6.48475      0.0324
    6.48525      0.0330
    6.48575      0.0337
    6.48625      0.0343
    6.48675      0.0350
    6.48725      0.0356
    6.48775      0.0363
    6.48825      0.0370
    6.48875      0.0377
    6.48925      0.0384
    6.48975      0.0391
    6.49025      0.0399
    6.49075      0.0406
    6.49125      0.0414
    6.49175      0.0422
    6.49225      0.0430
    6.49275      0.0438
    6.49325      0.0447
    6.49375      0.0455
    6.49425      0.0464
    6.49475      0.0473
    6.49525      0.0482
    6.49575      0.0492
    6.49625      0.0502
    6.49675      0.0512
    6.49725      0.0522
    6.49775      0.0533
    6.49825      0.0544
    6.49875      0.0555
    6.49925      0.0567
    6.49975      0.0578
    6.50025      0.0590
    6.50075      0.0602
    6.50125      0.0614
    6.50175      0.0626
    6.50225      0.0637
    6.50275      0.0649
    6.50325      0.0661
    6.50375      0.0673
    6.50425      0.0685
    6.50475      0.0699
    6.50525      0.0713
    6.50575      0.0728
    6.50625      0.0744
    6.50675      0.0762
    6.50725      0.0781
    6.50775      0.0799
    6.50825      0.0817
    6.50875      0.0835
    6.50925      0.0851
    6.50975      0.0866
    6.51025      0.0881
    6.51075      0.0896
    6.51125      0.0911
    6.51175      0.0926
    6.51225      0.0942
    6.51275      0.0958
    6.51325      0.0974
    6.51375      0.0991
    6.51425      0.1009
    6.51475      0.1026
    6.51525      0.1044
    6.51575      0.1062
    6.51625      0.1080
    6.51675      0.1098
    6.51725      0.1116
    6.51775      0.1133
    6.51825      0.1151
    6.51875      0.1168
    6.51925      0.1185
    6.51975      0.1202
    6.52025      0.1219
    6.52075      0.1235
    6.52125      0.1251
    6.52175      0.1268
    6.52225      0.1284
    6.52275      0.1302
    6.52325      0.1320
    6.52375      0.1341
    6.52425      0.1362
    6.52475      0.1384
    6.52525      0.1406
    6.52575      0.1427
    6.52625      0.1447
    6.52675      0.1466
    6.52725      0.1484
    6.52775      0.1502
    6.52825      0.1520
    6.52875      0.1537
    6.52925      0.1555
    6.52975      0.1572
    6.53025      0.1590
    6.53075      0.1607
    6.53125      0.1623
    6.53175      0.1639
    6.53225      0.1654
    6.53275      0.1667
    6.53325      0.1680
    6.53375      0.1692
    6.53425      0.1704
    6.53475      0.1716
    6.53525      0.1727
    6.53575      0.1739
    6.53625      0.1752
    6.53675      0.1764
    6.53725      0.1777
    6.53775      0.1790
    6.53825      0.1802
    6.53875      0.1814
    6.53925      0.1826
    6.53975      0.1837
    6.54025      0.1847
    6.54075      0.1857
    6.54125      0.1866
    6.54175      0.1874
    6.54225      0.1882
    6.54275      0.1889
    6.54325      0.1896
    6.54375      0.1902
    6.54425      0.1907
    6.54475      0.1912
    6.54525      0.1916
    6.54575      0.1920
    6.54625      0.1923
    6.54675      0.1926
    6.54725      0.1929
    6.54775      0.1932
    6.54825      0.1934
    6.54875      0.1936
    6.54925      0.1937
    6.54975      0.1938
    6.55025      0.1939
    6.55075      0.1939
    6.55125      0.1938
    6.55175      0.1938
    6.55225      0.1936
    6.55275      0.1934
    6.55325      0.1932
    6.55375      0.1930
    6.55425      0.1927
    6.55475      0.1923
    6.55525      0.1920
    6.55575      0.1916
    6.55625      0.1912
    6.55675      0.1907
    6.55725      0.1903
    6.55775      0.1898
    6.55825      0.1893
    6.55875      0.1888
    6.55925      0.1883
    6.55975      0.1877
    6.56025      0.1872
    6.56075      0.1866
    6.56125      0.1861
    6.56175      0.1855
    6.56225      0.1850
    6.56275      0.1844
    6.56325      0.1838
    6.56375      0.1832
    6.56425      0.1826
    6.56475      0.1820
    6.56525      0.1814
    6.56575      0.1808
    6.56625      0.1801
    6.56675      0.1795
    6.56725      0.1788
    6.56775      0.1781
    6.56825      0.1774
    6.56875      0.1767
    6.56925      0.1759
    6.56975      0.1752
    6.57025      0.1744
    6.57075      0.1736
    6.57125      0.1727
    6.57175      0.1719
    6.57225      0.1711
    6.57275      0.1703
    6.57325      0.1695
    6.57375      0.1688
    6.57425      0.1681
    6.57475      0.1674
    6.57525      0.1668
    6.57575      0.1662
    6.57625      0.1657
    6.57675      0.1653
    6.57725      0.1648
    6.57775      0.1644
    6.57825      0.1640
    6.57875      0.1636
    6.57925      0.1632
    6.57975      0.1628
    6.58025      0.1624
    6.58075      0.1620
    6.58125      0.1616
    6.58175      0.1612
    6.58225      0.1608
    6.58275      0.1603
    6.58325      0.1599
    6.58375      0.1594
    6.58425      0.1590
    6.58475      0.1586
    6.58525      0.1581
    6.58575      0.1577
    6.58625      0.1573
    6.58675      0.1569
    6.58725      0.1566
    6.58775      0.1562
    6.58825      0.1559
    6.58875      0.1557
    6.58925      0.1554
    6.58975      0.1552
    6.59025      0.1550
    6.59075      0.1549
    6.59125      0.1548
    6.59175      0.1547
    6.59225      0.1546
    6.59275      0.1545
    6.59325      0.1544
    6.59375      0.1544
    6.59425      0.1543
    6.59475      0.1543
    6.59525      0.1543
    6.59575      0.1542
    6.59625      0.1542
    6.59675      0.1542
    6.59725      0.1541
    6.59775      0.1541
    6.59825      0.1540
    6.59875      0.1540
    6.59925      0.1539
    6.59975      0.1538
    6.60025      0.1537
    6.60075      0.1537
    6.60125      0.1536
    6.60175      0.1535
    6.60225      0.1535
    6.60275      0.1534
    6.60325      0.1534
    6.60375      0.1534
    6.60425      0.1534
    6.60475      0.1534
    6.60525      0.1534
    6.60575      0.1535
    6.60625      0.1536
    6.60675      0.1537
    6.60725      0.1538
    6.60775      0.1539
    6.60825      0.1541
    6.60875      0.1543
    6.60925      0.1545
    6.60975      0.1547
    6.61025      0.1549
    6.61075      0.1551
    6.61125      0.1554
    6.61175      0.1556
    6.61225      0.1559
    6.61275      0.1562
    6.61325      0.1564
    6.61375      0.1567
    6.61425      0.1570
    6.61475      0.1573
    6.61525      0.1575
    6.61575      0.1578
    6.61625      0.1581
    6.61675      0.1584
    6.61725      0.1587
    6.61775      0.1590
    6.61825      0.1593
    6.61875      0.1596
    6.61925      0.1600
    6.61975      0.1603
    6.62025      0.1606
    6.62075      0.1610
    6.62125      0.1614
    6.62175      0.1617
    6.62225      0.1621
    6.62275      0.1625
    6.62325      0.1629
    6.62375      0.1634
    6.62425      0.1638
    6.62475      0.1642
    6.62525      0.1647
    6.62575      0.1652
    6.62625      0.1657
    6.62675      0.1662
    6.62725      0.1666
    6.62775      0.1671
    6.62825      0.1676
    6.62875      0.1681
    6.62925      0.1686
    6.62975      0.1691
    6.63025      0.1696
    6.63075      0.1700
    6.63125      0.1705
    6.63175      0.1709
    6.63225      0.1714
    6.63275      0.1718
    6.63325      0.1722
    6.63375      0.1727
    6.63425      0.1731
    6.63475      0.1735
    6.63525      0.1740
    6.63575      0.1744
    6.63625      0.1748
    6.63675      0.1753
    6.63725      0.1758
    6.63775      0.1763
    6.63825      0.1768
    6.63875      0.1773
    6.63925      0.1778
    6.63975      0.1784
    6.64025      0.1789
    6.64075      0.1795
    6.64125      0.1800
    6.64175      0.1806
    6.64225      0.1812
    6.64275      0.1817
    6.64325      0.1823
    6.64375      0.1828
    6.64425      0.1833
    6.64475      0.1839
    6.64525      0.1844
    6.64575      0.1848
    6.64625      0.1853
    6.64675      0.1857
    6.64725      0.1862
    6.64775      0.1866
    6.64825      0.1870
    6.64875      0.1873
    6.64925      0.1877
    6.64975      0.1881
    6.65025      0.1884
    6.65075      0.1888
    6.65125      0.1891
    6.65175      0.1894
    6.65225      0.1897
    6.65275      0.1900
    6.65325      0.1903
    6.65375      0.1906
    6.65425      0.1909
    6.65475      0.1912
    6.65525      0.1914
    6.65575      0.1917
    6.65625      0.1919
    6.65675      0.1921
    6.65725      0.1923
    6.65775      0.1925
    6.65825      0.1927
    6.65875      0.1928
    6.65925      0.1930
    6.65975      0.1931
    6.66025      0.1932
    6.66075      0.1933
    6.66125      0.1934
    6.66175      0.1934
    6.66225      0.1934
    6.66275      0.1935
    6.66325      0.1934
    6.66375      0.1934
    6.66425      0.1934
    6.66475      0.1933
    6.66525      0.1933
    6.66575      0.1932
    6.66625      0.1931
    6.66675      0.1930
    6.66725      0.1929
    6.66775      0.1928
    6.66825      0.1927
    6.66875      0.1925
    6.66925      0.1923
    6.66975      0.1921
    6.67025      0.1919
    6.67075      0.1917
    6.67125      0.1915
    6.67175      0.1912
    6.67225      0.1909
    6.67275      0.1906
    6.67325      0.1902
    6.67375      0.1898
    6.67425      0.1894
    6.67475      0.1889
    6.67525      0.1885
    6.67575      0.1879
    6.67625      0.1874
    6.67675      0.1867
    6.67725      0.1861
    6.67775      0.1854
    6.67825      0.1847
    6.67875      0.1840
    6.67925      0.1832
    6.67975      0.1824
    6.68025      0.1816
    6.68075      0.1807
    6.68125      0.1798
    6.68175      0.1789
    6.68225      0.1780
    6.68275      0.1770
    6.68325      0.1760
    6.68375      0.1750
    6.68425      0.1740
    6.68475      0.1729
    6.68525      0.1718
    6.68575      0.1707
    6.68625      0.1696
    6.68675      0.1684
    6.68725      0.1672
    6.68775      0.1660
    6.68825      0.1647
    6.68875      0.1635
    6.68925      0.1621
    6.68975      0.1608
    6.69025      0.1594
    6.69075      0.1580
    6.69125      0.1566
    6.69175      0.1552
    6.69225      0.1537
    6.69275      0.1522
    6.69325      0.1507
    6.69375      0.1492
    6.69425      0.1476
    6.69475      0.1461
    6.69525      0.1445
    6.69575      0.1429
    6.69625      0.1413
    6.69675      0.1396
    6.69725      0.1380
    6.69775      0.1363
    6.69825      0.1347
    6.69875      0.1330
    6.69925      0.1313
    6.69975      0.1297
    6.70025      0.1280
    6.70075      0.1264
    6.70125      0.1248
    6.70175      0.1232
    6.70225      0.1216
    6.70275      0.1200
    6.70325      0.1184
    6.70375      0.1169
    6.70425      0.1153
    6.70475      0.1138
    6.70525      0.1123
    6.70575      0.1107
    6.70625      0.1091
    6.70675      0.1076
    6.70725      0.1060
    6.70775      0.1044
    6.70825      0.1028
    6.70875      0.1011
    6.70925      0.0995
    6.70975      0.0979
    6.71025      0.0962
    6.71075      0.0946
    6.71125      0.0929
    6.71175      0.0913
    6.71225      0.0897
    6.71275      0.0880
    6.71325      0.0864
    6.71375      0.0849
    6.71425      0.0833
    6.71475      0.0817
    6.71525      0.0802
    6.71575      0.0787
    6.71625      0.0772
    6.71675      0.0757
    6.71725      0.0742
    6.71775      0.0728
    6.71825      0.0714
    6.71875      0.0700
    6.71925      0.0686
    6.71975      0.0673
    6.72025      0.0660
    6.72075      0.0647
    6.72125      0.0634
    6.72175      0.0622
    6.72225      0.0609
    6.72275      0.0597
    6.72325      0.0585
    6.72375      0.0573
    6.72425      0.0561
    6.72475      0.0549
    6.72525      0.0537
    6.72575      0.0526
    6.72625      0.0514
    6.72675      0.0503
    6.72725      0.0491
    6.72775      0.0480
    6.72825      0.0469
    6.72875      0.0459
    6.72925      0.0448
    6.72975      0.0438
    6.73025      0.0429
    6.73075      0.0419
    6.73125      0.0410
    6.73175      0.0402
    6.73225      0.0394
    6.73275      0.0386
    6.73325      0.0379
    6.73375      0.0372
    6.73425      0.0365
    6.73475      0.0358
    6.73525      0.0352
    6.73575      0.0346
    6.73625      0.0339
    6.73675      0.0333
    6.73725      0.0328
    6.73775      0.0322
    6.73825      0.0316
    6.73875      0.0310
    6.73925      0.0304
    6.73975      0.0298
    6.74025      0.0293
    6.74075      0.0287
    6.74125      0.0281
    6.74175      0.0275
    6.74225      0.0269
    6.74275      0.0264
    6.74325      0.0258
    6.74375      0.0252
    6.74425      0.0247
    6.74475      0.0241
    6.74525      0.0236
    6.74575      0.0231
    6.74625      0.0226
    6.74675      0.0220
    6.74725      0.0216
    6.74775      0.0211
    6.74825      0.0206
    6.74875      0.0202
    6.74925      0.0197
    6.74975      0.0193
    6.75025      0.0189
    6.75075      0.0185
    6.75125      0.0181
    6.75175      0.0177
    6.75225      0.0174
    6.75275      0.0170
    6.75325      0.0167
    6.75375      0.0163
    6.75425      0.0160
    6.75475      0.0157
    6.75525      0.0154
    6.75575      0.0150
    6.75625      0.0147
    6.75675      0.0144
    6.75725      0.0142
    6.75775      0.0139
    6.75825      0.0136
    6.75875      0.0134
    6.75925      0.0131
    6.75975      0.0129
    6.76025      0.0126
    6.76075      0.0124
    6.76125      0.0122
    6.76175      0.0120
    6.76225      0.0117
    6.76275      0.0115
    6.76325      0.0113
    6.76375      0.0111
    6.76425      0.0109
    6.76475      0.0108
    6.76525      0.0106
    6.76575      0.0104
    6.76625      0.0102
    6.76675      0.0100
    6.76725      0.0098
    6.76775      0.0097
    6.76825      0.0095
    6.76875      0.0093
    6.76925      0.0092
    6.76975      0.0090
    6.77025      0.0088
    6.77075      0.0086
    6.77125      0.0085
    6.77175      0.0083
    6.77225      0.0082
    6.77275      0.0080
    6.77325      0.0078
    6.77375      0.0077
    6.77425      0.0075
    6.77475      0.0074
    6.77525      0.0073
    6.77575      0.0071
    6.77625      0.0070
    6.77675      0.0069
    6.77725      0.0067
    6.77775      0.0066
    6.77825      0.0065
    6.77875      0.0064
    6.77925      0.0063
    6.77975      0.0061
    6.78025      0.0060
    6.78075      0.0059
    6.78125      0.0058
    6.78175      0.0057
    6.78225      0.0056
    6.78275      0.0055
    6.78325      0.0055
    6.78375      0.0054
    6.78425      0.0053
    6.78475      0.0052
    6.78525      0.0051
    6.78575      0.0050
    6.78625      0.0050
    6.78675      0.0049
    6.78725      0.0048
    6.78775      0.0047
    6.78825      0.0047
    6.78875      0.0046
    6.78925      0.0045
    6.78975      0.0045
    6.79025      0.0044
    6.79075      0.0043
    6.79125      0.0043
    6.79175      0.0042
    6.79225      0.0042
    6.79275      0.0041
    6.79325      0.0040
    6.79375      0.0040
    6.79425      0.0039
    6.79475      0.0039
    6.79525      0.0038
    6.79575      0.0038
    6.79625      0.0037
    6.79675      0.0037
    6.79725      0.0036
    6.79775      0.0036
    6.79825      0.0035
    6.79875      0.0034
    6.79925      0.0034
    6.79975      0.0033
    6.80025      0.0033
    6.80075      0.0032
    6.80125      0.0032
    6.80175      0.0031
    6.80225      0.0031
    6.80275      0.0030
    6.80325      0.0029
    6.80375      0.0029
    6.80425      0.0028
    6.80475      0.0028
    6.80525      0.0027
    6.80575      0.0026
    6.80625      0.0026
    6.80675      0.0025
    6.80725      0.0024
    6.80775      0.0024
    6.80825      0.0023
    6.80875      0.0023
    6.80925      0.0022
    6.80975      0.0022
    6.81025      0.0021
    6.81075      0.0021
    6.81125      0.0020
    6.81175      0.0020
    6.81225      0.0019
    6.81275      0.0019
    6.81325      0.0019
    6.81375      0.0018
    6.81425      0.0018
    6.81475      0.0018
    6.81525      0.0017
    6.81575      0.0017
    6.81625      0.0017
    6.81675      0.0017
    6.81725      0.0017
    6.81775      0.0016
    6.81825      0.0016
    6.81875      0.0016
    6.81925      0.0016
    6.81975      0.0015
    6.82025      0.0015
    6.82075      0.0015
    6.82125      0.0015
    6.82175      0.0015
    6.82225      0.0014
    6.82275      0.0014
    6.82325      0.0014
    6.82375      0.0013
    6.82425      0.0013
    6.82475      0.0013
    6.82525      0.0012
    6.82575      0.0012
    6.82625      0.0012
    6.82675      0.0011
    6.82725      0.0011
    6.82775      0.0011
    6.82825      0.0011
    6.82875      0.0010
    6.82925      0.0010
    6.82975      0.0010
    6.83025      0.0010
    6.83075      0.0009
    6.83125      0.0009
    6.83175      0.0009
    6.83225      0.0009
    6.83275      0.0009
    6.83325      0.0009
    6.83375      0.0009
    6.83425      0.0009
    6.83475      0.0009
    6.83525      0.0009
    6.83575      0.0009
    6.83625      0.0009
    6.83675      0.0009
    6.83725      0.0009
    6.83775      0.0009
    6.83825      0.0009
    6.83875      0.0009
    6.83925      0.0009
    6.83975      0.0009
    6.84025      0.0009
    6.84075      0.0009
    6.84125      0.0009
    6.84175      0.0009
    6.84225      0.0009
    6.84275      0.0009
    6.84325      0.0009
    6.84375      0.0009
    6.84425      0.0009
    6.84475      0.0009
    6.84525      0.0009
    6.84575      0.0009
    6.84625      0.0009
    6.84675      0.0009
    6.84725      0.0009
    6.84775      0.0009
    6.84825      0.0009
    6.84875      0.0009
    6.84925      0.0009
    6.84975      0.0009
    6.85025      0.0008
    6.85075      0.0008
    6.85125      0.0008
    6.85175      0.0007
    6.85225      0.0007
    6.85275      0.0007
    6.85325      0.0006
    6.85375      0.0006
    6.85425      0.0005
    6.85475      0.0005
    6.85525      0.0004
    6.85575      0.0004