    7.34475      0.0001
    7.34525      0.0010
    7.34575      0.0019
    7.34625      0.0028
    7.34675      0.0037
    7.34725      0.0045
    7.34775      0.0053
    7.34825      0.0060
    7.34875      0.0068
    7.34925      0.0075
    7.34975      0.0081
    7.35025      0.0088
    7.35075      0.0094
    7.35125      0.0100
    7.35175      0.0105
    7.35225      0.0111
    7.35275      0.0116
    7.35325      0.0121
    7.35375      0.0125
    7.35425      0.0129
    7.35475      0.0133
    7.35525      0.0136
    7.35575      0.0140
    7.35625      0.0142
    7.35675      0.0145
    7.35725      0.0147
    7.35775      0.0149
    7.35825      0.0151
    7.35875      0.0152
    7.35925      0.0153
    7.35975      0.0154
    7.36025      0.0155
    7.36075      0.0155
    7.36125      0.0155
    7.36175      0.0155
    7.36225      0.0154
    7.36275      0.0153
    7.36325      0.0152
    7.36375      0.0151
    7.36425      0.0150
    7.36475      0.0148
    7.36525      0.0146
    7.36575      0.0143
    7.36625      0.0141
    7.36675      0.0138
    7.36725      0.0135
    7.36775      0.0132
    7.36825      0.0129
    7.36875      0.0126
    7.36925      0.0123
    7.36975      0.0120
    7.37025      0.0117
    7.37075      0.0114
    7.37125      0.0112
    7.37175      0.0110
    7.37225      0.0108
    7.37275      0.0106
    7.37325      0.0105
    7.37375      0.0105
    7.37425      0.0105
    7.37475      0.0105
    7.37525      0.0106
    7.37575      0.0108
    7.37625      0.0110
    7.37675      0.0113
    7.37725      0.0117
    7.37775      0.0122
    7.37825      0.0127
    7.37875      0.0134
    7.37925      0.0140
    7.37975      0.0148
    7.38025      0.0156
    7.38075      0.0165
    7.38125      0.0175
    7.38175      0.0185
    7.38225      0.0196
    7.38275      0.0208
    7.38325      0.0220
    7.38375      0.0233
    7.38425      0.0247
    7.38475      0.0261
    7.38525      0.0276
    7.38575      0.0292
    7.38625      0.0309
    7.38675      0.0326
    7.38725      0.0344
    7.38775      0.0363
    7.38825      0.0382
    7.38875      0.0402
    7.38925      0.0421
    7.38975      0.0441
    7.39025      0.0461
    7.39075      0.0481
    7.39125      0.0501
    7.39175      0.0520
    7.39225      0.0539
    7.39275      0.0558
    7.39325      0.0576
    7.39375      0.0593
    7.39425      0.0609
    7.39475      0.0624
    7.39525      0.0638
    7.39575      0.0650
    7.39625      0.0661
    7.39675      0.0671
    7.39725      0.0679
    7.39775      0.0685
    7.39825      0.0690
    7.39875      0.0693
    7.39925      0.0694
    7.39975      0.0695
    7.40025      0.0694
    7.40075      0.0692
    7.40125      0.0689
    7.40175      0.0685
    7.40225      0.0680
    7.40275      0.0675
    7.40325      0.0669
    7.40375      0.0662
    7.40425      0.0655
    7.40475      0.0648
    7.40525      0.0640
    7.40575      0.0632
    7.40625      0.0624
    7.40675      0.0616
    7.40725      0.0608
    7.40775      0.0601
    7.40825      0.0593
    7.40875      0.0586
    7.40925      0.0579
    7.40975      0.0573
    7.41025      0.0566
    7.41075      0.0560
    7.41125      0.0554
    7.41175      0.0549
    7.41225      0.0544
    7.41275      0.0539
    7.41325      0.0534
    7.41375      0.0530
    7.41425      0.0526
    7.41475      0.0523
    7.41525      0.0520
    7.41575      0.0517
    7.41625      0.0514
    7.41675      0.0513
    7.41725      0.0511
    7.41775      0.0510
    7.41825      0.0510
    7.41875      0.0510
    7.41925      0.0510
    7.41975      0.0511
    7.42025      0.0512
    7.42075      0.0514
    7.42125      0.0517
    7.42175      0.0519
    7.42225      0.0523
    7.42275      0.0526
    7.42325      0.0531
    7.42375      0.0535
    7.42425      0.0540
    7.42475      0.0546
    7.42525      0.0552
    7.42575      0.0558
    7.42625      0.0565
    7.42675      0.0572
    7.42725      0.0580
    7.42775      0.0588
    7.42825      0.0597
    7.42875      0.0606
    7.42925      0.0616
    7.42975      0.0626
    7.43025      0.0636
    7.43075      0.0647
    7.43125      0.0658
    7.43175      0.0670
    7.43225      0.0682
    7.43275      0.0694
    7.43325      0.0706
    7.43375      0.0719
    7.43425      0.0732
    7.43475      0.0744
    7.43525      0.0757
    7.43575      0.0770
    7.43625      0.0783
    7.43675      0.0796
    7.43725      0.0809
    7.43775      0.0821
    7.43825      0.0834
    7.43875      0.0846
    7.43925      0.0859
    7.43975      0.0871
    7.44025      0.0882
    7.44075      0.0894
    7.44125      0.0906
    7.44175      0.0917
    7.44225      0.0928
    7.44275      0.0939
    7.44325      0.0950
    7.44375      0.0961
    7.44425      0.0971
    7.44475      0.0982
    7.44525      0.0993
    7.44575      0.1004
    7.44625      0.1015
    7.44675      0.1026
    7.44725      0.1037
    7.44775      0.1048
    7.44825      0.1059
    7.44875      0.1071
    7.44925      0.1083
    7.44975      0.1095
    7.45025      0.1107
    7.45075      0.1119
    7.45125      0.1132
    7.45175      0.1145
    7.45225      0.1158
    7.45275      0.1172
    7.45325      0.1185
    7.45375      0.1199
    7.45425      0.1213
    7.45475      0.1226
    7.45525      0.1240
    7.45575      0.1254
    7.45625      0.1268
    7.45675      0.1282
    7.45725      0.1296
    7.45775      0.1310
    7.45825      0.1323
    7.45875      0.1337
    7.45925      0.1350
    7.45975      0.1364
    7.46025      0.1377
    7.46075      0.1390
    7.46125      0.1402
    7.46175      0.1415
    7.46225      0.1427
    7.46275      0.1439
    7.46325      0.1450
    7.46375      0.1462
    7.46425      0.1473
    7.46475      0.1484
    7.46525      0.1495
    7.46575      0.1506
    7.46625      0.1517
    7.46675      0.1527
    7.46725      0.1538
    7.46775      0.1548
    7.46825      0.1558
    7.46875      0.1568
    7.46925      0.1578
    7.46975      0.1588
    7.47025      0.1598
    7.47075      0.1608
    7.47125      0.1617
    7.47175      0.1627
    7.47225      0.1636
    7.47275      0.1646
    7.47325      0.1655
    7.47375      0.1665
    7.47425      0.1674
    7.47475      0.1683
    7.47525      0.1692
    7.47575      0.1701
    7.47625      0.1710
    7.47675      0.1719
    7.47725      0.1728
    7.47775      0.1737
    7.47825      0.1745
    7.47875      0.1754
    7.47925      0.1762
    7.47975      0.1770
    7.48025      0.1778
    7.48075      0.1786
    7.48125      0.1794
    7.48175      0.1802
    7.48225      0.1809
    7.48275      0.1817
    7.48325      0.1824
    7.48375      0.1831
    7.48425      0.1838
    7.48475      0.1845
    7.48525      0.1852
    7.48575      0.1858
    7.48625      0.1865
    7.48675      0.1871
    7.48725      0.1877
    7.48775      0.1883
    7.48825      0.1889
    7.48875      0.1894
    7.48925      0.1900
    7.48975      0.1905
    7.49025      0.1911
    7.49075      0.1916
    7.49125      0.1921
    7.49175      0.1925
    7.49225      0.1930
    7.49275      0.1935
    7.49325      0.1939
    7.49375      0.1943
    7.49425      0.1947
    7.49475      0.1951
    7.49525      0.1954
    7.49575      0.1958
    7.49625      0.1961
    7.49675      0.1964
    7.49725      0.1967
    7.49775      0.1970
    7.49825      0.1973
    7.49875      0.1975
    7.49925      0.1978
    7.49975      0.1980
    7.50025      0.1983
    7.50075      0.1985
    7.50125      0.1987
    7.50175      0.1989
    7.50225      0.1990
    7.50275      0.1992
    7.50325      0.1994
    7.50375      0.1995
    7.50425      0.1997
    7.50475      0.1998
    7.50525      0.1999
    7.50575      0.2000
    7.50625      0.2001
    7.50675      0.2002
    7.50725      0.2003
    7.50775      0.2004
    7.50825      0.2005
    7.50875      0.2006
    7.50925      0.2006
    7.50975      0.2007
    7.51025      0.2007
    7.51075      0.2008
    7.51125      0.2008
    7.51175      0.2009
    7.51225      0.2009
    7.51275      0.2009
    7.51325      0.2009
    7.51375      0.2010
    7.51425      0.2010
    7.51475      0.2010
    7.51525      0.2010
    7.51575      0.2010
    7.51625      0.2010
    7.51675      0.2010
    7.51725      0.2010
    7.51775      0.2010
    7.51825      0.2010
    7.51875      0.2010
    7.51925      0.2010
    7.51975      0.2010
    7.52025      0.2010
    7.52075      0.2009
    7.52125      0.2009
    7.52175      0.2009
    7.52225      0.2009
    7.52275      0.2008
    7.52325      0.2008
    7.52375      0.2007
    7.52425      0.2007
    7.52475      0.2006
    7.52525      0.2005
    7.52575      0.2005
    7.52625      0.2004
    7.52675      0.2003
    7.52725      0.2002
    7.52775      0.2001
    7.52825      0.2000
    7.52875      0.1999
    7.52925      0.1998
    7.52975      0.1997
    7.53025      0.1996
    7.53075      0.1995
    7.53125      0.1994
    7.53175      0.1993
    7.53225      0.1993
    7.53275      0.1992
    7.53325      0.1991
    7.53375      0.1990
    7.53425      0.1990
    7.53475      0.1989
    7.53525      0.1989
    7.53575      0.1989
    7.53625      0.1989
    7.53675      0.1989
    7.53725      0.1989
    7.53775      0.1989
    7.53825      0.1990
    7.53875      0.1990
    7.53925      0.1991
    7.53975      0.1991
    7.54025      0.1992
    7.54075      0.1993
    7.54125      0.1994
    7.54175      0.1995
    7.54225      0.1996
    7.54275      0.1997
    7.54325      0.1998
    7.54375      0.1999
    7.54425      0.2000
    7.54475      0.2001
    7.54525      0.2003
    7.54575      0.2004
    7.54625      0.2004
    7.54675      0.2005
    7.54725      0.2006
    7.54775      0.2007
    7.54825      0.2008
    7.54875      0.2008
    7.54925      0.2009
    7.54975      0.2009
    7.55025      0.2010
    7.55075      0.2010
    7.55125      0.2010
    7.55175      0.2011
    7.55225      0.2011
    7.55275      0.2011
    7.55325      0.2011
    7.55375      0.2012
    7.55425      0.2012
    7.55475      0.2012
    7.55525      0.2013
    7.55575      0.2013
    7.55625      0.2014
    7.55675      0.2015
    7.55725      0.2015
    7.55775      0.2016
    7.55825      0.2017
    7.55875      0.2018
    7.55925      0.2019
    7.55975      0.2020
    7.56025      0.2022
    7.56075      0.2023
    7.56125      0.2025
    7.56175      0.2027
    7.56225      0.2028
    7.56275      0.2030
    7.56325      0.2032
    7.56375      0.2034
    7.56425      0.2036
    7.56475      0.2038
    7.56525      0.2040
    7.56575      0.2041
    7.56625      0.2043
    7.56675      0.2045
    7.56725      0.2047
    7.56775      0.2049
    7.56825      0.2050
    7.56875      0.2052
    7.56925      0.2053
    7.56975      0.2055
    7.57025      0.2056
    7.57075      0.2057
    7.57125      0.2058
    7.57175      0.2059
    7.57225      0.2060
    7.57275      0.2061
    7.57325      0.2061
    7.57375      0.2062
    7.57425      0.2063
    7.57475      0.2063
    7.57525      0.2064
    7.57575      0.2065
    7.57625      0.2066
    7.57675      0.2066
    7.57725      0.2067
    7.57775      0.2068
    7.57825      0.2069
    7.57875      0.2070
    7.57925      0.2071
    7.57975      0.2073
    7.58025      0.2074
    7.58075      0.2076
    7.58125      0.2078
    7.58175      0.2080
    7.58225      0.2082
    7.58275      0.2084
    7.58325      0.2086
    7.58375      0.2089
    7.58425      0.2092
    7.58475      0.2094
    7.58525      0.2097
    7.58575      0.2100
    7.58625      0.2102
    7.58675      0.2105
    7.58725      0.2107
    7.58775      0.2110
    7.58825      0.2112
    7.58875      0.2115
    7.58925      0.2117
    7.58975      0.2119
    7.59025      0.2121
    7.59075      0.2123
    7.59125      0.2124
    7.59175      0.2125
    7.59225      0.2126
    7.59275      0.2127
    7.59325      0.2128
    7.59375      0.2128
    7.59425      0.2128
    7.59475      0.2128
    7.59525      0.2127
    7.59575      0.2127
    7.59625      0.2126
    7.59675      0.2125
    7.59725      0.2124
    7.59775      0.2123
    7.59825      0.2122
    7.59875      0.2120
    7.59925      0.2119
    7.59975      0.2117
    7.60025      0.2116
    7.60075      0.2114
    7.60125      0.2112
    7.60175      0.2111
    7.60225      0.2109
    7.60275      0.2107
    7.60325      0.2106
    7.60375      0.2104
    7.60425      0.2103
    7.60475      0.2101
    7.60525      0.2100
    7.60575      0.2098
    7.60625      0.2097
    7.60675      0.2096
    7.60725      0.2095
    7.60775      0.2095
    7.60825      0.2094
    7.60875      0.2094
    7.60925      0.2094
    7.60975      0.2094
    7.61025      0.2095
    7.61075      0.2096
    7.61125      0.2097
    7.61175      0.2099
    7.61225      0.2101
    7.61275      0.2104
    7.61325      0.2107
    7.61375      0.2110
    7.61425      0.2114
    7.61475      0.2119
    7.61525      0.2124
    7.61575      0.2130
    7.61625      0.2136
    7.61675      0.2143
    7.61725      0.2150
    7.61775      0.2158
    7.61825      0.2166
    7.61875      0.2175
    7.61925      0.2185
    7.61975      0.2194
    7.62025      0.2205
    7.62075      0.2216
    7.62125      0.2227
    7.62175      0.2239
    7.62225      0.2252
    7.62275      0.2265
    7.62325      0.2278
    7.62375      0.2292
    7.62425      0.2307
    7.62475      0.2322
    7.62525      0.2338
    7.62575      0.2354
    7.62625      0.2371
    7.62675      0.2389
    7.62725      0.2406
    7.62775      0.2424
    7.62825      0.2443
    7.62875      0.2461
    7.62925      0.2479
    7.62975      0.2498
    7.63025      0.2516
    7.63075      0.2533
    7.63125      0.2551
    7.63175      0.2568
    7.63225      0.2585
    7.63275      0.2601
    7.63325      0.2616
    7.63375      0.2631
    7.63425      0.2644
    7.63475      0.2657
    7.63525      0.2669
    7.63575      0.2679
    7.63625      0.2689
    7.63675      0.2697
    7.63725      0.2703
    7.63775      0.2709
    7.63825      0.2713
    7.63875      0.2716
    7.63925      0.2718
    7.63975      0.2719
    7.64025      0.2719
    7.64075      0.2718
    7.64125      0.2717
    7.64175      0.2716
    7.64225      0.2714
    7.64275      0.2712
    7.64325      0.2709
    7.64375      0.2707
    7.64425      0.2704
    7.64475      0.2702
    7.64525      0.2700
    7.64575      0.2698
    7.64625      0.2696
    7.64675      0.2695
    7.64725      0.2694
    7.64775      0.2695
    7.64825      0.2695
    7.64875      0.2697
    7.64925      0.2700
    7.64975      0.2703
    7.65025      0.2706
    7.65075      0.2711
    7.65125      0.2715
    7.65175      0.2720
    7.65225      0.2726
    7.65275      0.2731
    7.65325      0.2737
    7.65375      0.2742
    7.65425      0.2748
    7.65475      0.2754
    7.65525      0.2759
    7.65575      0.2765
    7.65625      0.2770
    7.65675      0.2774
    7.65725      0.2779
    7.65775      0.2783
    7.65825      0.2786
    7.65875      0.2788
    7.65925      0.2790
    7.65975      0.2791
    7.66025      0.2792
    7.66075      0.2791
    7.66125      0.2790
    7.66175      0.2789
    7.66225      0.2787
    7.66275      0.2785
    7.66325      0.2782
    7.66375      0.2779
    7.66425      0.2775
    7.66475      0.2772
    7.66525      0.2768
    7.66575      0.2765
    7.66625      0.2761
    7.66675      0.2758
    7.66725      0.2754
    7.66775      0.2751
    7.66825      0.2748
    7.66875      0.2745
    7.66925      0.2743
    7.66975      0.2741
    7.67025      0.2740
    7.67075      0.2740
    7.67125      0.2740
    7.67175      0.2740
    7.67225      0.2742
    7.67275      0.2743
    7.67325      0.2745
    7.67375      0.2747
    7.67425      0.2750
    7.67475      0.2753
    7.67525      0.2755
    7.67575      0.2758
    7.67625      0.2761
    7.67675      0.2764
    7.67725      0.2767
    7.67775      0.2769
    7.67825      0.2771
    7.67875      0.2773
    7.67925      0.2775
    7.67975      0.2776
    7.68025      0.2776
    7.68075      0.2776
    7.68125      0.2775
    7.68175      0.2774
    7.68225      0.2771
    7.68275      0.2768
    7.68325      0.2765
    7.68375      0.2760
    7.68425      0.2755
    7.68475      0.2749
    7.68525      0.2743
    7.68575      0.2737
    7.68625      0.2730
    7.68675      0.2723
    7.68725      0.2716
    7.68775      0.2708
    7.68825      0.2701
    7.68875      0.2693
    7.68925      0.2686
    7.68975      0.2678
    7.69025      0.2671
    7.69075      0.2664
    7.69125      0.2657
    7.69175      0.2651
    7.69225      0.2644
    7.69275      0.2639
    7.69325      0.2634
    7.69375      0.2629
    7.69425      0.2625
    7.69475      0.2622
    7.69525      0.2619
    7.69575      0.2617
    7.69625      0.2614
    7.69675      0.2613
    7.69725      0.2611
    7.69775      0.2610
    7.69825      0.2609
    7.69875      0.2609
    7.69925      0.2608
    7.69975      0.2608
    7.70025      0.2608
    7.70075      0.2607
    7.70125      0.2607
    7.70175      0.2607
    7.70225      0.2606
    7.70275      0.2606
    7.70325      0.2605
    7.70375      0.2604
    7.70425      0.2603
    7.70475      0.2601
    7.70525      0.2600
    7.70575      0.2597
    7.70625      0.2595
    7.70675      0.2592
    7.70725      0.2589
    7.70775      0.2586
    7.70825      0.2583
    7.70875      0.2579
    7.70925      0.2575
    7.70975      0.2572
    7.71025      0.2568
    7.71075      0.2564
    7.71125      0.2560
    7.71175      0.2556
    7.71225      0.2552
    7.71275      0.2548
    7.71325      0.2544
    7.71375      0.2540
    7.71425      0.2536
    7.71475      0.2532
    7.71525      0.2529
    7.71575      0.2526
    7.71625      0.2523
    7.71675      0.2520
    7.71725      0.2517
    7.71775      0.2515
    7.71825      0.2513
    7.71875      0.2511
    7.71925      0.2509
    7.71975      0.2507
    7.72025      0.2506
    7.72075      0.2504
    7.72125      0.2503
    7.72175      0.2502
    7.72225      0.2501
    7.72275      0.2501
    7.72325      0.2500
    7.72375      0.2500
    7.72425      0.2499
    7.72475      0.2499
    7.72525      0.2499
    7.72575      0.2498
    7.72625      0.2498
    7.72675      0.2498
    7.72725      0.2498
    7.72775      0.2498
    7.72825      0.2499
    7.72875      0.2499
    7.72925      0.2499
    7.72975      0.2499
    7.73025      0.2499
    7.73075      0.2500
    7.73125      0.2500
    7.73175      0.2500
    7.73225      0.2501
    7.73275      0.2501
    7.73325      0.2502
    7.73375      0.2502
    7.73425      0.2503
    7.73475      0.2503
    7.73525      0.2504
    7.73575      0.2504
    7.73625      0.2505
    7.73675      0.2505
    7.73725      0.2506
    7.73775      0.2506
    7.73825      0.2507
    7.73875      0.2507
    7.73925      0.2508
    7.73975      0.2508
    7.74025      0.2509
    7.74075      0.2509
    7.74125      0.2510
    7.74175      0.2510
    7.74225      0.2511
    7.74275      0.2511
    7.74325      0.2511
    7.74375      0.2512
    7.74425      0.2512
    7.74475      0.2512
    7.74525      0.2512
    7.74575      0.2512
    7.74625      0.2512
    7.74675      0.2512
    7.74725      0.2512
    7.74775      0.2512
    7.74825      0.2511
    7.74875      0.2511
    7.74925      0.2510
    7.74975      0.2509
    7.75025      0.2508
    7.75075      0.2507
    7.75125      0.2506
    7.75175      0.2505
    7.75225      0.2503
    7.75275      0.2502
    7.75325      0.2500
    7.75375      0.2498
    7.75425      0.2496
    7.75475      0.2494
    7.75525      0.2492
    7.75575      0.2490
    7.75625      0.2488
    7.75675      0.2486
    7.75725      0.2484
    7.75775      0.2482
    7.75825      0.2480
    7.75875      0.2478
    7.75925      0.2476
    7.75975      0.2474
    7.76025      0.2472
    7.76075      0.2470
    7.76125      0.2469
    7.76175      0.2467
    7.76225      0.2466
    7.76275      0.2465
    7.76325      0.2464
    7.76375      0.2463
    7.76425      0.2462
    7.76475      0.2462
    7.76525      0.2461
    7.76575      0.2461
    7.76625      0.2460
    7.76675      0.2460
    7.76725      0.2459
    7.76775      0.2459
    7.76825      0.2459
    7.76875      0.2459
    7.76925      0.2458
    7.76975      0.2458
    7.77025      0.2458
    7.77075      0.2457
    7.77125      0.2457
    7.77175      0.2457
    7.77225      0.2456
    7.77275      0.2455
    7.77325      0.2454
    7.77375      0.2453
    7.77425      0.2452
    7.77475      0.2451
    7.77525      0.2450
    7.77575      0.2448
    7.77625      0.2447
    7.77675      0.2445
    7.77725      0.2443
    7.77775      0.2441
    7.77825      0.2439
    7.77875      0.2437
    7.77925      0.2436
    7.77975      0.2434
    7.78025      0.2432
    7.78075      0.2430
    7.78125      0.2428
    7.78175      0.2426
    7.78225      0.2424
    7.78275      0.2423
    7.78325      0.2421
    7.78375      0.2420
    7.78425      0.2418
    7.78475      0.2417
    7.78525      0.2416
    7.78575      0.2415
    7.78625      0.2415
    7.78675      0.2414
    7.78725      0.2414
    7.78775      0.2414
    7.78825      0.2414
    7.78875      0.2414
    7.78925      0.2414
    7.78975      0.2415
    7.79025      0.2415
    7.79075      0.2416
    7.79125      0.2416
    7.79175      0.2417
    7.79225      0.2418
    7.79275      0.2419
    7.79325      0.2419
    7.79375      0.2420
    7.79425      0.2421
    7.79475      0.2422
    7.79525      0.2422
    7.79575      0.2423
    7.79625      0.2423
    7.79675      0.2424
    7.79725      0.2424
    7.79775      0.2424
    7.79825      0.2425
    7.79875      0.2425
    7.79925      0.2425
    7.79975      0.2424
    7.80025      0.2424
    7.80075      0.2424
    7.80125      0.2424
    7.80175      0.2423
    7.80225      0.2423
    7.80275      0.2423
    7.80325      0.2422
    7.80375      0.2422
    7.80425      0.2421
    7.80475      0.2421
    7.80525      0.2421
    7.80575      0.2420
    7.80625      0.2420
    7.80675      0.2420
    7.80725      0.2420
    7.80775      0.2419
    7.80825      0.2420
    7.80875      0.2420
    7.80925      0.2420
    7.80975      0.2420
    7.81025      0.2421
    7.81075      0.2421
    7.81125      0.2422
    7.81175      0.2423
    7.81225      0.2423
    7.81275      0.2424
    7.81325      0.2425
    7.81375      0.2426
    7.81425      0.2427
    7.81475      0.2428
    7.81525      0.2430
    7.81575      0.2431
    7.81625      0.2432
    7.81675      0.2433
    7.81725      0.2434
    7.81775      0.2436
    7.81825      0.2437
    7.81875      0.2438
    7.81925      0.2439
    7.81975      0.2440
    7.82025      0.2442
    7.82075      0.2443
    7.82125      0.2444
    7.82175      0.2445
    7.82225      0.2446
    7.82275      0.2447
    7.82325      0.2447
    7.82375      0.2448
    7.82425      0.2449
    7.82475      0.2450
    7.82525      0.2451
    7.82575      0.2451
    7.82625      0.2452
    7.82675      0.2453
    7.82725      0.2453
    7.82775      0.2454
    7.82825      0.2455
    7.82875      0.2455
    7.82925      0.2456
    7.82975      0.2456
    7.83025      0.2457
    7.83075      0.2458
    7.83125      0.2458
    7.83175      0.2459
    7.83225      0.2459
    7.83275      0.2460
    7.83325      0.2461
    7.83375      0.2461
    7.83425      0.2462
    7.83475      0.2463
    7.83525      0.2463
    7.83575      0.2464
    7.83625      0.2464
    7.83675      0.2465
    7.83725      0.2465
    7.83775      0.2466
    7.83825      0.2466
    7.83875      0.2467
    7.83925      0.2467
    7.83975      0.2467
    7.84025      0.2468
    7.84075      0.2468
    7.84125      0.2468
    7.84175      0.2468
    7.84225      0.2468
    7.84275      0.2468
    7.84325      0.2467
    7.84375      0.2467
    7.84425      0.2466
    7.84475      0.2466
    7.84525      0.2465
    7.84575      0.2464
    7.84625      0.2463
    7.84675      0.2462
    7.84725      0.2461
    7.84775      0.2459
    7.84825      0.2458
    7.84875      0.2456
    7.84925      0.2455
    7.84975      0.2453
    7.85025      0.2451
    7.85075      0.2449
    7.85125      0.2447
    7.85175      0.2445
    7.85225      0.2443
    7.85275      0.2441
    7.85325      0.2438
    7.85375      0.2436
    7.85425      0.2434
    7.85475      0.2431
    7.85525      0.2428
    7.85575      0.2426
    7.85625      0.2423
    7.85675      0.2420
    7.85725      0.2417
    7.85775      0.2415
    7.85825      0.2412
    7.85875      0.2409
    7.85925      0.2405
    7.85975      0.2402
    7.86025      0.2399
    7.86075      0.2396
    7.86125      0.2393
    7.86175      0.2389
    7.86225      0.2386
    7.86275      0.2383
    7.86325      0.2379
    7.86375      0.2376
    7.86425      0.2372
    7.86475      0.2369
    7.86525      0.2365
    7.86575      0.2362
    7.86625      0.2358
    7.86675      0.2355
    7.86725      0.2351
    7.86775      0.2347
    7.86825      0.2344
    7.86875      0.2340
    7.86925      0.2336
    7.86975      0.2333
    7.87025      0.2329
    7.87075      0.2325
    7.87125      0.2321
    7.87175      0.2318
    7.87225      0.2314
    7.87275      0.2310
    7.87325      0.2306
    7.87375      0.2303
    7.87425      0.2299
    7.87475      0.2295
    7.87525      0.2292
    7.87575      0.2288
    7.87625      0.2284
    7.87675      0.2281
    7.87725      0.2277
    7.87775      0.2274
    7.87825      0.2270
    7.87875      0.2267
    7.87925      0.2263
    7.87975      0.2260
    7.88025      0.2257
    7.88075      0.2254
    7.88125      0.2250
    7.88175      0.2247
    7.88225      0.2244
    7.88275      0.2241
    7.88325      0.2239
    7.88375      0.2236
    7.88425      0.2233
    7.88475      0.2230
    7.88525      0.2227
    7.88575      0.2225
    7.88625      0.2222
    7.88675      0.2219
    7.88725      0.2217
    7.88775      0.2214
    7.88825      0.2211
    7.88875      0.2209
    7.88925      0.2206
    7.88975      0.2204
    7.89025      0.2201
    7.89075      0.2199
    7.89125      0.2196
    7.89175      0.2194
    7.89225      0.2191
    7.89275      0.2189
    7.89325      0.2186
    7.89375      0.2184
    7.89425      0.2181
    7.89475      0.2179
    7.89525      0.2176
    7.89575      0.2174
    7.89625      0.2171
    7.89675      0.2169
    7.89725      0.2167
    7.89775      0.2164
    7.89825      0.2162
    7.89875      0.2160
    7.89925      0.2157
    7.89975      0.2155
    7.90025      0.2153
    7.90075      0.2151
    7.90125      0.2149
    7.90175      0.2147
    7.90225      0.2145
    7.90275      0.2143
    7.90325      0.2141
    7.90375      0.2139
    7.90425      0.2138
    7.90475      0.2136
    7.90525      0.2135
    7.90575      0.2133
    7.90625      0.2132
    7.90675      0.2131
    7.90725      0.2130
    7.90775      0.2128
    7.90825      0.2127
    7.90875      0.2126
    7.90925      0.2125
    7.90975      0.2124
    7.91025      0.2123
    7.91075      0.2122
    7.91125      0.2121
    7.91175      0.2120
    7.91225      0.2119
    7.91275      0.2118
    7.91325      0.2117
    7.91375      0.2116
    7.91425      0.2115
    7.91475      0.2114
    7.91525      0.2113
    7.91575      0.2111
    7.91625      0.2110
    7.91675      0.2109
    7.91725      0.2107
    7.91775      0.2105
    7.91825      0.2104
    7.91875      0.2102
    7.91925      0.2100
    7.91975      0.2098
    7.92025      0.2096
    7.92075      0.2093
    7.92125      0.2091
    7.92175      0.2088
    7.92225      0.2086
    7.92275      0.2083
    7.92325      0.2079
    7.92375      0.2076
    7.92425      0.2072
    7.92475      0.2068
    7.92525      0.2064
    7.92575      0.2060
    7.92625      0.2055
    7.92675      0.2050
    7.92725      0.2045
    7.92775      0.2039
    7.92825      0.2034
    7.92875      0.2027
    7.92925      0.2021
    7.92975      0.2014
    7.93025      0.2006
    7.93075      0.1999
    7.93125      0.1991
    7.93175      0.1982
    7.93225      0.1974
    7.93275      0.1965
    7.93325      0.1955
    7.93375      0.1946
    7.93425      0.1936
    7.93475      0.1925
    7.93525      0.1915
    7.93575      0.1904
    7.93625      0.1892
    7.93675      0.1881
    7.93725      0.1869
    7.93775      0.1857
    7.93825      0.1844
    7.93875      0.1831
    7.93925      0.1818
    7.93975      0.1804
    7.94025      0.1791
    7.94075      0.1776
    7.94125      0.1762
    7.94175      0.1746
    7.94225      0.1731
    7.94275      0.1715
    7.94325      0.1699
    7.94375      0.1683
    7.94425      0.1666
    7.94475      0.1650
    7.94525      0.1632
    7.94575      0.1615
    7.94625      0.1597
    7.94675      0.1579
    7.94725      0.1561
    7.94775      0.1543
    7.94825      0.1525
    7.94875      0.1506
    7.94925      0.1487
    7.94975      0.1468
    7.95025      0.1449
    7.95075      0.1430
    7.95125      0.1410
    7.95175      0.1390
    7.95225      0.1371
    7.95275      0.1351
    7.95325      0.1331
    7.95375      0.1311
    7.95425      0.1291
    7.95475      0.1271
    7.95525      0.1250
    7.95575      0.1230
    7.95625      0.1210
    7.95675      0.1190
    7.95725      0.1169
    7.95775      0.1149
    7.95825      0.1129
    7.95875      0.1108
    7.95925      0.1088
    7.95975      0.1068
    7.96025      0.1048
    7.96075      0.1028
    7.96125      0.1008
    7.96175      0.0988
    7.96225      0.0969
    7.96275      0.0949
    7.96325      0.0930
    7.96375      0.0911
    7.96425      0.0892
    7.96475      0.0873
    7.96525      0.0855
    7.96575      0.0836
    7.96625      0.0818
    7.96675      0.0800
    7.96725      0.0783
    7.96775      0.0766
    7.96825      0.0748
    7.96875      0.0732
    7.96925      0.0715
    7.96975      0.0699
    7.97025      0.0683
    7.97075      0.0667
    7.97125      0.0651
    7.97175      0.0636
    7.97225      0.0621
    7.97275      0.0606
    7.97325      0.0591
    7.97375      0.0577
    7.97425      0.0563
    7.97475      0.0549
    7.97525      0.0535
    7.97575      0.0522
    7.97625      0.0509
    7.97675      0.0497
    7.97725      0.0484
    7.97775      0.0472
    7.97825      0.0461
    7.97875      0.0449
    7.97925      0.0438
    7.97975      0.0427
    7.98025      0.0417
    7.98075      0.0406
    7.98125      0.0396
    7.98175      0.0386
    7.98225      0.0377
    7.98275      0.0368
    7.98325      0.0358
    7.98375      0.0350
    7.98425      0.0341
    7.98475      0.0333
    7.98525      0.0324
    7.98575      0.0316
    7.98625      0.0309
    7.98675      0.0301
    7.98725      0.0294
    7.98775      0.0286
    7.98825      0.0279
    7.98875      0.0273
    7.98925      0.0266
    7.98975      0.0260
    7.99025      0.0254
    7.99075      0.0248
    7.99125      0.0242
    7.99175      0.0236
    7.99225      0.0231
    7.99275      0.0225
    7.99325      0.0220
    7.99375      0.0215
    7.99425      0.0211
    7.99475      0.0206
    7.99525      0.0201
    7.99575      0.0197
    7.99625      0.0193
    7.99675      0.0188
    7.99725      0.0184
    7.99775      0.0180
    7.99825      0.0177
    7.99875      0.0173
    7.99925      0.0169
    7.99975      0.0166
    8.00025      0.0162
    8.00075      0.0159
    8.00125      0.0156
    8.00175      0.0152
    8.00225      0.0149
    8.00275      0.0146
    8.00325      0.0143
    8.00375      0.0141
    8.00425      0.0138
    8.00475      0.0135
    8.00525      0.0132
    8.00575      0.0130
    8.00625      0.0127
    8.00675      0.0125
    8.00725      0.0122
    8.00775      0.0120
    8.00825      0.0118
    8.00875      0.0116
    8.00925      0.0113
    8.00975      0.0111
    8.01025      0.0109
    8.01075      0.0107
    8.01125      0.0105
    8.01175      0.0103
    8.01225      0.0101
    8.01275      0.0100
    8.01325      0.0098
    8.01375      0.0096
    8.01425      0.0094
    8.01475      0.0093
    8.01525      0.0091
    8.01575      0.0090
    8.01625      0.0088
    8.01675      0.0086
    8.01725      0.0085
    8.01775      0.0084
    8.01825      0.0082
    8.01875      0.0081
    8.01925      0.0079
    8.01975      0.0078
    8.02025      0.0077
    8.02075      0.0076
    8.02125      0.0074
    8.02175      0.0073
    8.02225      0.0072
    8.02275      0.0071
    8.02325      0.0070
    8.02375      0.0068
    8.02425      0.0067
    8.02475      0.0066
    8.02525      0.0065
    8.02575      0.0064
    8.02625      0.0063
    8.02675      0.0062
    8.02725      0.0061
    8.02775      0.0060
    8.02825      0.0059
    8.02875      0.0057
    8.02925      0.0056
    8.02975      0.0055
    8.03025      0.0054
    8.03075      0.0053
    8.03125      0.0052
    8.03175      0.0051
    8.03225      0.0050
    8.03275      0.0049
    8.03325      0.0049
    8.03375      0.0048
    8.03425      0.0047
    8.03475      0.0046
    8.03525      0.0045
    8.03575      0.0044
    8.03625      0.0043
    8.03675      0.0042
    8.03725      0.0042
    8.03775      0.0041
    8.03825      0.0040
    8.03875      0.0039
    8.03925      0.0038
    8.03975      0.0038
    8.04025      0.0037
    8.04075      0.0036
    8.04125      0.0036
    8.04175      0.0035
    8.04225      0.0035
    8.04275      0.0034
    8.04325      0.0033
    8.04375      0.0033
    8.04425      0.0032
    8.04475      0.0032
    8.04525      0.0031
    8.04575      0.0031
    8.04625      0.0030
    8.04675      0.0030
    8.04725      0.0029
    8.04775      0.0029
    8.04825      0.0029
    8.04875      0.0028
    8.04925      0.0028
    8.04975      0.0027
    8.05025      0.0027
    8.05075      0.0027
    8.05125      0.0026
    8.05175      0.0026
    8.05225      0.0026
    8.05275      0.0025
    8.05325      0.0025
    8.05375      0.0025
    8.05425      0.0024
    8.05475      0.0024
    8.05525      0.0024
    8.05575      0.0024
    8.05625      0.0023
    8.05675      0.0023
    8.05725      0.0023
    8.05775      0.0023
    8.05825      0.0023
    8.05875      0.0022
    8.05925      0.0022
    8.05975      0.0022
    8.06025      0.0022
    8.06075      0.0021
    8.06125      0.0021
    8.06175      0.0021
    8.06225      0.0021
    8.06275      0.0020
    8.06325      0.0020
    8.06375      0.0020
    8.06425      0.0020
    8.06475      0.0019
    8.06525      0.0019
    8.06575      0.0019
    8.06625      0.0019
    8.06675      0.0018
    8.06725      0.0018
    8.06775      0.0018
    8.06825      0.0017
    8.06875      0.0017
    8.06925      0.0017
    8.06975      0.0016
    8.07025      0.0016
    8.07075      0.0016
    8.07125      0.0015
    8.07175      0.0015
    8.07225      0.0015
    8.07275      0.0014
    8.07325      0.0014
    8.07375      0.0014
    8.07425      0.0013
    8.07475      0.0013
    8.07525      0.0013
    8.07575      0.0012
    8.07625      0.0012
    8.07675      0.0012
    8.07725      0.0012
    8.07775      0.0011
    8.07825      0.0011
    8.07875      0.0011
    8.07925      0.0010
    8.07975      0.0010
    8.08025      0.0010
    8.08075      0.0009
    8.08125      0.0009
    8.08175      0.0009
    8.08225      0.0009
    8.08275      0.0008
    8.08325      0.0008
    8.08375      0.0008
    8.08425      0.0008
    8.08475      0.0007
    8.08525      0.0007
    8.08575      0.0007
    8.08625      0.0007
    8.08675      0.0007
    8.08725      0.0006
    8.08775      0.0006
    8.08825      0.0006
    8.08875      0.0006
    8.08925      0.0006
    8.08975      0.0006
    8.09025      0.0006
    8.09075      0.0005
    8.09125      0.0005
    8.09175      0.0005
    8.09225      0.0005
    8.09275      0.0005
    8.09325      0.0005
    8.09375      0.0005
    8.09425      0.0005
    8.09475      0.0005
    8.09525      0.0005
    8.09575      0.0005
    8.09625      0.0005
    8.09675      0.0005
    8.09725      0.0005
    8.09775      0.0005
    8.09825      0.0005
    8.09875      0.0005
    8.09925      0.0005
    8.09975      0.0005
    8.10025      0.0005
    8.10075      0.0005
    8.10125      0.0005
    8.10175      0.0005
    8.10225      0.0005
    8.10275      0.0005
    8.10325      0.0005
    8.10375      0.0005
    8.10425      0.0005
    8.10475      0.0005
    8.10525      0.0005
    8.10575      0.0005
    8.10625      0.0005
    8.10675      0.0005
    8.10725      0.0005
    8.10775      0.0005
    8.10825      0.0005
    8.10875      0.0005
    8.10925      0.0005
    8.10975      0.0005
    8.11025      0.0005
    8.11075      0.0005
    8.11125      0.0005
    8.11175      0.0005
    8.11225      0.0005
    8.11275      0.0005
    8.11325      0.0005
    8.11375      0.0005
    8.11425      0.0005
    8.11475      0.0005