    6.18785      0.0002
    6.18835      0.0002
    6.18885      0.0003
    6.18935      0.0003
    6.18985      0.0004
    6.19035      0.0004
    6.19085      0.0005
    6.19135      0.0005
    6.19185      0.0005
    6.19235      0.0006
    6.19285      0.0006
    6.19335      0.0006
    6.19385      0.0006
    6.19435      0.0006
    6.19485      0.0006
    6.19535      0.0006
    6.19585      0.0006
    6.19635      0.0006
    6.19685      0.0006
    6.19735      0.0006
    6.19785      0.0006
    6.19835      0.0006
    6.19885      0.0006
    6.19935      0.0006
    6.19985      0.0006
    6.20035      0.0006
    6.20085      0.0005
    6.20135      0.0005
    6.20185      0.0005
    6.20235      0.0005
    6.20285      0.0006
    6.20335      0.0006
    6.20385      0.0006
    6.20435      0.0006
    6.20485      0.0006
    6.20535      0.0007
    6.20585      0.0007
    6.20635      0.0007
    6.20685      0.0008
    6.20735      0.0008
    6.20785      0.0008
    6.20835      0.0009
    6.20885      0.0009
    6.20935      0.0009
    6.20985      0.0009
    6.21035      0.0009
    6.21085      0.0009
    6.21135      0.0009
    6.21185      0.0009
    6.21235      0.0009
    6.21285      0.0009
    6.21335      0.0009
    6.21385      0.0009
    6.21435      0.0009
    6.21485      0.0009
    6.21535      0.0009
    6.21585      0.0009
    6.21635      0.0010
    6.21685      0.0010
    6.21735      0.0010
    6.21785      0.0011
    6.21835      0.0011
    6.21885      0.0012
    6.21935      0.0013
    6.21985      0.0014
    6.22035      0.0014
    6.22085      0.0015
    6.22135      0.0016
    6.22185      0.0017
    6.22235      0.0018
    6.22285      0.0019
    6.22335      0.0020
    6.22385      0.0021
    6.22435      0.0021
    6.22485      0.0022
    6.22535      0.0023
    6.22585      0.0023
    6.22635      0.0024
    6.22685      0.0024
    6.22735      0.0024
    6.22785      0.0025
    6.22835      0.0025
    6.22885      0.0025
    6.22935      0.0026
    6.22985      0.0026
    6.23035      0.0026
    6.23085      0.0027
    6.23135      0.0027
    6.23185      0.0028
    6.23235      0.0028
    6.23285      0.0029
    6.23335      0.0030
    6.23385      0.0031
    6.23435      0.0032
    6.23485      0.0033
    6.23535      0.0034
    6.23585      0.0035
    6.23635      0.0036
    6.23685      0.0037
    6.23735      0.0038
    6.23785      0.0040
    6.23835      0.0041
    6.23885      0.0042
    6.23935      0.0043
    6.23985      0.0044
    6.24035      0.0045
    6.24085      0.0046
    6.24135      0.0047
    6.24185      0.0049
    6.24235      0.0050
    6.24285      0.0051
    6.24335      0.0052
    6.24385      0.0053
    6.24435      0.0054
    6.24485      0.0056
    6.24535      0.0057
    6.24585      0.0058
    6.24635      0.0060
    6.24685      0.0062
    6.24735      0.0064
    6.24785      0.0066
    6.24835      0.0068
    6.24885      0.0070
    6.24935      0.0072
    6.24985      0.0075
    6.25035      0.0078
    6.25085      0.0080
    6.25135      0.0083
    6.25185      0.0086
    6.25235      0.0089
    6.25285      0.0092
    6.25335      0.0095
    6.25385      0.0099
    6.25435      0.0102
    6.25485      0.0105
    6.25535      0.0108
    6.25585      0.0112
    6.25635      0.0115
    6.25685      0.0118
    6.25735      0.0122
    6.25785      0.0125
    6.25835      0.0129
    6.25885      0.0133
    6.25935      0.0137
    6.25985      0.0142
    6.26035      0.0146
    6.26085      0.0151
    6.26135      0.0157
    6.26185      0.0162
    6.26235      0.0168
    6.26285      0.0175
    6.26335      0.0181
    6.26385      0.0189
    6.26435      0.0196
    6.26485      0.0204
    6.26535      0.0213
    6.26585      0.0222
    6.26635      0.0231
    6.26685      0.0240
    6.26735      0.0251
    6.26785      0.0261
    6.26835      0.0272
    6.26885      0.0283
    6.26935      0.0295
    6.26985      0.0308
    6.27035      0.0320
    6.27085      0.0334
    6.27135      0.0347
    6.27185      0.0362
    6.27235      0.0376
    6.27285      0.0392
    6.27335      0.0408
    6.27385      0.0424
    6.27435      0.0441
    6.27485      0.0459
    6.27535      0.0477
    6.27585      0.0496
    6.27635      0.0516
    6.27685      0.0536
    6.27735      0.0557
    6.27785      0.0579
    6.27835      0.0602
    6.27885      0.0626
    6.27935      0.0650
    6.27985      0.0675
    6.28035      0.0700
    6.28085      0.0727
    6.28135      0.0754
    6.28185      0.0781
    6.28235      0.0809
    6.28285      0.0837
    6.28335      0.0866
    6.28385      0.0896
    6.28435      0.0926
    6.28485      0.0956
    6.28535      0.0987
    6.28585      0.1018
    6.28635      0.1050
    6.28685      0.1081
    6.28735      0.1113
    6.28785      0.1145
    6.28835      0.1177
    6.28885      0.1209
    6.28935      0.1240
    6.28985      0.1271
    6.29035      0.1302
    6.29085      0.1333
    6.29135      0.1363
    6.29185      0.1392
    6.29235      0.1420
    6.29285      0.1448
    6.29335      0.1475
    6.29385      0.1500
    6.29435      0.1525
    6.29485      0.1549
    6.29535      0.1572
    6.29585      0.1594
    6.29635      0.1615
    6.29685      0.1635
    6.29735      0.1655
    6.29785      0.1673
    6.29835      0.1690
    6.29885      0.1706
    6.29935      0.1721
    6.29985      0.1735
    6.30035      0.1748
    6.30085      0.1759
    6.30135      0.1769
    6.30185      0.1779
    6.30235      0.1787
    6.30285      0.1794
    6.30335      0.1800
    6.30385      0.1806
    6.30435      0.1810
    6.30485      0.1814
    6.30535      0.1817
    6.30585      0.1820
    6.30635      0.1821
    6.30685      0.1822
    6.30735      0.1823
    6.30785      0.1823
    6.30835      0.1822
    6.30885      0.1821
    6.30935      0.1819
    6.30985      0.1817
    6.31035      0.1815
    6.31085      0.1812
    6.31135      0.1809
    6.31185      0.1806
    6.31235      0.1802
    6.31285      0.1798
    6.31335      0.1794
    6.31385      0.1790
    6.31435      0.1786
    6.31485      0.1782
    6.31535      0.1778
    6.31585      0.1774
    6.31635      0.1769
    6.31685      0.1765
    6.31735      0.1762
    6.31785      0.1758
    6.31835      0.1754
    6.31885      0.1750
    6.31935      0.1747
    6.31985      0.1743
    6.32035      0.1740
    6.32085      0.1737
    6.32135      0.1733
    6.32185      0.1730
    6.32235      0.1727
    6.32285      0.1725
    6.32335      0.1722
    6.32385      0.1719
    6.32435      0.1717
    6.32485      0.1715
    6.32535      0.1713
    6.32585      0.1711
    6.32635      0.1709
    6.32685      0.1707
    6.32735      0.1706
    6.32785      0.1704
    6.32835      0.1703
    6.32885      0.1702
    6.32935      0.1701
    6.32985      0.1699
    6.33035      0.1698
    6.33085      0.1698
    6.33135      0.1697
    6.33185      0.1696
    6.33235      0.1695
    6.33285      0.1695
    6.33335      0.1694
    6.33385      0.1694
    6.33435      0.1694
    6.33485      0.1694
    6.33535      0.1694
    6.33585      0.1694
    6.33635      0.1695
    6.33685      0.1696
    6.33735      0.1697
    6.33785      0.1698
    6.33835      0.1700
    6.33885      0.1702
    6.33935      0.1704
    6.33985      0.1707
    6.34035      0.1710
    6.34085      0.1713
    6.34135      0.1716
    6.34185      0.1719
    6.34235      0.1723
    6.34285      0.1727
    6.34335      0.1731
    6.34385      0.1734
    6.34435      0.1738
    6.34485      0.1742
    6.34535      0.1745
    6.34585      0.1749
    6.34635      0.1752
    6.34685      0.1755
    6.34735      0.1758
    6.34785      0.1760
    6.34835      0.1763
    6.34885      0.1765
    6.34935      0.1766
    6.34985      0.1768
    6.35035      0.1769
    6.35085      0.1771
    6.35135      0.1772
    6.35185      0.1772
    6.35235      0.1773
    6.35285      0.1773
    6.35335      0.1774
    6.35385      0.1774
    6.35435      0.1774
    6.35485      0.1773
    6.35535      0.1773
    6.35585      0.1772
    6.35635      0.1771
    6.35685      0.1770
    6.35735      0.1769
    6.35785      0.1768
    6.35835      0.1767
    6.35885      0.1766
    6.35935      0.1765
    6.35985      0.1764
    6.36035      0.1763
    6.36085      0.1762
    6.36135      0.1761
    6.36185      0.1760
    6.36235      0.1760
    6.36285      0.1759
    6.36335      0.1758
    6.36385      0.1758
    6.36435      0.1758
    6.36485      0.1758
    6.36535      0.1758
    6.36585      0.1758
    6.36635      0.1759
    6.36685      0.1759
    6.36735      0.1760
    6.36785      0.1760
    6.36835      0.1761
    6.36885      0.1762
    6.36935      0.1763
    6.36985      0.1765
    6.37035      0.1766
    6.37085      0.1768
    6.37135      0.1769
    6.37185      0.1771
    6.37235      0.1773
    6.37285      0.1775
    6.37335      0.1777
    6.37385      0.1779
    6.37435      0.1781
    6.37485      0.1784
    6.37535      0.1786
    6.37585      0.1788
    6.37635      0.1790
    6.37685      0.1792
    6.37735      0.1794
    6.37785      0.1796
    6.37835      0.1798
    6.37885      0.1800
    6.37935      0.1802
    6.37985      0.1803
    6.38035      0.1805
    6.38085      0.1806
    6.38135      0.1808
    6.38185      0.1809
    6.38235      0.1811
    6.38285      0.1812
    6.38335      0.1814
    6.38385      0.1815
    6.38435      0.1817
    6.38485      0.1818
    6.38535      0.1820
    6.38585      0.1821
    6.38635      0.1823
    6.38685      0.1825
    6.38735      0.1826
    6.38785      0.1828
    6.38835      0.1829
    6.38885      0.1831
    6.38935      0.1832
    6.38985      0.1833
    6.39035      0.1834
    6.39085      0.1835
    6.39135      0.1835
    6.39185      0.1836
    6.39235      0.1835
    6.39285      0.1835
    6.39335      0.1834
    6.39385      0.1832
    6.39435      0.1830
    6.39485      0.1827
    6.39535      0.1824
    6.39585      0.1821
    6.39635      0.1817
    6.39685      0.1813
    6.39735      0.1809
    6.39785      0.1804
    6.39835      0.1800
    6.39885      0.1795
    6.39935      0.1791
    6.39985      0.1786
    6.40035      0.1782
    6.40085      0.1778
    6.40135      0.1774
    6.40185      0.1770
    6.40235      0.1766
    6.40285      0.1763
    6.40335      0.1759
    6.40385      0.1754
    6.40435      0.1749
    6.40485      0.1742
    6.40535      0.1734
    6.40585      0.1724
    6.40635      0.1712
    6.40685      0.1698
    6.40735      0.1681
    6.40785      0.1661
    6.40835      0.1638
    6.40885      0.1611
    6.40935      0.1580
    6.40985      0.1545
    6.41035      0.1505
    6.41085      0.1461
    6.41135      0.1415
    6.41185      0.1366
    6.41235      0.1314
    6.41285      0.1261
    6.41335      0.1208
    6.41385      0.1153
    6.41435      0.1099
    6.41485      0.1045
    6.41535      0.0993
    6.41585      0.0942
    6.41635      0.0893
    6.41685      0.0847
    6.41735      0.0804
    6.41785      0.0765
    6.41835      0.0729
    6.41885      0.0697
    6.41935      0.0669
    6.41985      0.0643
    6.42035      0.0619
    6.42085      0.0599
    6.42135      0.0580
    6.42185      0.0563
    6.42235      0.0548
    6.42285      0.0534
    6.42335      0.0522
    6.42385      0.0510
    6.42435      0.0500
    6.42485      0.0489
    6.42535      0.0480
    6.42585      0.0470
    6.42635      0.0461
    6.42685      0.0452
    6.42735      0.0442
    6.42785      0.0433
    6.42835      0.0424
    6.42885      0.0415
    6.42935      0.0406
    6.42985      0.0397
    6.43035      0.0388
    6.43085      0.0379
    6.43135      0.0369
    6.43185      0.0360
    6.43235      0.0350
    6.43285      0.0341
    6.43335      0.0331
    6.43385      0.0321
    6.43435      0.0311
    6.43485      0.0301
    6.43535      0.0290
    6.43585      0.0280
    6.43635      0.0270
    6.43685      0.0259
    6.43735      0.0249
    6.43785      0.0239
    6.43835      0.0230
    6.43885      0.0221
    6.43935      0.0212
    6.43985      0.0203
    6.44035      0.0195
    6.44085      0.0188
    6.44135      0.0181
    6.44185      0.0175
    6.44235      0.0169
    6.44285      0.0164
    6.44335      0.0160
    6.44385      0.0156
    6.44435      0.0152
    6.44485      0.0149
    6.44535      0.0146
    6.44585      0.0143
    6.44635      0.0140
    6.44685      0.0137
    6.44735      0.0135
    6.44785      0.0132
    6.44835      0.0130
    6.44885      0.0127
    6.44935      0.0124
    6.44985      0.0121
    6.45035      0.0117
    6.45085      0.0114
    6.45135      0.0110
    6.45185      0.0106
    6.45235      0.0102
    6.45285      0.0098
    6.45335      0.0094
    6.45385      0.0091
    6.45435      0.0087
    6.45485      0.0083
    6.45535      0.0079
    6.45585      0.0076
    6.45635      0.0073
    6.45685      0.0070
    6.45735      0.0067
    6.45785      0.0065
    6.45835      0.0063
    6.45885      0.0062
    6.45935      0.0060
    6.45985      0.0059
    6.46035      0.0058
    6.46085      0.0058
    6.46135      0.0057
    6.46185      0.0057
    6.46235      0.0056
    6.46285      0.0056
    6.46335      0.0055
    6.46385      0.0055
    6.46435      0.0054
    6.46485      0.0053
    6.46535      0.0052
    6.46585      0.0051
    6.46635      0.0050
    6.46685      0.0049
    6.46735      0.0047
    6.46785      0.0046
    6.46835      0.0044
    6.46885      0.0042
    6.46935      0.0041
    6.46985      0.0039
    6.47035      0.0037
    6.47085      0.0035
    6.47135      0.0034
    6.47185      0.0032
    6.47235      0.0031
    6.47285      0.0030
    6.47335      0.0029
    6.47385      0.0028
    6.47435      0.0028
    6.47485      0.0027
    6.47535      0.0027
    6.47585      0.0027
    6.47635      0.0027
    6.47685      0.0028
    6.47735      0.0028
    6.47785      0.0028
    6.47835      0.0028
    6.47885      0.0029
    6.47935      0.0029
    6.47985      0.0029
    6.48035      0.0029
    6.48085      0.0029
    6.48135      0.0028
    6.48185      0.0028
    6.48235      0.0027
    6.48285      0.0026
    6.48335      0.0024
    6.48385      0.0023
    6.48435      0.0022
    6.48485      0.0020
    6.48535      0.0019
    6.48585      0.0017
    6.48635      0.0015
    6.48685      0.0014
    6.48735      0.0013
    6.48785      0.0011
    6.48835      0.0010
    6.48885      0.0009
    6.48935      0.0009
    6.48985      0.0008
    6.49035      0.0008
    6.49085      0.0008
    6.49135      0.0009
    6.49185      0.0009
    6.49235      0.0010
    6.49285      0.0010
    6.49335      0.0011
    6.49385      0.0012
    6.49435      0.0013
    6.49485      0.0014
    6.49535      0.0015
    6.49585      0.0016
    6.49635      0.0016
    6.49685      0.0017
    6.49735      0.0017
    6.49785      0.0018
    6.49835      0.0017
    6.49885      0.0017
    6.49935      0.0017
    6.49985      0.0016
    6.50035      0.0015
    6.50085      0.0014
    6.50135      0.0013
    6.50185      0.0012
    6.50235      0.0011
    6.50285      0.0010
    6.50335      0.0009
    6.50385      0.0008
    6.50435      0.0007
    6.50485      0.0007
    6.50535      0.0006
    6.50585      0.0006
    6.50635      0.0006
    6.50685      0.0006
    6.50735      0.0006
    6.50785      0.0007
    6.50835      0.0007
    6.50885      0.0008
    6.50935      0.0009
    6.50985      0.0010
    6.51035      0.0011
    6.51085      0.0012
    6.51135      0.0013
    6.51185      0.0014
    6.51235      0.0014
    6.51285      0.0015
    6.51335      0.0016
    6.51385      0.0016
    6.51435      0.0016
    6.51485      0.0016
    6.51535      0.0016
    6.51585      0.0015
    6.51635      0.0015
    6.51685      0.0014
    6.51735      0.0013
    6.51785      0.0012
    6.51835      0.0012
    6.51885      0.0011
    6.51935      0.0009
    6.51985      0.0008
    6.52035      0.0007
    6.52085      0.0006
    6.52135      0.0006
    6.52185      0.0005
    6.52235      0.0004
    6.52285      0.0003
    6.52335      0.0003
    6.52385      0.0003
    6.52435      0.0002
    6.52485      0.0002
    6.52535      0.0002
    6.52585      0.0002
    6.52635      0.0002
    6.52685      0.0002
    6.52735      0.0003
    6.52785      0.0003
    6.52835      0.0003
    6.52885      0.0003
    6.52935      0.0003
    6.52985      0.0004
    6.53035      0.0004
    6.53085      0.0004
    6.53135      0.0004
    6.53185      0.0004
    6.53235      0.0004
    6.53285      0.0004
    6.53335      0.0004
    6.53385      0.0004
    6.53435      0.0004
    6.53485      0.0004
    6.53535      0.0004
    6.53585      0.0004
    6.53635      0.0003
    6.53685      0.0003
    6.53735      0.0003
    6.53785      0.0003
    6.53835      0.0003
    6.53885      0.0003