   11.00935      0.0001
   11.00985      0.0001
   11.01035      0.0001
   11.01085      0.0001
   11.01135      0.0001
   11.01185      0.0001
   11.01235      0.0001
   11.01285      0.0001
   11.01335      0.0001
   11.01385      0.0001
   11.01435      0.0001
   11.01485      0.0002
   11.01535      0.0002
   11.01585      0.0002
   11.01635      0.0002
   11.01685      0.0002
   11.01735      0.0002
   11.01785      0.0002
   11.01835      0.0002
   11.01885      0.0002
   11.01935      0.0002
   11.01985      0.0002
   11.02035      0.0002
   11.02085      0.0002
   11.02135      0.0002
   11.02185      0.0002
   11.02235      0.0002
   11.02285      0.0002
   11.02335      0.0003
   11.02385      0.0003
   11.02435      0.0003
   11.02485      0.0003
   11.02535      0.0003
   11.02585      0.0003
   11.02635      0.0003
   11.02685      0.0003
   11.02735      0.0003
   11.02785      0.0003
   11.02835      0.0003
   11.02885      0.0003
   11.02935      0.0003
   11.02985      0.0003
   11.03035      0.0004
   11.03085      0.0004
   11.03135      0.0004
   11.03185      0.0004
   11.03235      0.0004
   11.03285      0.0004
   11.03335      0.0004
   11.03385      0.0004
   11.03435      0.0004
   11.03485      0.0004
   11.03535      0.0004
   11.03585      0.0004
   11.03635      0.0005
   11.03685      0.0005
   11.03735      0.0005
   11.03785      0.0005
   11.03835      0.0005
   11.03885      0.0005
   11.03935      0.0005
   11.03985      0.0005
   11.04035      0.0005
   11.04085      0.0005
   11.04135      0.0006
   11.04185      0.0006
   11.04235      0.0006
   11.04285      0.0006
   11.04335      0.0006
   11.04385      0.0006
   11.04435      0.0006
   11.04485      0.0006
   11.04535      0.0006
   11.04585      0.0006
   11.04635      0.0006
   11.04685      0.0006
   11.04735      0.0007
   11.04785      0.0007
   11.04835      0.0007
   11.04885      0.0007
   11.04935      0.0007
   11.04985      0.0007
   11.05035      0.0007
   11.05085      0.0007
   11.05135      0.0007
   11.05185      0.0007
   11.05235      0.0007
   11.05285      0.0007
   11.05335      0.0007
   11.05385      0.0007
   11.05435      0.0007
   11.05485      0.0007
   11.05535      0.0007
   11.05585      0.0007
   11.05635      0.0007
   11.05685      0.0007
   11.05735      0.0007
   11.05785      0.0007
   11.05835      0.0007
   11.05885      0.0007
   11.05935      0.0007
   11.05985      0.0007
   11.06035      0.0007
   11.06085      0.0007
   11.06135      0.0007
   11.06185      0.0007
   11.06235      0.0007
   11.06285      0.0007
   11.06335      0.0007
   11.06385      0.0007
   11.06435      0.0006
   11.06485      0.0006
   11.06535      0.0006
   11.06585      0.0006
   11.06635      0.0006
   11.06685      0.0006
   11.06735      0.0006
   11.06785      0.0006
   11.06835      0.0006
   11.06885      0.0006
   11.06935      0.0006
   11.06985      0.0006
   11.07035      0.0006
   11.07085      0.0006
   11.07135      0.0006
   11.07185      0.0006
   11.07235      0.0005
   11.07285      0.0005
   11.07335      0.0005
   11.07385      0.0005
   11.07435      0.0005
   11.07485      0.0005
   11.07535      0.0005
   11.07585      0.0005
   11.07635      0.0005
   11.07685      0.0005
   11.07735      0.0005
   11.07785      0.0005
   11.07835      0.0005
   11.07885      0.0005
   11.07935      0.0005
   11.07985      0.0005
   11.08035      0.0005
   11.08085      0.0005
   11.08135      0.0006
   11.08185      0.0006
   11.08235      0.0006
   11.08285      0.0006
   11.08335      0.0006
   11.08385      0.0006
   11.08435      0.0006
   11.08485      0.0006
   11.08535      0.0006
   11.08585      0.0006
   11.08635      0.0007
   11.08685      0.0007
   11.08735      0.0007
   11.08785      0.0007
   11.08835      0.0007
   11.08885      0.0007
   11.08935      0.0007
   11.08985      0.0008
   11.09035      0.0008
   11.09085      0.0008
   11.09135      0.0008
   11.09185      0.0008
   11.09235      0.0008
   11.09285      0.0009
   11.09335      0.0009
   11.09385      0.0009
   11.09435      0.0009
   11.09485      0.0009
   11.09535      0.0009
   11.09585      0.0009
   11.09635      0.0010
   11.09685      0.0010
   11.09735      0.0010
   11.09785      0.0010
   11.09835      0.0010
   11.09885      0.0010
   11.09935      0.0011
   11.09985      0.0011
   11.10035      0.0011
   11.10085      0.0011
   11.10135      0.0011
   11.10185      0.0011
   11.10235      0.0011
   11.10285      0.0012
   11.10335      0.0012
   11.10385      0.0012
   11.10435      0.0012
   11.10485      0.0012
   11.10535      0.0012
   11.10585      0.0012
   11.10635      0.0012
   11.10685      0.0012
   11.10735      0.0012
   11.10785      0.0013
   11.10835      0.0013
   11.10885      0.0013
   11.10935      0.0013
   11.10985      0.0013
   11.11035      0.0013
   11.11085      0.0013
   11.11135      0.0013
   11.11185      0.0013
   11.11235      0.0013
   11.11285      0.0013
   11.11335      0.0013
   11.11385      0.0013
   11.11435      0.0013
   11.11485      0.0013
   11.11535      0.0013
   11.11585      0.0014
   11.11635      0.0014
   11.11685      0.0014
   11.11735      0.0014
   11.11785      0.0014
   11.11835      0.0014
   11.11885      0.0014
   11.11935      0.0014
   11.11985      0.0014
   11.12035      0.0014
   11.12085      0.0014
   11.12135      0.0014
   11.12185      0.0014
   11.12235      0.0015
   11.12285      0.0015
   11.12335      0.0015
   11.12385      0.0015
   11.12435      0.0015
   11.12485      0.0015
   11.12535      0.0015
   11.12585      0.0015
   11.12635      0.0015
   11.12685      0.0016
   11.12735      0.0016
   11.12785      0.0016
   11.12835      0.0016
   11.12885      0.0016
   11.12935      0.0016
   11.12985      0.0017
   11.13035      0.0017
   11.13085      0.0017
   11.13135      0.0017
   11.13185      0.0017
   11.13235      0.0018
   11.13285      0.0018
   11.13335      0.0018
   11.13385      0.0018
   11.13435      0.0018
   11.13485      0.0019
   11.13535      0.0019
   11.13585      0.0019
   11.13635      0.0020
   11.13685      0.0020
   11.13735      0.0020
   11.13785      0.0020
   11.13835      0.0021
   11.13885      0.0021
   11.13935      0.0021
   11.13985      0.0022
   11.14035      0.0022
   11.14085      0.0022
   11.14135      0.0023
   11.14185      0.0023
   11.14235      0.0023
   11.14285      0.0024
   11.14335      0.0024
   11.14385      0.0025
   11.14435      0.0025
   11.14485      0.0025
   11.14535      0.0026
   11.14585      0.0026
   11.14635      0.0027
   11.14685      0.0027
   11.14735      0.0028
   11.14785      0.0028
   11.14835      0.0029
   11.14885      0.0029
   11.14935      0.0029
   11.14985      0.0030
   11.15035      0.0031
   11.15085      0.0031
   11.15135      0.0032
   11.15185      0.0032
   11.15235      0.0033
   11.15285      0.0033
   11.15335      0.0034
   11.15385      0.0034
   11.15435      0.0035
   11.15485      0.0036
   11.15535      0.0036
   11.15585      0.0037
   11.15635      0.0038
   11.15685      0.0038
   11.15735      0.0039
   11.15785      0.0040
   11.15835      0.0040
   11.15885      0.0041
   11.15935      0.0042
   11.15985      0.0043
   11.16035      0.0043
   11.16085      0.0044
   11.16135      0.0045
   11.16185      0.0046
   11.16235      0.0047
   11.16285      0.0048
   11.16335      0.0048
   11.16385      0.0049
   11.16435      0.0050
   11.16485      0.0051
   11.16535      0.0052
   11.16585      0.0053
   11.16635      0.0054
   11.16685      0.0055
   11.16735      0.0056
   11.16785      0.0057
   11.16835      0.0058
   11.16885      0.0059
   11.16935      0.0061
   11.16985      0.0062
   11.17035      0.0063
   11.17085      0.0064
   11.17135      0.0065
   11.17185      0.0066
   11.17235      0.0068
   11.17285      0.0069
   11.17335      0.0070
   11.17385      0.0072
   11.17435      0.0073
   11.17485      0.0075
   11.17535      0.0076
   11.17585      0.0077
   11.17635      0.0079
   11.17685      0.0080
   11.17735      0.0082
   11.17785      0.0084
   11.17835      0.0085
   11.17885      0.0087
   11.17935      0.0089
   11.17985      0.0090
   11.18035      0.0092
   11.18085      0.0094
   11.18135      0.0096
   11.18185      0.0098
   11.18235      0.0100
   11.18285      0.0102
   11.18335      0.0104
   11.18385      0.0107
   11.18435      0.0109
   11.18485      0.0111
   11.18535      0.0114
   11.18585      0.0116
   11.18635      0.0119
   11.18685      0.0122
   11.18735      0.0125
   11.18785      0.0127
   11.18835      0.0130
   11.18885      0.0133
   11.18935      0.0137
   11.18985      0.0140
   11.19035      0.0143
   11.19085      0.0147
   11.19135      0.0150
   11.19185      0.0154
   11.19235      0.0158
   11.19285      0.0162
   11.19335      0.0166
   11.19385      0.0170
   11.19435      0.0174
   11.19485      0.0178
   11.19535      0.0183
   11.19585      0.0188
   11.19635      0.0193
   11.19685      0.0197
   11.19735      0.0203
   11.19785      0.0208
   11.19835      0.0213
   11.19885      0.0219
   11.19935      0.0225
   11.19985      0.0231
   11.20035      0.0237
   11.20085      0.0243
   11.20135      0.0249
   11.20185      0.0256
   11.20235      0.0263
   11.20285      0.0270
   11.20335      0.0277
   11.20385      0.0284
   11.20435      0.0292
   11.20485      0.0299
   11.20535      0.0307
   11.20585      0.0315
   11.20635      0.0324
   11.20685      0.0332
   11.20735      0.0341
   11.20785      0.0350
   11.20835      0.0359
   11.20885      0.0368
   11.20935      0.0378
   11.20985      0.0388
   11.21035      0.0398
   11.21085      0.0408
   11.21135      0.0419
   11.21185      0.0429
   11.21235      0.0440
   11.21285      0.0451
   11.21335      0.0463
   11.21385      0.0475
   11.21435      0.0487
   11.21485      0.0499
   11.21535      0.0511
   11.21585      0.0524
   11.21635      0.0537
   11.21685      0.0550
   11.21735      0.0564
   11.21785      0.0578
   11.21835      0.0592
   11.21885      0.0607
   11.21935      0.0621
   11.21985      0.0637
   11.22035      0.0652
   11.22085      0.0668
   11.22135      0.0684
   11.22185      0.0700
   11.22235      0.0717
   11.22285      0.0734
   11.22335      0.0752
   11.22385      0.0770
   11.22435      0.0788
   11.22485      0.0807
   11.22535      0.0825
   11.22585      0.0845
   11.22635      0.0864
   11.22685      0.0884
   11.22735      0.0904
   11.22785      0.0925
   11.22835      0.0945
   11.22885      0.0966
   11.22935      0.0988
   11.22985      0.1009
   11.23035      0.1031
   11.23085      0.1052
   11.23135      0.1074
   11.23185      0.1096
   11.23235      0.1119
   11.23285      0.1141
   11.23335      0.1164
   11.23385      0.1187
   11.23435      0.1209
   11.23485      0.1232
   11.23535      0.1255
   11.23585      0.1279
   11.23635      0.1302
   11.23685      0.1325
   11.23735      0.1348
   11.23785      0.1371
   11.23835      0.1395
   11.23885      0.1418
   11.23935      0.1441
   11.23985      0.1465
   11.24035      0.1488
   11.24085      0.1511
   11.24135      0.1534
   11.24185      0.1557
   11.24235      0.1580
   11.24285      0.1603
   11.24335      0.1626
   11.24385      0.1648
   11.24435      0.1671
   11.24485      0.1693
   11.24535      0.1716
   11.24585      0.1738
   11.24635      0.1760
   11.24685      0.1781
   11.24735      0.1803
   11.24785      0.1824
   11.24835      0.1845
   11.24885      0.1866
   11.24935      0.1886
   11.24985      0.1906
   11.25035      0.1927
   11.25085      0.1946
   11.25135      0.1966
   11.25185      0.1985
   11.25235      0.2004
   11.25285      0.2023
   11.25335      0.2041
   11.25385      0.2059
   11.25435      0.2077
   11.25485      0.2095
   11.25535      0.2112
   11.25585      0.2129
   11.25635      0.2146
   11.25685      0.2162
   11.25735      0.2179
   11.25785      0.2194
   11.25835      0.2210
   11.25885      0.2225
   11.25935      0.2240
   11.25985      0.2255
   11.26035      0.2269
   11.26085      0.2283
   11.26135      0.2296
   11.26185      0.2310
   11.26235      0.2322
   11.26285      0.2335
   11.26335      0.2347
   11.26385      0.2359
   11.26435      0.2370
   11.26485      0.2381
   11.26535      0.2392
   11.26585      0.2402
   11.26635      0.2412
   11.26685      0.2421
   11.26735      0.2430
   11.26785      0.2439
   11.26835      0.2447
   11.26885      0.2455
   11.26935      0.2462
   11.26985      0.2468
   11.27035      0.2475
   11.27085      0.2481
   11.27135      0.2486
   11.27185      0.2491
   11.27235      0.2495
   11.27285      0.2499
   11.27335      0.2502
   11.27385      0.2505
   11.27435      0.2507
   11.27485      0.2509
   11.27535      0.2511
   11.27585      0.2512
   11.27635      0.2512
   11.27685      0.2512
   11.27735      0.2512
   11.27785      0.2511
   11.27835      0.2511
   11.27885      0.2509
   11.27935      0.2507
   11.27985      0.2505
   11.28035      0.2503
   11.28085      0.2501
   11.28135      0.2498
   11.28185      0.2494
   11.28235      0.2491
   11.28285      0.2487
   11.28335      0.2483
   11.28385      0.2479
   11.28435      0.2475
   11.28485      0.2470
   11.28535      0.2465
   11.28585      0.2460
   11.28635      0.2455
   11.28685      0.2450
   11.28735      0.2444
   11.28785      0.2439
   11.28835      0.2433
   11.28885      0.2427
   11.28935      0.2421
   11.28985      0.2415
   11.29035      0.2409
   11.29085      0.2403
   11.29135      0.2397
   11.29185      0.2390
   11.29235      0.2384
   11.29285      0.2378
   11.29335      0.2372
   11.29385      0.2365
   11.29435      0.2359
   11.29485      0.2352
   11.29535      0.2346
   11.29585      0.2340
   11.29635      0.2334
   11.29685      0.2328
   11.29735      0.2322
   11.29785      0.2316
   11.29835      0.2310
   11.29885      0.2304
   11.29935      0.2298
   11.29985      0.2293
   11.30035      0.2287
   11.30085      0.2282
   11.30135      0.2276
   11.30185      0.2271
   11.30235      0.2266
   11.30285      0.2261
   11.30335      0.2256
   11.30385      0.2251
   11.30435      0.2246
   11.30485      0.2241
   11.30535      0.2237
   11.30585      0.2232
   11.30635      0.2228
   11.30685      0.2223
   11.30735      0.2219
   11.30785      0.2215
   11.30835      0.2211
   11.30885      0.2207
   11.30935      0.2203
   11.30985      0.2199
   11.31035      0.2196
   11.31085      0.2192
   11.31135      0.2189
   11.31185      0.2186
   11.31235      0.2183
   11.31285      0.2179
   11.31335      0.2177
   11.31385      0.2174
   11.31435      0.2171
   11.31485      0.2168
   11.31535      0.2166
   11.31585      0.2164
   11.31635      0.2161
   11.31685      0.2159
   11.31735      0.2157
   11.31785      0.2156
   11.31835      0.2154
   11.31885      0.2153
   11.31935      0.2151
   11.31985      0.2150
   11.32035      0.2149
   11.32085      0.2148
   11.32135      0.2147
   11.32185      0.2146
   11.32235      0.2146
   11.32285      0.2146
   11.32335      0.2145
   11.32385      0.2145
   11.32435      0.2146
   11.32485      0.2146
   11.32535      0.2146
   11.32585      0.2147
   11.32635      0.2147
   11.32685      0.2148
   11.32735      0.2149
   11.32785      0.2150
   11.32835      0.2151
   11.32885      0.2152
   11.32935      0.2154
   11.32985      0.2155
   11.33035      0.2157
   11.33085      0.2159
   11.33135      0.2160
   11.33185      0.2162
   11.33235      0.2164
   11.33285      0.2166
   11.33335      0.2168
   11.33385      0.2171
   11.33435      0.2173
   11.33485      0.2175
   11.33535      0.2178
   11.33585      0.2180
   11.33635      0.2183
   11.33685      0.2186
   11.33735      0.2189
   11.33785      0.2192
   11.33835      0.2194
   11.33885      0.2197
   11.33935      0.2200
   11.33985      0.2204
   11.34035      0.2207
   11.34085      0.2210
   11.34135      0.2213
   11.34185      0.2217
   11.34235      0.2220
   11.34285      0.2223
   11.34335      0.2227
   11.34385      0.2230
   11.34435      0.2234
   11.34485      0.2237
   11.34535      0.2241
   11.34585      0.2245
   11.34635      0.2248
   11.34685      0.2252
   11.34735      0.2256
   11.34785      0.2260
   11.34835      0.2263
   11.34885      0.2267
   11.34935      0.2271
   11.34985      0.2275
   11.35035      0.2279
   11.35085      0.2283
   11.35135      0.2287
   11.35185      0.2291
   11.35235      0.2294
   11.35285      0.2298
   11.35335      0.2302
   11.35385      0.2306
   11.35435      0.2310
   11.35485      0.2314
   11.35535      0.2318
   11.35585      0.2322
   11.35635      0.2326
   11.35685      0.2330
   11.35735      0.2334
   11.35785      0.2338
   11.35835      0.2341
   11.35885      0.2345
   11.35935      0.2349
   11.35985      0.2353
   11.36035      0.2357
   11.36085      0.2361
   11.36135      0.2364
   11.36185      0.2368
   11.36235      0.2372
   11.36285      0.2375
   11.36335      0.2379
   11.36385      0.2382
   11.36435      0.2386
   11.36485      0.2390
   11.36535      0.2393
   11.36585      0.2396
   11.36635      0.2400
   11.36685      0.2403
   11.36735      0.2406
   11.36785      0.2409
   11.36835      0.2413
   11.36885      0.2416
   11.36935      0.2419
   11.36985      0.2422
   11.37035      0.2425
   11.37085      0.2427
   11.37135      0.2430
   11.37185      0.2433
   11.37235      0.2435
   11.37285      0.2438
   11.37335      0.2440
   11.37385      0.2443
   11.37435      0.2445
   11.37485      0.2447
   11.37535      0.2450
   11.37585      0.2452
   11.37635      0.2454
   11.37685      0.2455
   11.37735      0.2457
   11.37785      0.2459
   11.37835      0.2461
   11.37885      0.2462
   11.37935      0.2463
   11.37985      0.2465
   11.38035      0.2466
   11.38085      0.2467
   11.38135      0.2468
   11.38185      0.2469
   11.38235      0.2470
   11.38285      0.2471
   11.38335      0.2471
   11.38385      0.2472
   11.38435      0.2472
   11.38485      0.2472
   11.38535      0.2472
   11.38585      0.2472
   11.38635      0.2472
   11.38685      0.2472
   11.38735      0.2471
   11.38785      0.2471
   11.38835      0.2470
   11.38885      0.2469
   11.38935      0.2468
   11.38985      0.2467
   11.39035      0.2466
   11.39085      0.2465
   11.39135      0.2463
   11.39185      0.2461
   11.39235      0.2459
   11.39285      0.2457
   11.39335      0.2455
   11.39385      0.2453
   11.39435      0.2450
   11.39485      0.2448
   11.39535      0.2445
   11.39585      0.2441
   11.39635      0.2438
   11.39685      0.2435
   11.39735      0.2431
   11.39785      0.2427
   11.39835      0.2423
   11.39885      0.2419
   11.39935      0.2414
   11.39985      0.2410
   11.40035      0.2405
   11.40085      0.2400
   11.40135      0.2395
   11.40185      0.2389
   11.40235      0.2384
   11.40285      0.2378
   11.40335      0.2372
   11.40385      0.2366
   11.40435      0.2360
   11.40485      0.2354
   11.40535      0.2347
   11.40585      0.2340
   11.40635      0.2334
   11.40685      0.2327
   11.40735      0.2319
   11.40785      0.2312
   11.40835      0.2304
   11.40885      0.2297
   11.40935      0.2289
   11.40985      0.2281
   11.41035      0.2272
   11.41085      0.2264
   11.41135      0.2256
   11.41185      0.2247
   11.41235      0.2238
   11.41285      0.2229
   11.41335      0.2220
   11.41385      0.2210
   11.41435      0.2201
   11.41485      0.2191
   11.41535      0.2181
   11.41585      0.2171
   11.41635      0.2161
   11.41685      0.2151
   11.41735      0.2140
   11.41785      0.2129
   11.41835      0.2118
   11.41885      0.2107
   11.41935      0.2096
   11.41985      0.2085
   11.42035      0.2073
   11.42085      0.2061
   11.42135      0.2049
   11.42185      0.2037
   11.42235      0.2025
   11.42285      0.2013
   11.42335      0.2000
   11.42385      0.1987
   11.42435      0.1974
   11.42485      0.1961
   11.42535      0.1948
   11.42585      0.1934
   11.42635      0.1921
   11.42685      0.1907
   11.42735      0.1893
   11.42785      0.1879
   11.42835      0.1865
   11.42885      0.1851
   11.42935      0.1837
   11.42985      0.1823
   11.43035      0.1808
   11.43085      0.1794
   11.43135      0.1779
   11.43185      0.1764
   11.43235      0.1750
   11.43285      0.1735
   11.43335      0.1720
   11.43385      0.1705
   11.43435      0.1690
   11.43485      0.1674
   11.43535      0.1659
   11.43585      0.1644
   11.43635      0.1629
   11.43685      0.1613
   11.43735      0.1598
   11.43785      0.1583
   11.43835      0.1567
   11.43885      0.1552
   11.43935      0.1536
   11.43985      0.1521
   11.44035      0.1505
   11.44085      0.1490
   11.44135      0.1474
   11.44185      0.1459
   11.44235      0.1443
   11.44285      0.1428
   11.44335      0.1412
   11.44385      0.1397
   11.44435      0.1381
   11.44485      0.1366
   11.44535      0.1350
   11.44585      0.1335
   11.44635      0.1320
   11.44685      0.1304
   11.44735      0.1289
   11.44785      0.1274
   11.44835      0.1259
   11.44885      0.1243
   11.44935      0.1228
   11.44985      0.1213
   11.45035      0.1198
   11.45085      0.1183
   11.45135      0.1168
   11.45185      0.1154
   11.45235      0.1139
   11.45285      0.1124
   11.45335      0.1110
   11.45385      0.1095
   11.45435      0.1081
   11.45485      0.1066
   11.45535      0.1052
   11.45585      0.1037
   11.45635      0.1023
   11.45685      0.1009
   11.45735      0.0995
   11.45785      0.0981
   11.45835      0.0967
   11.45885      0.0953
   11.45935      0.0939
   11.45985      0.0926
   11.46035      0.0912
   11.46085      0.0899
   11.46135      0.0885
   11.46185      0.0872
   11.46235      0.0859
   11.46285      0.0846
   11.46335      0.0833
   11.46385      0.0820
   11.46435      0.0807
   11.46485      0.0795
   11.46535      0.0782
   11.46585      0.0770
   11.46635      0.0757
   11.46685      0.0745
   11.46735      0.0733
   11.46785      0.0721
   11.46835      0.0709
   11.46885      0.0697
   11.46935      0.0686
   11.46985      0.0674
   11.47035      0.0663
   11.47085      0.0652
   11.47135      0.0641
   11.47185      0.0630
   11.47235      0.0620
   11.47285      0.0609
   11.47335      0.0599
   11.47385      0.0588
   11.47435      0.0578
   11.47485      0.0568
   11.47535      0.0559
   11.47585      0.0549
   11.47635      0.0539
   11.47685      0.0530
   11.47735      0.0521
   11.47785      0.0512
   11.47835      0.0503
   11.47885      0.0494
   11.47935      0.0485
   11.47985      0.0477
   11.48035      0.0468
   11.48085      0.0460
   11.48135      0.0452
   11.48185      0.0443
   11.48235      0.0435
   11.48285      0.0428
   11.48335      0.0420
   11.48385      0.0412
   11.48435      0.0405
   11.48485      0.0397
   11.48535      0.0390
   11.48585      0.0383
   11.48635      0.0376
   11.48685      0.0369
   11.48735      0.0362
   11.48785      0.0355
   11.48835      0.0348
   11.48885      0.0342
   11.48935      0.0335
   11.48985      0.0329
   11.49035      0.0323
   11.49085      0.0317
   11.49135      0.0311
   11.49185      0.0305
   11.49235      0.0299
   11.49285      0.0293
   11.49335      0.0288
   11.49385      0.0282
   11.49435      0.0277
   11.49485      0.0271
   11.49535      0.0266
   11.49585      0.0261
   11.49635      0.0256
   11.49685      0.0251
   11.49735      0.0246
   11.49785      0.0241
   11.49835      0.0237
   11.49885      0.0232
   11.49935      0.0228
   11.49985      0.0223
   11.50035      0.0219
   11.50085      0.0215
   11.50135      0.0211
   11.50185      0.0207
   11.50235      0.0203
   11.50285      0.0199
   11.50335      0.0195
   11.50385      0.0191
   11.50435      0.0188
   11.50485      0.0184
   11.50535      0.0180
   11.50585      0.0177
   11.50635      0.0174
   11.50685      0.0170
   11.50735      0.0167
   11.50785      0.0164
   11.50835      0.0161
   11.50885      0.0158
   11.50935      0.0155
   11.50985      0.0152
   11.51035      0.0149
   11.51085      0.0146
   11.51135      0.0144
   11.51185      0.0141
   11.51235      0.0138
   11.51285      0.0136
   11.51335      0.0133
   11.51385      0.0131
   11.51435      0.0128
   11.51485      0.0126
   11.51535      0.0124
   11.51585      0.0121
   11.51635      0.0119
   11.51685      0.0117
   11.51735      0.0115
   11.51785      0.0113
   11.51835      0.0111
   11.51885      0.0109
   11.51935      0.0107
   11.51985      0.0105
   11.52035      0.0103
   11.52085      0.0101
   11.52135      0.0099
   11.52185      0.0097
   11.52235      0.0096
   11.52285      0.0094
   11.52335      0.0092
   11.52385      0.0091
   11.52435      0.0089
   11.52485      0.0087
   11.52535      0.0086
   11.52585      0.0084
   11.52635      0.0083
   11.52685      0.0081
   11.52735      0.0080
   11.52785      0.0079
   11.52835      0.0077
   11.52885      0.0076
   11.52935      0.0075
   11.52985      0.0073
   11.53035      0.0072
   11.53085      0.0071
   11.53135      0.0070
   11.53185      0.0068
   11.53235      0.0067
   11.53285      0.0066
   11.53335      0.0065
   11.53385      0.0064
   11.53435      0.0063
   11.53485      0.0062
   11.53535      0.0061
   11.53585      0.0060
   11.53635      0.0059
   11.53685      0.0058
   11.53735      0.0057
   11.53785      0.0056
   11.53835      0.0055
   11.53885      0.0054
   11.53935      0.0053
   11.53985      0.0052
   11.54035      0.0052
   11.54085      0.0051
   11.54135      0.0050
   11.54185      0.0049
   11.54235      0.0048
   11.54285      0.0048
   11.54335      0.0047
   11.54385      0.0046
   11.54435      0.0046
   11.54485      0.0045
   11.54535      0.0044
   11.54585      0.0043
   11.54635      0.0043
   11.54685      0.0042
   11.54735      0.0042
   11.54785      0.0041
   11.54835      0.0040
   11.54885      0.0040
   11.54935      0.0039
   11.54985      0.0039
   11.55035      0.0038
   11.55085      0.0038
   11.55135      0.0037
   11.55185      0.0037
   11.55235      0.0036
   11.55285      0.0036
   11.55335      0.0035
   11.55385      0.0035
   11.55435      0.0034
   11.55485      0.0034
   11.55535      0.0033
   11.55585      0.0033
   11.55635      0.0032
   11.55685      0.0032
   11.55735      0.0032
   11.55785      0.0031
   11.55835      0.0031
   11.55885      0.0030
   11.55935      0.0030
   11.55985      0.0030
   11.56035      0.0029
   11.56085      0.0029
   11.56135      0.0029
   11.56185      0.0028
   11.56235      0.0028
   11.56285      0.0027
   11.56335      0.0027
   11.56385      0.0027
   11.56435      0.0026
   11.56485      0.0026
   11.56535      0.0026
   11.56585      0.0025
   11.56635      0.0025
   11.56685      0.0025
   11.56735      0.0024
   11.56785      0.0024
   11.56835      0.0024
   11.56885      0.0024
   11.56935      0.0023
   11.56985      0.0023
   11.57035      0.0023
   11.57085      0.0022
   11.57135      0.0022
   11.57185      0.0022
   11.57235      0.0021
   11.57285      0.0021
   11.57335      0.0021
   11.57385      0.0020
   11.57435      0.0020
   11.57485      0.0020
   11.57535      0.0019
   11.57585      0.0019
   11.57635      0.0019
   11.57685      0.0018
   11.57735      0.0018
   11.57785      0.0018
   11.57835      0.0017
   11.57885      0.0017
   11.57935      0.0017
   11.57985      0.0016
   11.58035      0.0016
   11.58085      0.0016
   11.58135      0.0015
   11.58185      0.0015
   11.58235      0.0015
   11.58285      0.0014
   11.58335      0.0014
   11.58385      0.0014
   11.58435      0.0013
   11.58485      0.0013
   11.58535      0.0013
   11.58585      0.0012
   11.58635      0.0012
   11.58685      0.0012
   11.58735      0.0012
   11.58785      0.0011
   11.58835      0.0011
   11.58885      0.0011
   11.58935      0.0010
   11.58985      0.0010
   11.59035      0.0010
   11.59085      0.0009
   11.59135      0.0009
   11.59185      0.0009
   11.59235      0.0008
   11.59285      0.0008
   11.59335      0.0008
   11.59385      0.0007
   11.59435      0.0007
   11.59485      0.0007
   11.59535      0.0006
   11.59585      0.0006
   11.59635      0.0006
   11.59685      0.0005
   11.59735      0.0005
   11.59785      0.0005
   11.59835      0.0005
   11.59885      0.0004
   11.59935      0.0004
   11.59985      0.0004
   11.60035      0.0003