   10.35010      0.0002
   10.35060      0.0002
   10.35110      0.0002
   10.35160      0.0002
   10.35210      0.0002
   10.35260      0.0002
   10.35310      0.0002
   10.35360      0.0003
   10.35410      0.0003
   10.35460      0.0003
   10.35510      0.0003
   10.35560      0.0003
   10.35610      0.0003
   10.35660      0.0003
   10.35710      0.0003
   10.35760      0.0003
   10.35810      0.0003
   10.35860      0.0004
   10.35910      0.0004
   10.35960      0.0004
   10.36010      0.0004
   10.36060      0.0004
   10.36110      0.0004
   10.36160      0.0004
   10.36210      0.0004
   10.36260      0.0004
   10.36310      0.0004
   10.36360      0.0005
   10.36410      0.0005
   10.36460      0.0005
   10.36510      0.0005
   10.36560      0.0005
   10.36610      0.0005
   10.36660      0.0005
   10.36710      0.0005
   10.36760      0.0006
   10.36810      0.0006
   10.36860      0.0006
   10.36910      0.0006
   10.36960      0.0006
   10.37010      0.0006
   10.37060      0.0006
   10.37110      0.0006
   10.37160      0.0007
   10.37210      0.0007
   10.37260      0.0007
   10.37310      0.0007
   10.37360      0.0007
   10.37410      0.0007
   10.37460      0.0007
   10.37510      0.0008
   10.37560      0.0008
   10.37610      0.0008
   10.37660      0.0008
   10.37710      0.0008
   10.37760      0.0008
   10.37810      0.0008
   10.37860      0.0009
   10.37910      0.0009
   10.37960      0.0009
   10.38010      0.0009
   10.38060      0.0009
   10.38110      0.0009
   10.38160      0.0009
   10.38210      0.0010
   10.38260      0.0010
   10.38310      0.0010
   10.38360      0.0010
   10.38410      0.0010
   10.38460      0.0010
   10.38510      0.0010
   10.38560      0.0011
   10.38610      0.0011
   10.38660      0.0011
   10.38710      0.0011
   10.38760      0.0011
   10.38810      0.0011
   10.38860      0.0012
   10.38910      0.0012
   10.38960      0.0012
   10.39010      0.0012
   10.39060      0.0012
   10.39110      0.0012
   10.39160      0.0012
   10.39210      0.0013
   10.39260      0.0013
   10.39310      0.0013
   10.39360      0.0013
   10.39410      0.0013
   10.39460      0.0013
   10.39510      0.0013
   10.39560      0.0013
   10.39610      0.0014
   10.39660      0.0014
   10.39710      0.0014
   10.39760      0.0014
   10.39810      0.0014
   10.39860      0.0014
   10.39910      0.0014
   10.39960      0.0015
   10.40010      0.0015
   10.40060      0.0015
   10.40110      0.0015
   10.40160      0.0015
   10.40210      0.0015
   10.40260      0.0015
   10.40310      0.0015
   10.40360      0.0016
   10.40410      0.0016
   10.40460      0.0016
   10.40510      0.0016
   10.40560      0.0016
   10.40610      0.0016
   10.40660      0.0016
   10.40710      0.0017
   10.40760      0.0017
   10.40810      0.0017
   10.40860      0.0017
   10.40910      0.0017
   10.40960      0.0017
   10.41010      0.0017
   10.41060      0.0017
   10.41110      0.0018
   10.41160      0.0018
   10.41210      0.0018
   10.41260      0.0018
   10.41310      0.0018
   10.41360      0.0018
   10.41410      0.0018
   10.41460      0.0019
   10.41510      0.0019
   10.41560      0.0019
   10.41610      0.0019
   10.41660      0.0019
   10.41710      0.0019
   10.41760      0.0019
   10.41810      0.0020
   10.41860      0.0020
   10.41910      0.0020
   10.41960      0.0020
   10.42010      0.0020
   10.42060      0.0020
   10.42110      0.0021
   10.42160      0.0021
   10.42210      0.0021
   10.42260      0.0021
   10.42310      0.0021
   10.42360      0.0021
   10.42410      0.0021
   10.42460      0.0022
   10.42510      0.0022
   10.42560      0.0022
   10.42610      0.0022
   10.42660      0.0022
   10.42710      0.0022
   10.42760      0.0022
   10.42810      0.0023
   10.42860      0.0023
   10.42910      0.0023
   10.42960      0.0023
   10.43010      0.0023
   10.43060      0.0023
   10.43110      0.0024
   10.43160      0.0024
   10.43210      0.0024
   10.43260      0.0024
   10.43310      0.0024
   10.43360      0.0024
   10.43410      0.0024
   10.43460      0.0025
   10.43510      0.0025
   10.43560      0.0025
   10.43610      0.0025
   10.43660      0.0025
   10.43710      0.0025
   10.43760      0.0025
   10.43810      0.0026
   10.43860      0.0026
   10.43910      0.0026
   10.43960      0.0026
   10.44010      0.0026
   10.44060      0.0026
   10.44110      0.0027
   10.44160      0.0027
   10.44210      0.0027
   10.44260      0.0027
   10.44310      0.0027
   10.44360      0.0027
   10.44410      0.0028
   10.44460      0.0028
   10.44510      0.0028
   10.44560      0.0028
   10.44610      0.0028
   10.44660      0.0028
   10.44710      0.0029
   10.44760      0.0029
   10.44810      0.0029
   10.44860      0.0029
   10.44910      0.0029
   10.44960      0.0030
   10.45010      0.0030
   10.45060      0.0030
   10.45110      0.0030
   10.45160      0.0031
   10.45210      0.0031
   10.45260      0.0031
   10.45310      0.0031
   10.45360      0.0032
   10.45410      0.0032
   10.45460      0.0032
   10.45510      0.0032
   10.45560      0.0033
   10.45610      0.0033
   10.45660      0.0033
   10.45710      0.0034
   10.45760      0.0034
   10.45810      0.0034
   10.45860      0.0035
   10.45910      0.0035
   10.45960      0.0035
   10.46010      0.0036
   10.46060      0.0036
   10.46110      0.0036
   10.46160      0.0037
   10.46210      0.0037
   10.46260      0.0038
   10.46310      0.0038
   10.46360      0.0038
   10.46410      0.0039
   10.46460      0.0039
   10.46510      0.0040
   10.46560      0.0040
   10.46610      0.0041
   10.46660      0.0041
   10.46710      0.0042
   10.46760      0.0042
   10.46810      0.0043
   10.46860      0.0043
   10.46910      0.0044
   10.46960      0.0044
   10.47010      0.0045
   10.47060      0.0046
   10.47110      0.0046
   10.47160      0.0047
   10.47210      0.0048
   10.47260      0.0048
   10.47310      0.0049
   10.47360      0.0050
   10.47410      0.0050
   10.47460      0.0051
   10.47510      0.0052
   10.47560      0.0052
   10.47610      0.0053
   10.47660      0.0054
   10.47710      0.0055
   10.47760      0.0056
   10.47810      0.0057
   10.47860      0.0057
   10.47910      0.0058
   10.47960      0.0059
   10.48010      0.0060
   10.48060      0.0061
   10.48110      0.0062
   10.48160      0.0063
   10.48210      0.0064
   10.48260      0.0065
   10.48310      0.0066
   10.48360      0.0067
   10.48410      0.0068
   10.48460      0.0069
   10.48510      0.0070
   10.48560      0.0071
   10.48610      0.0072
   10.48660      0.0074
   10.48710      0.0075
   10.48760      0.0076
   10.48810      0.0077
   10.48860      0.0078
   10.48910      0.0079
   10.48960      0.0081
   10.49010      0.0082
   10.49060      0.0083
   10.49110      0.0084
   10.49160      0.0086
   10.49210      0.0087
   10.49260      0.0088
   10.49310      0.0090
   10.49360      0.0091
   10.49410      0.0092
   10.49460      0.0094
   10.49510      0.0095
   10.49560      0.0096
   10.49610      0.0098
   10.49660      0.0099
   10.49710      0.0101
   10.49760      0.0102
   10.49810      0.0104
   10.49860      0.0105
   10.49910      0.0107
   10.49960      0.0108
   10.50010      0.0110
   10.50060      0.0111
   10.50110      0.0113
   10.50160      0.0114
   10.50210      0.0116
   10.50260      0.0118
   10.50310      0.0119
   10.50360      0.0121
   10.50410      0.0123
   10.50460      0.0124
   10.50510      0.0126
   10.50560      0.0128
   10.50610      0.0130
   10.50660      0.0131
   10.50710      0.0133
   10.50760      0.0135
   10.50810      0.0137
   10.50860      0.0139
   10.50910      0.0141
   10.50960      0.0143
   10.51010      0.0145
   10.51060      0.0146
   10.51110      0.0148
   10.51160      0.0150
   10.51210      0.0152
   10.51260      0.0155
   10.51310      0.0157
   10.51360      0.0159
   10.51410      0.0161
   10.51460      0.0163
   10.51510      0.0165
   10.51560      0.0167
   10.51610      0.0170
   10.51660      0.0172
   10.51710      0.0174
   10.51760      0.0176
   10.51810      0.0179
   10.51860      0.0181
   10.51910      0.0184
   10.51960      0.0186
   10.52010      0.0188
   10.52060      0.0191
   10.52110      0.0193
   10.52160      0.0196
   10.52210      0.0199
   10.52260      0.0201
   10.52310      0.0204
   10.52360      0.0207
   10.52410      0.0209
   10.52460      0.0212
   10.52510      0.0215
   10.52560      0.0218
   10.52610      0.0220
   10.52660      0.0223
   10.52710      0.0226
   10.52760      0.0229
   10.52810      0.0232
   10.52860      0.0235
   10.52910      0.0238
   10.52960      0.0241
   10.53010      0.0245
   10.53060      0.0248
   10.53110      0.0251
   10.53160      0.0254
   10.53210      0.0258
   10.53260      0.0261
   10.53310      0.0264
   10.53360      0.0268
   10.53410      0.0271
   10.53460      0.0275
   10.53510      0.0279
   10.53560      0.0282
   10.53610      0.0286
   10.53660      0.0290
   10.53710      0.0293
   10.53760      0.0297
   10.53810      0.0301
   10.53860      0.0305
   10.53910      0.0309
   10.53960      0.0313
   10.54010      0.0317
   10.54060      0.0321
   10.54110      0.0326
   10.54160      0.0330
   10.54210      0.0334
   10.54260      0.0339
   10.54310      0.0343
   10.54360      0.0348
   10.54410      0.0352
   10.54460      0.0357
   10.54510      0.0361
   10.54560      0.0366
   10.54610      0.0371
   10.54660      0.0376
   10.54710      0.0381
   10.54760      0.0386
   10.54810      0.0391
   10.54860      0.0396
   10.54910      0.0401
   10.54960      0.0406
   10.55010      0.0411
   10.55060      0.0417
   10.55110      0.0422
   10.55160      0.0428
   10.55210      0.0433
   10.55260      0.0439
   10.55310      0.0444
   10.55360      0.0450
   10.55410      0.0456
   10.55460      0.0462
   10.55510      0.0467
   10.55560      0.0473
   10.55610      0.0479
   10.55660      0.0486
   10.55710      0.0492
   10.55760      0.0498
   10.55810      0.0504
   10.55860      0.0511
   10.55910      0.0517
   10.55960      0.0524
   10.56010      0.0530
   10.56060      0.0537
   10.56110      0.0544
   10.56160      0.0551
   10.56210      0.0558
   10.56260      0.0565
   10.56310      0.0572
   10.56360      0.0579
   10.56410      0.0586
   10.56460      0.0593
   10.56510      0.0601
   10.56560      0.0608
   10.56610      0.0616
   10.56660      0.0623
   10.56710      0.0631
   10.56760      0.0639
   10.56810      0.0647
   10.56860      0.0655
   10.56910      0.0663
   10.56960      0.0671
   10.57010      0.0679
   10.57060      0.0687
   10.57110      0.0695
   10.57160      0.0704
   10.57210      0.0712
   10.57260      0.0721
   10.57310      0.0729
   10.57360      0.0738
   10.57410      0.0747
   10.57460      0.0755
   10.57510      0.0764
   10.57560      0.0773
   10.57610      0.0782
   10.57660      0.0791
   10.57710      0.0800
   10.57760      0.0810
   10.57810      0.0819
   10.57860      0.0828
   10.57910      0.0838
   10.57960      0.0847
   10.58010      0.0857
   10.58060      0.0867
   10.58110      0.0876
   10.58160      0.0886
   10.58210      0.0896
   10.58260      0.0906
   10.58310      0.0916
   10.58360      0.0926
   10.58410      0.0937
   10.58460      0.0947
   10.58510      0.0957
   10.58560      0.0968
   10.58610      0.0978
   10.58660      0.0989
   10.58710      0.1000
   10.58760      0.1010
   10.58810      0.1021
   10.58860      0.1032
   10.58910      0.1043
   10.58960      0.1054
   10.59010      0.1065
   10.59060      0.1076
   10.59110      0.1087
   10.59160      0.1098
   10.59210      0.1110
   10.59260      0.1121
   10.59310      0.1132
   10.59360      0.1144
   10.59410      0.1155
   10.59460      0.1167
   10.59510      0.1179
   10.59560      0.1190
   10.59610      0.1202
   10.59660      0.1214
   10.59710      0.1226
   10.59760      0.1237
   10.59810      0.1249
   10.59860      0.1261
   10.59910      0.1273
   10.59960      0.1285
   10.60010      0.1298
   10.60060      0.1310
   10.60110      0.1322
   10.60160      0.1334
   10.60210      0.1346
   10.60260      0.1359
   10.60310      0.1371
   10.60360      0.1383
   10.60410      0.1396
   10.60460      0.1408
   10.60510      0.1421
   10.60560      0.1433
   10.60610      0.1446
   10.60660      0.1458
   10.60710      0.1471
   10.60760      0.1484
   10.60810      0.1496
   10.60860      0.1509
   10.60910      0.1522
   10.60960      0.1534
   10.61010      0.1547
   10.61060      0.1560
   10.61110      0.1573
   10.61160      0.1586
   10.61210      0.1598
   10.61260      0.1611
   10.61310      0.1624
   10.61360      0.1637
   10.61410      0.1650
   10.61460      0.1663
   10.61510      0.1675
   10.61560      0.1688
   10.61610      0.1701
   10.61660      0.1714
   10.61710      0.1727
   10.61760      0.1739
   10.61810      0.1752
   10.61860      0.1765
   10.61910      0.1778
   10.61960      0.1790
   10.62010      0.1803
   10.62060      0.1816
   10.62110      0.1828
   10.62160      0.1841
   10.62210      0.1854
   10.62260      0.1866
   10.62310      0.1879
   10.62360      0.1891
   10.62410      0.1904
   10.62460      0.1916
   10.62510      0.1928
   10.62560      0.1941
   10.62610      0.1953
   10.62660      0.1965
   10.62710      0.1977
   10.62760      0.1990
   10.62810      0.2002
   10.62860      0.2014
   10.62910      0.2026
   10.62960      0.2038
   10.63010      0.2049
   10.63060      0.2061
   10.63110      0.2073
   10.63160      0.2085
   10.63210      0.2096
   10.63260      0.2108
   10.63310      0.2119
   10.63360      0.2131
   10.63410      0.2142
   10.63460      0.2154
   10.63510      0.2165
   10.63560      0.2176
   10.63610      0.2187
   10.63660      0.2198
   10.63710      0.2209
   10.63760      0.2220
   10.63810      0.2231
   10.63860      0.2242
   10.63910      0.2253
   10.63960      0.2263
   10.64010      0.2274
   10.64060      0.2284
   10.64110      0.2295
   10.64160      0.2305
   10.64210      0.2315
   10.64260      0.2325
   10.64310      0.2335
   10.64360      0.2345
   10.64410      0.2355
   10.64460      0.2365
   10.64510      0.2375
   10.64560      0.2384
   10.64610      0.2394
   10.64660      0.2403
   10.64710      0.2412
   10.64760      0.2421
   10.64810      0.2431
   10.64860      0.2439
   10.64910      0.2448
   10.64960      0.2457
   10.65010      0.2466
   10.65060      0.2474
   10.65110      0.2483
   10.65160      0.2491
   10.65210      0.2499
   10.65260      0.2507
   10.65310      0.2515
   10.65360      0.2523
   10.65410      0.2531
   10.65460      0.2539
   10.65510      0.2546
   10.65560      0.2554
   10.65610      0.2561
   10.65660      0.2569
   10.65710      0.2576
   10.65760      0.2583
   10.65810      0.2590
   10.65860      0.2597
   10.65910      0.2604
   10.65960      0.2611
   10.66010      0.2618
   10.66060      0.2624
   10.66110      0.2631
   10.66160      0.2637
   10.66210      0.2644
   10.66260      0.2650
   10.66310      0.2656
   10.66360      0.2662
   10.66410      0.2668
   10.66460      0.2674
   10.66510      0.2680
   10.66560      0.2686
   10.66610      0.2691
   10.66660      0.2697
   10.66710      0.2702
   10.66760      0.2708
   10.66810      0.2713
   10.66860      0.2718
   10.66910      0.2723
   10.66960      0.2728
   10.67010      0.2733
   10.67060      0.2738
   10.67110      0.2743
   10.67160      0.2747
   10.67210      0.2752
   10.67260      0.2757
   10.67310      0.2761
   10.67360      0.2765
   10.67410      0.2769
   10.67460      0.2774
   10.67510      0.2778
   10.67560      0.2782
   10.67610      0.2786
   10.67660      0.2790
   10.67710      0.2793
   10.67760      0.2797
   10.67810      0.2801
   10.67860      0.2804
   10.67910      0.2808
   10.67960      0.2811
   10.68010      0.2814
   10.68060      0.2818
   10.68110      0.2821
   10.68160      0.2824
   10.68210      0.2827
   10.68260      0.2830
   10.68310      0.2833
   10.68360      0.2836
   10.68410      0.2839
   10.68460      0.2842
   10.68510      0.2844
   10.68560      0.2847
   10.68610      0.2850
   10.68660      0.2852
   10.68710      0.2855
   10.68760      0.2857
   10.68810      0.2860
   10.68860      0.2862
   10.68910      0.2864
   10.68960      0.2866
   10.69010      0.2868
   10.69060      0.2871
   10.69110      0.2873
   10.69160      0.2875
   10.69210      0.2876
   10.69260      0.2878
   10.69310      0.2880
   10.69360      0.2882
   10.69410      0.2884
   10.69460      0.2885
   10.69510      0.2887
   10.69560      0.2889
   10.69610      0.2890
   10.69660      0.2892
   10.69710      0.2893
   10.69760      0.2894
   10.69810      0.2896
   10.69860      0.2897
   10.69910      0.2898
   10.69960      0.2900
   10.70010      0.2901
   10.70060      0.2902
   10.70110      0.2903
   10.70160      0.2904
   10.70210      0.2905
   10.70260      0.2907
   10.70310      0.2908
   10.70360      0.2909
   10.70410      0.2910
   10.70460      0.2910
   10.70510      0.2911
   10.70560      0.2912
   10.70610      0.2913
   10.70660      0.2914
   10.70710      0.2915
   10.70760      0.2916
   10.70810      0.2917
   10.70860      0.2917
   10.70910      0.2918
   10.70960      0.2919
   10.71010      0.2920
   10.71060      0.2920
   10.71110      0.2921
   10.71160      0.2922
   10.71210      0.2922
   10.71260      0.2923
   10.71310      0.2924
   10.71360      0.2924
   10.71410      0.2925
   10.71460      0.2926
   10.71510      0.2926
   10.71560      0.2927
   10.71610      0.2927
   10.71660      0.2928
   10.71710      0.2929
   10.71760      0.2929
   10.71810      0.2930
   10.71860      0.2930
   10.71910      0.2931
   10.71960      0.2932
   10.72010      0.2932
   10.72060      0.2933
   10.72110      0.2933
   10.72160      0.2934
   10.72210      0.2934
   10.72260      0.2935
   10.72310      0.2936
   10.72360      0.2936
   10.72410      0.2937
   10.72460      0.2937
   10.72510      0.2938
   10.72560      0.2938
   10.72610      0.2939
   10.72660      0.2939
   10.72710      0.2940
   10.72760      0.2940
   10.72810      0.2941
   10.72860      0.2941
   10.72910      0.2942
   10.72960      0.2943
   10.73010      0.2943
   10.73060      0.2944
   10.73110      0.2944
   10.73160      0.2945
   10.73210      0.2945
   10.73260      0.2946
   10.73310      0.2946
   10.73360      0.2947
   10.73410      0.2948
   10.73460      0.2948
   10.73510      0.2949
   10.73560      0.2949
   10.73610      0.2950
   10.73660      0.2951
   10.73710      0.2951
   10.73760      0.2952
   10.73810      0.2952
   10.73860      0.2953
   10.73910      0.2954
   10.73960      0.2954
   10.74010      0.2955
   10.74060      0.2956
   10.74110      0.2956
   10.74160      0.2957
   10.74210      0.2957
   10.74260      0.2958
   10.74310      0.2959
   10.74360      0.2959
   10.74410      0.2960
   10.74460      0.2961
   10.74510      0.2961
   10.74560      0.2962
   10.74610      0.2963
   10.74660      0.2964
   10.74710      0.2964
   10.74760      0.2965
   10.74810      0.2966
   10.74860      0.2966
   10.74910      0.2967
   10.74960      0.2968
   10.75010      0.2968
   10.75060      0.2969
   10.75110      0.2970
   10.75160      0.2971
   10.75210      0.2971
   10.75260      0.2972
   10.75310      0.2973
   10.75360      0.2973
   10.75410      0.2974
   10.75460      0.2975
   10.75510      0.2976
   10.75560      0.2976
   10.75610      0.2977
   10.75660      0.2978
   10.75710      0.2979
   10.75760      0.2979
   10.75810      0.2980
   10.75860      0.2981
   10.75910      0.2982
   10.75960      0.2982
   10.76010      0.2983
   10.76060      0.2984
   10.76110      0.2985
   10.76160      0.2985
   10.76210      0.2986
   10.76260      0.2987
   10.76310      0.2988
   10.76360      0.2988
   10.76410      0.2989
   10.76460      0.2990
   10.76510      0.2990
   10.76560      0.2991
   10.76610      0.2992
   10.76660      0.2993
   10.76710      0.2993
   10.76760      0.2994
   10.76810      0.2995
   10.76860      0.2996
   10.76910      0.2996
   10.76960      0.2997
   10.77010      0.2998
   10.77060      0.2999
   10.77110      0.2999
   10.77160      0.3000
   10.77210      0.3001
   10.77260      0.3002
   10.77310      0.3002
   10.77360      0.3003
   10.77410      0.3004
   10.77460      0.3005
   10.77510      0.3005
   10.77560      0.3006
   10.77610      0.3007
   10.77660      0.3007
   10.77710      0.3008
   10.77760      0.3009
   10.77810      0.3010
   10.77860      0.3010
   10.77910      0.3011
   10.77960      0.3012
   10.78010      0.3012
   10.78060      0.3013
   10.78110      0.3014
   10.78160      0.3014
   10.78210      0.3015
   10.78260      0.3016
   10.78310      0.3016
   10.78360      0.3017
   10.78410      0.3018
   10.78460      0.3018
   10.78510      0.3019
   10.78560      0.3020
   10.78610      0.3020
   10.78660      0.3021
   10.78710      0.3022
   10.78760      0.3022
   10.78810      0.3023
   10.78860      0.3023
   10.78910      0.3024
   10.78960      0.3025
   10.79010      0.3025
   10.79060      0.3026
   10.79110      0.3026
   10.79160      0.3027
   10.79210      0.3027
   10.79260      0.3028
   10.79310      0.3028
   10.79360      0.3029
   10.79410      0.3029
   10.79460      0.3030
   10.79510      0.3030
   10.79560      0.3031
   10.79610      0.3031
   10.79660      0.3032
   10.79710      0.3032
   10.79760      0.3033
   10.79810      0.3033
   10.79860      0.3033
   10.79910      0.3034
   10.79960      0.3034
   10.80010      0.3034
   10.80060      0.3035
   10.80110      0.3035
   10.80160      0.3035
   10.80210      0.3036
   10.80260      0.3036
   10.80310      0.3036
   10.80360      0.3036
   10.80410      0.3037
   10.80460      0.3037
   10.80510      0.3037
   10.80560      0.3037
   10.80610      0.3037
   10.80660      0.3037
   10.80710      0.3037
   10.80760      0.3037
   10.80810      0.3037
   10.80860      0.3037
   10.80910      0.3037
   10.80960      0.3037
   10.81010      0.3037
   10.81060      0.3037
   10.81110      0.3037
   10.81160      0.3037
   10.81210      0.3037
   10.81260      0.3037
   10.81310      0.3037
   10.81360      0.3037
   10.81410      0.3037
   10.81460      0.3036
   10.81510      0.3036
   10.81560      0.3036
   10.81610      0.3036
   10.81660      0.3035
   10.81710      0.3035
   10.81760      0.3035
   10.81810      0.3034
   10.81860      0.3034
   10.81910      0.3034
   10.81960      0.3033
   10.82010      0.3033
   10.82060      0.3032
   10.82110      0.3032
   10.82160      0.3031
   10.82210      0.3031
   10.82260      0.3030
   10.82310      0.3030
   10.82360      0.3029
   10.82410      0.3028
   10.82460      0.3028
   10.82510      0.3027
   10.82560      0.3026
   10.82610      0.3025
   10.82660      0.3025
   10.82710      0.3024
   10.82760      0.3023
   10.82810      0.3022
   10.82860      0.3021
   10.82910      0.3020
   10.82960      0.3020
   10.83010      0.3019
   10.83060      0.3018
   10.83110      0.3017
   10.83160      0.3016
   10.83210      0.3015
   10.83260      0.3014
   10.83310      0.3012
   10.83360      0.3011
   10.83410      0.3010
   10.83460      0.3009
   10.83510      0.3008
   10.83560      0.3007
   10.83610      0.3006
   10.83660      0.3004
   10.83710      0.3003
   10.83760      0.3002
   10.83810      0.3001
   10.83860      0.2999
   10.83910      0.2998
   10.83960      0.2997
   10.84010      0.2996
   10.84060      0.2994
   10.84110      0.2993
   10.84160      0.2992
   10.84210      0.2990
   10.84260      0.2989
   10.84310      0.2987
   10.84360      0.2986
   10.84410      0.2985
   10.84460      0.2983
   10.84510      0.2982
   10.84560      0.2980
   10.84610      0.2979
   10.84660      0.2977
   10.84710      0.2976
   10.84760      0.2974
   10.84810      0.2973
   10.84860      0.2971
   10.84910      0.2970
   10.84960      0.2968
   10.85010      0.2967
   10.85060      0.2965
   10.85110      0.2964
   10.85160      0.2962
   10.85210      0.2961
   10.85260      0.2959
   10.85310      0.2957
   10.85360      0.2956
   10.85410      0.2954
   10.85460      0.2953
   10.85510      0.2951
   10.85560      0.2949
   10.85610      0.2948
   10.85660      0.2946
   10.85710      0.2945
   10.85760      0.2943
   10.85810      0.2941
   10.85860      0.2940
   10.85910      0.2938
   10.85960      0.2936
   10.86010      0.2935
   10.86060      0.2933
   10.86110      0.2931
   10.86160      0.2930
   10.86210      0.2928
   10.86260      0.2926
   10.86310      0.2924
   10.86360      0.2923
   10.86410      0.2921
   10.86460      0.2919
   10.86510      0.2918
   10.86560      0.2916
   10.86610      0.2914
   10.86660      0.2912
   10.86710      0.2911
   10.86760      0.2909
   10.86810      0.2907
   10.86860      0.2905
   10.86910      0.2904
   10.86960      0.2902
   10.87010      0.2900
   10.87060      0.2898
   10.87110      0.2896
   10.87160      0.2895
   10.87210      0.2893
   10.87260      0.2891
   10.87310      0.2889
   10.87360      0.2888
   10.87410      0.2886
   10.87460      0.2884
   10.87510      0.2882
   10.87560      0.2880
   10.87610      0.2879
   10.87660      0.2877
   10.87710      0.2875
   10.87760      0.2873
   10.87810      0.2871
   10.87860      0.2870
   10.87910      0.2868
   10.87960      0.2866
   10.88010      0.2864
   10.88060      0.2863
   10.88110      0.2861
   10.88160      0.2859
   10.88210      0.2857
   10.88260      0.2855
   10.88310      0.2854
   10.88360      0.2852
   10.88410      0.2850
   10.88460      0.2848
   10.88510      0.2846
   10.88560      0.2845
   10.88610      0.2843
   10.88660      0.2841
   10.88710      0.2839
   10.88760      0.2838
   10.88810      0.2836
   10.88860      0.2834
   10.88910      0.2832
   10.88960      0.2831
   10.89010      0.2829
   10.89060      0.2827
   10.89110      0.2825
   10.89160      0.2824
   10.89210      0.2822
   10.89260      0.2820
   10.89310      0.2818
   10.89360      0.2817
   10.89410      0.2815
   10.89460      0.2813
   10.89510      0.2812
   10.89560      0.2810
   10.89610      0.2808
   10.89660      0.2807
   10.89710      0.2805
   10.89760      0.2803
   10.89810      0.2802
   10.89860      0.2800
   10.89910      0.2798
   10.89960      0.2797
   10.90010      0.2795
   10.90060      0.2794
   10.90110      0.2792
   10.90160      0.2791
   10.90210      0.2789
   10.90260      0.2787
   10.90310      0.2786
   10.90360      0.2784
   10.90410      0.2783
   10.90460      0.2781
   10.90510      0.2780
   10.90560      0.2778
   10.90610      0.2777
   10.90660      0.2775
   10.90710      0.2774
   10.90760      0.2772
   10.90810      0.2771
   10.90860      0.2770
   10.90910      0.2768
   10.90960      0.2767
   10.91010      0.2765
   10.91060      0.2764
   10.91110      0.2763
   10.91160      0.2761
   10.91210      0.2760
   10.91260      0.2759
   10.91310      0.2758
   10.91360      0.2756
   10.91410      0.2755
   10.91460      0.2754
   10.91510      0.2753
   10.91560      0.2751
   10.91610      0.2750
   10.91660      0.2749
   10.91710      0.2748
   10.91760      0.2747
   10.91810      0.2746
   10.91860      0.2745
   10.91910      0.2744
   10.91960      0.2743
   10.92010      0.2742
   10.92060      0.2741
   10.92110      0.2740
   10.92160      0.2739
   10.92210      0.2738
   10.92260      0.2737
   10.92310      0.2736
   10.92360      0.2735
   10.92410      0.2734
   10.92460      0.2734
   10.92510      0.2733
   10.92560      0.2732
   10.92610      0.2731
   10.92660      0.2730
   10.92710      0.2730
   10.92760      0.2729
   10.92810      0.2728
   10.92860      0.2728
   10.92910      0.2727
   10.92960      0.2726
   10.93010      0.2726
   10.93060      0.2725
   10.93110      0.2724
   10.93160      0.2724
   10.93210      0.2723
   10.93260      0.2723
   10.93310      0.2722
   10.93360      0.2721
   10.93410      0.2721
   10.93460      0.2720
   10.93510      0.2720
   10.93560      0.2720
   10.93610      0.2719
   10.93660      0.2719
   10.93710      0.2718
   10.93760      0.2718
   10.93810      0.2717
   10.93860      0.2717
   10.93910      0.2717
   10.93960      0.2716
   10.94010      0.2716
   10.94060      0.2716
   10.94110      0.2715
   10.94160      0.2715
   10.94210      0.2715
   10.94260      0.2715
   10.94310      0.2715
   10.94360      0.2714
   10.94410      0.2714
   10.94460      0.2714
   10.94510      0.2714
   10.94560      0.2714
   10.94610      0.2714
   10.94660      0.2713
   10.94710      0.2713
   10.94760      0.2713
   10.94810      0.2713
   10.94860      0.2713
   10.94910      0.2713
   10.94960      0.2713
   10.95010      0.2713
   10.95060      0.2713
   10.95110      0.2713
   10.95160      0.2713
   10.95210      0.2713
   10.95260      0.2714
   10.95310      0.2714
   10.95360      0.2714
   10.95410      0.2714
   10.95460      0.2714
   10.95510      0.2714
   10.95560      0.2714
   10.95610      0.2715
   10.95660      0.2715
   10.95710      0.2715
   10.95760      0.2715
   10.95810      0.2716
   10.95860      0.2716
   10.95910      0.2716
   10.95960      0.2717
   10.96010      0.2717
   10.96060      0.2717
   10.96110      0.2718
   10.96160      0.2718
   10.96210      0.2719
   10.96260      0.2719
   10.96310      0.2719
   10.96360      0.2720
   10.96410      0.2720
   10.96460      0.2721
   10.96510      0.2721
   10.96560      0.2722
   10.96610      0.2723
   10.96660      0.2723
   10.96710      0.2724
   10.96760      0.2724
   10.96810      0.2725
   10.96860      0.2726
   10.96910      0.2726
   10.96960      0.2727
   10.97010      0.2728
   10.97060      0.2728
   10.97110      0.2729
   10.97160      0.2730
   10.97210      0.2731
   10.97260      0.2731
   10.97310      0.2732
   10.97360      0.2733
   10.97410      0.2734
   10.97460      0.2735
   10.97510      0.2736
   10.97560      0.2736
   10.97610      0.2737
   10.97660      0.2738
   10.97710      0.2739
   10.97760      0.2740
   10.97810      0.2741
   10.97860      0.2742
   10.97910      0.2743
   10.97960      0.2744
   10.98010      0.2745
   10.98060      0.2746
   10.98110      0.2747
   10.98160      0.2748
   10.98210      0.2749
   10.98260      0.2750
   10.98310      0.2751
   10.98360      0.2752
   10.98410      0.2754
   10.98460      0.2755
   10.98510      0.2756
   10.98560      0.2757
   10.98610      0.2758
   10.98660      0.2759
   10.98710      0.2761
   10.98760      0.2762
   10.98810      0.2763
   10.98860      0.2764
   10.98910      0.2766
   10.98960      0.2767
   10.99010      0.2768
   10.99060      0.2770
   10.99110      0.2771
   10.99160      0.2772
   10.99210      0.2773
   10.99260      0.2775
   10.99310      0.2776
   10.99360      0.2778
   10.99410      0.2779
   10.99460      0.2780
   10.99510      0.2782
   10.99560      0.2783
   10.99610      0.2785
   10.99660      0.2786
   10.99710      0.2787
   10.99760      0.2789
   10.99810      0.2790
   10.99860      0.2792
   10.99910      0.2793
   10.99960      0.2795
   11.00010      0.2796
   11.00060      0.2798
   11.00110      0.2799
   11.00160      0.2800
   11.00210      0.2802
   11.00260      0.2803
   11.00310      0.2805
   11.00360      0.2806
   11.00410      0.2808
   11.00460      0.2809
   11.00510      0.2811
   11.00560      0.2812
   11.00610      0.2814
   11.00660      0.2815
   11.00710      0.2817
   11.00760      0.2818
   11.00810      0.2820
   11.00860      0.2821
   11.00910      0.2823
   11.00960      0.2824
   11.01010      0.2826
   11.01060      0.2827
   11.01110      0.2829
   11.01160      0.2830
   11.01210      0.2832
   11.01260      0.2833
   11.01310      0.2835
   11.01360      0.2836
   11.01410      0.2837
   11.01460      0.2839
   11.01510      0.2840
   11.01560      0.2842
   11.01610      0.2843
   11.01660      0.2845
   11.01710      0.2846
   11.01760      0.2848
   11.01810      0.2849
   11.01860      0.2850
   11.01910      0.2852
   11.01960      0.2853
   11.02010      0.2855
   11.02060      0.2856
   11.02110      0.2858
   11.02160      0.2859
   11.02210      0.2861
   11.02260      0.2862
   11.02310      0.2863
   11.02360      0.2865
   11.02410      0.2866
   11.02460      0.2868
   11.02510      0.2869
   11.02560      0.2871
   11.02610      0.2872
   11.02660      0.2873
   11.02710      0.2875
   11.02760      0.2876
   11.02810      0.2878
   11.02860      0.2879
   11.02910      0.2880
   11.02960      0.2882
   11.03010      0.2883
   11.03060      0.2885
   11.03110      0.2886
   11.03160      0.2887
   11.03210      0.2889
   11.03260      0.2890
   11.03310      0.2892
   11.03360      0.2893
   11.03410      0.2894
   11.03460      0.2896
   11.03510      0.2897
   11.03560      0.2899
   11.03610      0.2900
   11.03660      0.2901
   11.03710      0.2903
   11.03760      0.2904
   11.03810      0.2905
   11.03860      0.2907
   11.03910      0.2908
   11.03960      0.2910
   11.04010      0.2911
   11.04060      0.2912
   11.04110      0.2914
   11.04160      0.2915
   11.04210      0.2916
   11.04260      0.2918
   11.04310      0.2919
   11.04360      0.2921
   11.04410      0.2922
   11.04460      0.2923
   11.04510      0.2925
   11.04560      0.2926
   11.04610      0.2927
   11.04660      0.2929
   11.04710      0.2930
   11.04760      0.2931
   11.04810      0.2933
   11.04860      0.2934
   11.04910      0.2935
   11.04960      0.2937
   11.05010      0.2938
   11.05060      0.2939
   11.05110      0.2941
   11.05160      0.2942
   11.05210      0.2943
   11.05260      0.2944
   11.05310      0.2946
   11.05360      0.2947
   11.05410      0.2948
   11.05460      0.2950
   11.05510      0.2951
   11.05560      0.2952
   11.05610      0.2954
   11.05660      0.2955
   11.05710      0.2956
   11.05760      0.2957
   11.05810      0.2959
   11.05860      0.2960
   11.05910      0.2961
   11.05960      0.2962
   11.06010      0.2964
   11.06060      0.2965
   11.06110      0.2966
   11.06160      0.2967
   11.06210      0.2969
   11.06260      0.2970
   11.06310      0.2971
   11.06360      0.2972
   11.06410      0.2973
   11.06460      0.2975
   11.06510      0.2976
   11.06560      0.2977
   11.06610      0.2978
   11.06660      0.2979
   11.06710      0.2980
   11.06760      0.2982
   11.06810      0.2983
   11.06860      0.2984
   11.06910      0.2985
   11.06960      0.2986
   11.07010      0.2987
   11.07060      0.2988
   11.07110      0.2989
   11.07160      0.2991
   11.07210      0.2992
   11.07260      0.2993
   11.07310      0.2994
   11.07360      0.2995
   11.07410      0.2996
   11.07460      0.2997
   11.07510      0.2998
   11.07560      0.2999
   11.07610      0.3000
   11.07660      0.3001
   11.07710      0.3002
   11.07760      0.3003
   11.07810      0.3004
   11.07860      0.3005
   11.07910      0.3006
   11.07960      0.3007
   11.08010      0.3008
   11.08060      0.3008
   11.08110      0.3009
   11.08160      0.3010
   11.08210      0.3011
   11.08260      0.3012
   11.08310      0.3013
   11.08360      0.3013
   11.08410      0.3014
   11.08460      0.3015
   11.08510      0.3016
   11.08560      0.3017
   11.08610      0.3017
   11.08660      0.3018
   11.08710      0.3019
   11.08760      0.3020
   11.08810      0.3020
   11.08860      0.3021
   11.08910      0.3022
   11.08960      0.3022
   11.09010      0.3023
   11.09060      0.3024
   11.09110      0.3024
   11.09160      0.3025
   11.09210      0.3026
   11.09260      0.3026
   11.09310      0.3027
   11.09360      0.3027
   11.09410      0.3028
   11.09460      0.3029
   11.09510      0.3029
   11.09560      0.3030
   11.09610      0.3030
   11.09660      0.3031
   11.09710      0.3031
   11.09760      0.3032
   11.09810      0.3033
   11.09860      0.3033
   11.09910      0.3034
   11.09960      0.3034
   11.10010      0.3035
   11.10060      0.3035
   11.10110      0.3036
   11.10160      0.3036
   11.10210      0.3037
   11.10260      0.3037
   11.10310      0.3038
   11.10360      0.3038
   11.10410      0.3038
   11.10460      0.3039
   11.10510      0.3039
   11.10560      0.3040
   11.10610      0.3040
   11.10660      0.3041
   11.10710      0.3041
   11.10760      0.3042
   11.10810      0.3042
   11.10860      0.3042
   11.10910      0.3043
   11.10960      0.3043
   11.11010      0.3044
   11.11060      0.3044
   11.11110      0.3044
   11.11160      0.3045
   11.11210      0.3045
   11.11260      0.3045
   11.11310      0.3046
   11.11360      0.3046
   11.11410      0.3047
   11.11460      0.3047
   11.11510      0.3047
   11.11560      0.3048
   11.11610      0.3048
   11.11660      0.3048
   11.11710      0.3049
   11.11760      0.3049
   11.11810      0.3050
   11.11860      0.3050
   11.11910      0.3050
   11.11960      0.3051
   11.12010      0.3051
   11.12060      0.3051
   11.12110      0.3052
   11.12160      0.3052
   11.12210      0.3053
   11.12260      0.3053
   11.12310      0.3053
   11.12360      0.3054
   11.12410      0.3054
   11.12460      0.3054
   11.12510      0.3055
   11.12560      0.3055
   11.12610      0.3056
   11.12660      0.3056
   11.12710      0.3056
   11.12760      0.3057
   11.12810      0.3057
   11.12860      0.3058
   11.12910      0.3058
   11.12960      0.3058
   11.13010      0.3059
   11.13060      0.3059
   11.13110      0.3060
   11.13160      0.3060
   11.13210      0.3061
   11.13260      0.3061
   11.13310      0.3062
   11.13360      0.3062
   11.13410      0.3062
   11.13460      0.3063
   11.13510      0.3063
   11.13560      0.3064
   11.13610      0.3064
   11.13660      0.3065
   11.13710      0.3065
   11.13760      0.3066
   11.13810      0.3066
   11.13860      0.3067
   11.13910      0.3067
   11.13960      0.3068
   11.14010      0.3068
   11.14060      0.3068
   11.14110      0.3069
   11.14160      0.3069
   11.14210      0.3070
   11.14260      0.3070
   11.14310      0.3071
   11.14360      0.3071
   11.14410      0.3072
   11.14460      0.3072
   11.14510      0.3073
   11.14560      0.3073
   11.14610      0.3074
   11.14660      0.3074
   11.14710      0.3075
   11.14760      0.3075
   11.14810      0.3076
   11.14860      0.3076
   11.14910      0.3077
   11.14960      0.3077
   11.15010      0.3078
   11.15060      0.3078
   11.15110      0.3079
   11.15160      0.3079
   11.15210      0.3080
   11.15260      0.3080
   11.15310      0.3080
   11.15360      0.3081
   11.15410      0.3081
   11.15460      0.3082
   11.15510      0.3082
   11.15560      0.3083
   11.15610      0.3083
   11.15660      0.3084
   11.15710      0.3084
   11.15760      0.3085
   11.15810      0.3085
   11.15860      0.3086
   11.15910      0.3086
   11.15960      0.3087
   11.16010      0.3087
   11.16060      0.3087
   11.16110      0.3088
   11.16160      0.3088
   11.16210      0.3089
   11.16260      0.3089
   11.16310      0.3090
   11.16360      0.3090
   11.16410      0.3091
   11.16460      0.3091
   11.16510      0.3091
   11.16560      0.3092
   11.16610      0.3092
   11.16660      0.3093
   11.16710      0.3093
   11.16760      0.3094
   11.16810      0.3094
   11.16860      0.3094
   11.16910      0.3095
   11.16960      0.3095
   11.17010      0.3096
   11.17060      0.3096
   11.17110      0.3096
   11.17160      0.3097
   11.17210      0.3097
   11.17260      0.3098
   11.17310      0.3098
   11.17360      0.3098
   11.17410      0.3099
   11.17460      0.3099
   11.17510      0.3099
   11.17560      0.3100
   11.17610      0.3100
   11.17660      0.3100
   11.17710      0.3101
   11.17760      0.3101
   11.17810      0.3102
   11.17860      0.3102
   11.17910      0.3102
   11.17960      0.3103
   11.18010      0.3103
   11.18060      0.3103
   11.18110      0.3104
   11.18160      0.3104
   11.18210      0.3104
   11.18260      0.3105
   11.18310      0.3105
   11.18360      0.3105
   11.18410      0.3105
   11.18460      0.3106
   11.18510      0.3106
   11.18560      0.3106
   11.18610      0.3107
   11.18660      0.3107
   11.18710      0.3107
   11.18760      0.3108
   11.18810      0.3108
   11.18860      0.3108
   11.18910      0.3109
   11.18960      0.3109
   11.19010      0.3109
   11.19060      0.3110
   11.19110      0.3110
   11.19160      0.3110
   11.19210      0.3111
   11.19260      0.3111
   11.19310      0.3111
   11.19360      0.3112
   11.19410      0.3112
   11.19460      0.3112
   11.19510      0.3113
   11.19560      0.3113
   11.19610      0.3113
   11.19660      0.3114
   11.19710      0.3114
   11.19760      0.3115
   11.19810      0.3115
   11.19860      0.3115
   11.19910      0.3116
   11.19960      0.3116
   11.20010      0.3117
   11.20060      0.3117
   11.20110      0.3117
   11.20160      0.3118
   11.20210      0.3118
   11.20260      0.3119
   11.20310      0.3119
   11.20360      0.3120
   11.20410      0.3120
   11.20460      0.3120
   11.20510      0.3121
   11.20560      0.3121
   11.20610      0.3122
   11.20660      0.3122
   11.20710      0.3123
   11.20760      0.3123
   11.20810      0.3124
   11.20860      0.3124
   11.20910      0.3125
   11.20960      0.3125
   11.21010      0.3126
   11.21060      0.3126
   11.21110      0.3127
   11.21160      0.3127
   11.21210      0.3128
   11.21260      0.3128
   11.21310      0.3129
   11.21360      0.3129
   11.21410      0.3130
   11.21460      0.3130
   11.21510      0.3131
   11.21560      0.3132
   11.21610      0.3132
   11.21660      0.3133
   11.21710      0.3133
   11.21760      0.3134
   11.21810      0.3134
   11.21860      0.3135
   11.21910      0.3135
   11.21960      0.3136
   11.22010      0.3137
   11.22060      0.3137
   11.22110      0.3138
   11.22160      0.3138
   11.22210      0.3139
   11.22260      0.3140
   11.22310      0.3140
   11.22360      0.3141
   11.22410      0.3141
   11.22460      0.3142
   11.22510      0.3143
   11.22560      0.3143
   11.22610      0.3144
   11.22660      0.3144
   11.22710      0.3145
   11.22760      0.3146
   11.22810      0.3146
   11.22860      0.3147
   11.22910      0.3148
   11.22960      0.3148
   11.23010      0.3149
   11.23060      0.3149
   11.23110      0.3150
   11.23160      0.3151
   11.23210      0.3151
   11.23260      0.3152
   11.23310      0.3153
   11.23360      0.3153
   11.23410      0.3154
   11.23460      0.3154
   11.23510      0.3155
   11.23560      0.3156
   11.23610      0.3156
   11.23660      0.3157
   11.23710      0.3158
   11.23760      0.3158
   11.23810      0.3159
   11.23860      0.3159
   11.23910      0.3160
   11.23960      0.3161
   11.24010      0.3161
   11.24060      0.3162
   11.24110      0.3162
   11.24160      0.3163
   11.24210      0.3164
   11.24260      0.3164
   11.24310      0.3165
   11.24360      0.3165
   11.24410      0.3166
   11.24460      0.3166
   11.24510      0.3167
   11.24560      0.3168
   11.24610      0.3168
   11.24660      0.3169
   11.24710      0.3169
   11.24760      0.3170
   11.24810      0.3170
   11.24860      0.3171
   11.24910      0.3171
   11.24960      0.3172
   11.25010      0.3172
   11.25060      0.3173
   11.25110      0.3173
   11.25160      0.3174
   11.25210      0.3174
   11.25260      0.3175
   11.25310      0.3175
   11.25360      0.3175
   11.25410      0.3176
   11.25460      0.3176
   11.25510      0.3177
   11.25560      0.3177
   11.25610      0.3178
   11.25660      0.3178
   11.25710      0.3178
   11.25760      0.3179
   11.25810      0.3179
   11.25860      0.3180
   11.25910      0.3180
   11.25960      0.3180
   11.26010      0.3181
   11.26060      0.3181
   11.26110      0.3182
   11.26160      0.3182
   11.26210      0.3182
   11.26260      0.3183
   11.26310      0.3183
   11.26360      0.3183
   11.26410      0.3184
   11.26460      0.3184
   11.26510      0.3184
   11.26560      0.3185
   11.26610      0.3185
   11.26660      0.3185
   11.26710      0.3186
   11.26760      0.3186
   11.26810      0.3186
   11.26860      0.3187
   11.26910      0.3187
   11.26960      0.3187
   11.27010      0.3188
   11.27060      0.3188
   11.27110      0.3188
   11.27160      0.3188
   11.27210      0.3189
   11.27260      0.3189
   11.27310      0.3189
   11.27360      0.3190
   11.27410      0.3190
   11.27460      0.3190
   11.27510      0.3190
   11.27560      0.3191
   11.27610      0.3191
   11.27660      0.3191
   11.27710      0.3191
   11.27760      0.3192
   11.27810      0.3192
   11.27860      0.3192
   11.27910      0.3193
   11.27960      0.3193
   11.28010      0.3193
   11.28060      0.3193
   11.28110      0.3194
   11.28160      0.3194
   11.28210      0.3194
   11.28260      0.3194
   11.28310      0.3195
   11.28360      0.3195
   11.28410      0.3195
   11.28460      0.3195
   11.28510      0.3196
   11.28560      0.3196
   11.28610      0.3196
   11.28660      0.3196
   11.28710      0.3197
   11.28760      0.3197
   11.28810      0.3197
   11.28860      0.3197
   11.28910      0.3197
   11.28960      0.3198
   11.29010      0.3198
   11.29060      0.3198
   11.29110      0.3198
   11.29160      0.3199
   11.29210      0.3199
   11.29260      0.3199
   11.29310      0.3199
   11.29360      0.3200
   11.29410      0.3200
   11.29460      0.3200
   11.29510      0.3200
   11.29560      0.3201
   11.29610      0.3201
   11.29660      0.3201
   11.29710      0.3201
   11.29760      0.3202
   11.29810      0.3202
   11.29860      0.3202
   11.29910      0.3202
   11.29960      0.3203
   11.30010      0.3203
   11.30060      0.3203
   11.30110      0.3203
   11.30160      0.3204
   11.30210      0.3204
   11.30260      0.3204
   11.30310      0.3204
   11.30360      0.3205
   11.30410      0.3205
   11.30460      0.3205
   11.30510      0.3205
   11.30560      0.3206
   11.30610      0.3206
   11.30660      0.3206
   11.30710      0.3206
   11.30760      0.3206
   11.30810      0.3207
   11.30860      0.3207
   11.30910      0.3207
   11.30960      0.3207
   11.31010      0.3208
   11.31060      0.3208
   11.31110      0.3208
   11.31160      0.3208
   11.31210      0.3208
   11.31260      0.3209
   11.31310      0.3209
   11.31360      0.3209
   11.31410      0.3209
   11.31460      0.3209
   11.31510      0.3210
   11.31560      0.3210
   11.31610      0.3210
   11.31660      0.3210
   11.31710      0.3210
   11.31760      0.3210
   11.31810      0.3210
   11.31860      0.3211
   11.31910      0.3211
   11.31960      0.3211
   11.32010      0.3211
   11.32060      0.3211
   11.32110      0.3211
   11.32160      0.3211
   11.32210      0.3211
   11.32260      0.3211
   11.32310      0.3211
   11.32360      0.3211
   11.32410      0.3211
   11.32460      0.3211
   11.32510      0.3212
   11.32560      0.3212
   11.32610      0.3212
   11.32660      0.3212
   11.32710      0.3212
   11.32760      0.3212
   11.32810      0.3212
   11.32860      0.3212
   11.32910      0.3211
   11.32960      0.3211
   11.33010      0.3211
   11.33060      0.3211
   11.33110      0.3211
   11.33160      0.3211
   11.33210      0.3211
   11.33260      0.3211
   11.33310      0.3211
   11.33360      0.3211
   11.33410      0.3211
   11.33460      0.3211
   11.33510      0.3211
   11.33560      0.3211
   11.33610      0.3211
   11.33660      0.3211
   11.33710      0.3211
   11.33760      0.3210
   11.33810      0.3210
   11.33860      0.3210
   11.33910      0.3210
   11.33960      0.3210
   11.34010      0.3210
   11.34060      0.3210
   11.34110      0.3210
   11.34160      0.3210
   11.34210      0.3210
   11.34260      0.3210
   11.34310      0.3210
   11.34360      0.3210
   11.34410      0.3209
   11.34460      0.3209
   11.34510      0.3209
   11.34560      0.3209
   11.34610      0.3209
   11.34660      0.3209
   11.34710      0.3209
   11.34760      0.3209
   11.34810      0.3209
   11.34860      0.3209
   11.34910      0.3209
   11.34960      0.3209
   11.35010      0.3209
   11.35060      0.3209
   11.35110      0.3209
   11.35160      0.3208
   11.35210      0.3208
   11.35260      0.3208
   11.35310      0.3208
   11.35360      0.3208
   11.35410      0.3208
   11.35460      0.3208
   11.35510      0.3208
   11.35560      0.3208
   11.35610      0.3208
   11.35660      0.3208
   11.35710      0.3208
   11.35760      0.3208
   11.35810      0.3208
   11.35860      0.3208
   11.35910      0.3208
   11.35960      0.3208
   11.36010      0.3208
   11.36060      0.3208
   11.36110      0.3208
   11.36160      0.3208
   11.36210      0.3208
   11.36260      0.3209
   11.36310      0.3209
   11.36360      0.3209
   11.36410      0.3209
   11.36460      0.3209
   11.36510      0.3209
   11.36560      0.3209
   11.36610      0.3209
   11.36660      0.3209
   11.36710      0.3209
   11.36760      0.3210
   11.36810      0.3210
   11.36860      0.3210
   11.36910      0.3210
   11.36960      0.3210
   11.37010      0.3211
   11.37060      0.3211
   11.37110      0.3211
   11.37160      0.3211
   11.37210      0.3212
   11.37260      0.3212
   11.37310      0.3212
   11.37360      0.3212
   11.37410      0.3213
   11.37460      0.3213
   11.37510      0.3213
   11.37560      0.3214
   11.37610      0.3214
   11.37660      0.3214
   11.37710      0.3215
   11.37760      0.3215
   11.37810      0.3216
   11.37860      0.3216
   11.37910      0.3216
   11.37960      0.3217
   11.38010      0.3217
   11.38060      0.3218
   11.38110      0.3218
   11.38160      0.3218
   11.38210      0.3219
   11.38260      0.3219
   11.38310      0.3220
   11.38360      0.3220
   11.38410      0.3221
   11.38460      0.3221
   11.38510      0.3222
   11.38560      0.3222
   11.38610      0.3223
   11.38660      0.3223
   11.38710      0.3224
   11.38760      0.3224
   11.38810      0.3225
   11.38860      0.3225
   11.38910      0.3226
   11.38960      0.3226
   11.39010      0.3226
   11.39060      0.3227
   11.39110      0.3227
   11.39160      0.3228
   11.39210      0.3228
   11.39260      0.3229
   11.39310      0.3229
   11.39360      0.3230
   11.39410      0.3230
   11.39460      0.3231
   11.39510      0.3231
   11.39560      0.3232
   11.39610      0.3232
   11.39660      0.3233
   11.39710      0.3233
   11.39760      0.3234
   11.39810      0.3234
   11.39860      0.3234
   11.39910      0.3235
   11.39960      0.3235
   11.40010      0.3236
   11.40060      0.3236
   11.40110      0.3237
   11.40160      0.3237
   11.40210      0.3237
   11.40260      0.3238
   11.40310      0.3238
   11.40360      0.3238
   11.40410      0.3239
   11.40460      0.3239
   11.40510      0.3240
   11.40560      0.3240
   11.40610      0.3240
   11.40660      0.3241
   11.40710      0.3241
   11.40760      0.3241
   11.40810      0.3242
   11.40860      0.3242
   11.40910      0.3242
   11.40960      0.3243
   11.41010      0.3243
   11.41060      0.3243
   11.41110      0.3244
   11.41160      0.3244
   11.41210      0.3244
   11.41260      0.3244
   11.41310      0.3245
   11.41360      0.3245
   11.41410      0.3245
   11.41460      0.3245
   11.41510      0.3246
   11.41560      0.3246
   11.41610      0.3246
   11.41660      0.3246
   11.41710      0.3246
   11.41760      0.3246
   11.41810      0.3247
   11.41860      0.3247
   11.41910      0.3247
   11.41960      0.3247
   11.42010      0.3247
   11.42060      0.3247
   11.42110      0.3247
   11.42160      0.3247
   11.42210      0.3248
   11.42260      0.3248
   11.42310      0.3248
   11.42360      0.3248
   11.42410      0.3248
   11.42460      0.3248
   11.42510      0.3248
   11.42560      0.3248
   11.42610      0.3248
   11.42660      0.3247
   11.42710      0.3247
   11.42760      0.3247
   11.42810      0.3247
   11.42860      0.3247
   11.42910      0.3247
   11.42960      0.3247
   11.43010      0.3246
   11.43060      0.3246
   11.43110      0.3246
   11.43160      0.3246
   11.43210      0.3245
   11.43260      0.3245
   11.43310      0.3245
   11.43360      0.3244
   11.43410      0.3244
   11.43460      0.3243
   11.43510      0.3243
   11.43560      0.3242
   11.43610      0.3242
   11.43660      0.3241
   11.43710      0.3241
   11.43760      0.3240
   11.43810      0.3239
   11.43860      0.3239
   11.43910      0.3238
   11.43960      0.3237
   11.44010      0.3236
   11.44060      0.3236
   11.44110      0.3235
   11.44160      0.3234
   11.44210      0.3233
   11.44260      0.3232
   11.44310      0.3231
   11.44360      0.3230
   11.44410      0.3229
   11.44460      0.3227
   11.44510      0.3226
   11.44560      0.3225
   11.44610      0.3223
   11.44660      0.3222
   11.44710      0.3221
   11.44760      0.3219
   11.44810      0.3218
   11.44860      0.3216
   11.44910      0.3214
   11.44960      0.3213
   11.45010      0.3211
   11.45060      0.3209
   11.45110      0.3207
   11.45160      0.3205
   11.45210      0.3203
   11.45260      0.3201
   11.45310      0.3199
   11.45360      0.3197
   11.45410      0.3195
   11.45460      0.3192
   11.45510      0.3190
   11.45560      0.3187
   11.45610      0.3185
   11.45660      0.3182
   11.45710      0.3180
   11.45760      0.3177
   11.45810      0.3174
   11.45860      0.3171
   11.45910      0.3168
   11.45960      0.3165
   11.46010      0.3162
   11.46060      0.3159
   11.46110      0.3156
   11.46160      0.3153
   11.46210      0.3149
   11.46260      0.3146
   11.46310      0.3142
   11.46360      0.3139
   11.46410      0.3135
   11.46460      0.3131
   11.46510      0.3127
   11.46560      0.3123
   11.46610      0.3119
   11.46660      0.3115
   11.46710      0.3111
   11.46760      0.3106
   11.46810      0.3102
   11.46860      0.3097
   11.46910      0.3093
   11.46960      0.3088
   11.47010      0.3083
   11.47060      0.3078
   11.47110      0.3073
   11.47160      0.3068
   11.47210      0.3062
   11.47260      0.3057
   11.47310      0.3051
   11.47360      0.3046
   11.47410      0.3040
   11.47460      0.3034
   11.47510      0.3028
   11.47560      0.3022
   11.47610      0.3015
   11.47660      0.3009
   11.47710      0.3003
   11.47760      0.2996
   11.47810      0.2989
   11.47860      0.2983
   11.47910      0.2976
   11.47960      0.2969
   11.48010      0.2962
   11.48060      0.2954
   11.48110      0.2947
   11.48160      0.2940
   11.48210      0.2932
   11.48260      0.2925
   11.48310      0.2917
   11.48360      0.2909
   11.48410      0.2901
   11.48460      0.2893
   11.48510      0.2885
   11.48560      0.2877
   11.48610      0.2869
   11.48660      0.2860
   11.48710      0.2852
   11.48760      0.2843
   11.48810      0.2834
   11.48860      0.2826
   11.48910      0.2817
   11.48960      0.2808
   11.49010      0.2799
   11.49060      0.2790
   11.49110      0.2780
   11.49160      0.2771
   11.49210      0.2761
   11.49260      0.2752
   11.49310      0.2742
   11.49360      0.2732
   11.49410      0.2722
   11.49460      0.2712
   11.49510      0.2702
   11.49560      0.2692
   11.49610      0.2682
   11.49660      0.2671
   11.49710      0.2661
   11.49760      0.2650
   11.49810      0.2639
   11.49860      0.2629
   11.49910      0.2618
   11.49960      0.2607
   11.50010      0.2595
   11.50060      0.2584
   11.50110      0.2573
   11.50160      0.2561
   11.50210      0.2550
   11.50260      0.2538
   11.50310      0.2527
   11.50360      0.2515
   11.50410      0.2503
   11.50460      0.2491
   11.50510      0.2479
   11.50560      0.2467
   11.50610      0.2455
   11.50660      0.2443
   11.50710      0.2431
   11.50760      0.2418
   11.50810      0.2406
   11.50860      0.2393
   11.50910      0.2381
   11.50960      0.2368
   11.51010      0.2356
   11.51060      0.2343
   11.51110      0.2330
   11.51160      0.2318
   11.51210      0.2305
   11.51260      0.2292
   11.51310      0.2279
   11.51360      0.2266
   11.51410      0.2253
   11.51460      0.2240
   11.51510      0.2227
   11.51560      0.2214
   11.51610      0.2201
   11.51660      0.2188
   11.51710      0.2175
   11.51760      0.2162
   11.51810      0.2149
   11.51860      0.2135
   11.51910      0.2122
   11.51960      0.2109
   11.52010      0.2096
   11.52060      0.2083
   11.52110      0.2069
   11.52160      0.2056
   11.52210      0.2043
   11.52260      0.2029
   11.52310      0.2016
   11.52360      0.2003
   11.52410      0.1990
   11.52460      0.1976
   11.52510      0.1963
   11.52560      0.1950
   11.52610      0.1936
   11.52660      0.1923
   11.52710      0.1910
   11.52760      0.1897
   11.52810      0.1883
   11.52860      0.1870
   11.52910      0.1857
   11.52960      0.1844
   11.53010      0.1830
   11.53060      0.1817
   11.53110      0.1804
   11.53160      0.1791
   11.53210      0.1778
   11.53260      0.1765
   11.53310      0.1751
   11.53360      0.1738
   11.53410      0.1725
   11.53460      0.1712
   11.53510      0.1699
   11.53560      0.1686
   11.53610      0.1673
   11.53660      0.1661
   11.53710      0.1648
   11.53760      0.1635
   11.53810      0.1622
   11.53860      0.1609
   11.53910      0.1597
   11.53960      0.1584
   11.54010      0.1571
   11.54060      0.1559
   11.54110      0.1546
   11.54160      0.1534
   11.54210      0.1521
   11.54260      0.1509
   11.54310      0.1497
   11.54360      0.1484
   11.54410      0.1472
   11.54460      0.1460
   11.54510      0.1448
   11.54560      0.1436
   11.54610      0.1424
   11.54660      0.1412
   11.54710      0.1400
   11.54760      0.1388
   11.54810      0.1377
   11.54860      0.1365
   11.54910      0.1353
   11.54960      0.1342
   11.55010      0.1330
   11.55060      0.1319
   11.55110      0.1308
   11.55160      0.1297
   11.55210      0.1286
   11.55260      0.1275
   11.55310      0.1264
   11.55360      0.1253
   11.55410      0.1242
   11.55460      0.1231
   11.55510      0.1220
   11.55560      0.1210
   11.55610      0.1199
   11.55660      0.1189
   11.55710      0.1178
   11.55760      0.1168
   11.55810      0.1158
   11.55860      0.1148
   11.55910      0.1138
   11.55960      0.1128
   11.56010      0.1118
   11.56060      0.1108
   11.56110      0.1098
   11.56160      0.1088
   11.56210      0.1078
   11.56260      0.1069
   11.56310      0.1059
   11.56360      0.1050
   11.56410      0.1040
   11.56460      0.1031
   11.56510      0.1022
   11.56560      0.1012
   11.56610      0.1003
   11.56660      0.0994
   11.56710      0.0985
   11.56760      0.0976
   11.56810      0.0967
   11.56860      0.0959
   11.56910      0.0950
   11.56960      0.0941
   11.57010      0.0933
   11.57060      0.0924
   11.57110      0.0916
   11.57160      0.0908
   11.57210      0.0899
   11.57260      0.0891
   11.57310      0.0883
   11.57360      0.0875
   11.57410      0.0867
   11.57460      0.0859
   11.57510      0.0852
   11.57560      0.0844
   11.57610      0.0836
   11.57660      0.0829
   11.57710      0.0821
   11.57760      0.0814
   11.57810      0.0807
   11.57860      0.0799
   11.57910      0.0792
   11.57960      0.0785
   11.58010      0.0778
   11.58060      0.0771
   11.58110      0.0764
   11.58160      0.0758
   11.58210      0.0751
   11.58260      0.0744
   11.58310      0.0738
   11.58360      0.0731
   11.58410      0.0725
   11.58460      0.0718
   11.58510      0.0712
   11.58560      0.0706
   11.58610      0.0699
   11.58660      0.0693
   11.58710      0.0687
   11.58760      0.0681
   11.58810      0.0675
   11.58860      0.0669
   11.58910      0.0663
   11.58960      0.0657
   11.59010      0.0652
   11.59060      0.0646
   11.59110      0.0640
   11.59160      0.0635
   11.59210      0.0629
   11.59260      0.0624
   11.59310      0.0618
   11.59360      0.0613
   11.59410      0.0608
   11.59460      0.0602
   11.59510      0.0597
   11.59560      0.0592
   11.59610      0.0587
   11.59660      0.0582
   11.59710      0.0577
   11.59760      0.0572
   11.59810      0.0567
   11.59860      0.0562
   11.59910      0.0557
   11.59960      0.0552
   11.60010      0.0548
   11.60060      0.0543
   11.60110      0.0538
   11.60160      0.0534
   11.60210      0.0529
   11.60260      0.0525
   11.60310      0.0520
   11.60360      0.0516
   11.60410      0.0512
   11.60460      0.0507
   11.60510      0.0503
   11.60560      0.0499
   11.60610      0.0495
   11.60660      0.0491
   11.60710      0.0487
   11.60760      0.0483
   11.60810      0.0479
   11.60860      0.0475
   11.60910      0.0471
   11.60960      0.0467
   11.61010      0.0463
   11.61060      0.0459
   11.61110      0.0456
   11.61160      0.0452
   11.61210      0.0448
   11.61260      0.0445
   11.61310      0.0441
   11.61360      0.0437
   11.61410      0.0434
   11.61460      0.0430
   11.61510      0.0427
   11.61560      0.0423
   11.61610      0.0420
   11.61660      0.0417
   11.61710      0.0413
   11.61760      0.0410
   11.61810      0.0407
   11.61860      0.0404
   11.61910      0.0400
   11.61960      0.0397
   11.62010      0.0394
   11.62060      0.0391
   11.62110      0.0388
   11.62160      0.0385
   11.62210      0.0382
   11.62260      0.0379
   11.62310      0.0376
   11.62360      0.0373
   11.62410      0.0370
   11.62460      0.0367
   11.62510      0.0365
   11.62560      0.0362
   11.62610      0.0359
   11.62660      0.0356
   11.62710      0.0354
   11.62760      0.0351
   11.62810      0.0348
   11.62860      0.0346
   11.62910      0.0343
   11.62960      0.0341
   11.63010      0.0338
   11.63060      0.0336
   11.63110      0.0333
   11.63160      0.0331
   11.63210      0.0329
   11.63260      0.0326
   11.63310      0.0324
   11.63360      0.0321
   11.63410      0.0319
   11.63460      0.0317
   11.63510      0.0315
   11.63560      0.0312
   11.63610      0.0310
   11.63660      0.0308
   11.63710      0.0306
   11.63760      0.0304
   11.63810      0.0302
   11.63860      0.0300
   11.63910      0.0297
   11.63960      0.0295
   11.64010      0.0293
   11.64060      0.0291
   11.64110      0.0289
   11.64160      0.0287
   11.64210      0.0285
   11.64260      0.0283
   11.64310      0.0281
   11.64360      0.0279
   11.64410      0.0278
   11.64460      0.0276
   11.64510      0.0274
   11.64560      0.0272
   11.64610      0.0270
   11.64660      0.0268
   11.64710      0.0266
   11.64760      0.0265
   11.64810      0.0263
   11.64860      0.0261
   11.64910      0.0259
   11.64960      0.0258
   11.65010      0.0256
   11.65060      0.0254
   11.65110      0.0252
   11.65160      0.0251
   11.65210      0.0249
   11.65260      0.0247
   11.65310      0.0246
   11.65360      0.0244
   11.65410      0.0242
   11.65460      0.0241
   11.65510      0.0239
   11.65560      0.0238
   11.65610      0.0236
   11.65660      0.0234
   11.65710      0.0233
   11.65760      0.0231
   11.65810      0.0230
   11.65860      0.0228
   11.65910      0.0227
   11.65960      0.0225
   11.66010      0.0224
   11.66060      0.0222
   11.66110      0.0221
   11.66160      0.0219
   11.66210      0.0218
   11.66260      0.0216
   11.66310      0.0215
   11.66360      0.0213
   11.66410      0.0212
   11.66460      0.0211
   11.66510      0.0209
   11.66560      0.0208
   11.66610      0.0206
   11.66660      0.0205
   11.66710      0.0204
   11.66760      0.0202
   11.66810      0.0201
   11.66860      0.0200
   11.66910      0.0198
   11.66960      0.0197
   11.67010      0.0196
   11.67060      0.0194
   11.67110      0.0193
   11.67160      0.0192
   11.67210      0.0190
   11.67260      0.0189
   11.67310      0.0188
   11.67360      0.0187
   11.67410      0.0185
   11.67460      0.0184
   11.67510      0.0183
   11.67560      0.0182
   11.67610      0.0180
   11.67660      0.0179
   11.67710      0.0178
   11.67760      0.0177
   11.67810      0.0176
   11.67860      0.0174
   11.67910      0.0173
   11.67960      0.0172
   11.68010      0.0171
   11.68060      0.0170
   11.68110      0.0169
   11.68160      0.0167
   11.68210      0.0166
   11.68260      0.0165
   11.68310      0.0164
   11.68360      0.0163
   11.68410      0.0162
   11.68460      0.0161
   11.68510      0.0160
   11.68560      0.0159
   11.68610      0.0157
   11.68660      0.0156
   11.68710      0.0155
   11.68760      0.0154
   11.68810      0.0153
   11.68860      0.0152
   11.68910      0.0151
   11.68960      0.0150
   11.69010      0.0149
   11.69060      0.0148
   11.69110      0.0147
   11.69160      0.0146
   11.69210      0.0145
   11.69260      0.0144
   11.69310      0.0143
   11.69360      0.0142
   11.69410      0.0141
   11.69460      0.0140
   11.69510      0.0139
   11.69560      0.0138
   11.69610      0.0137
   11.69660      0.0136
   11.69710      0.0135
   11.69760      0.0134
   11.69810      0.0133
   11.69860      0.0132
   11.69910      0.0131
   11.69960      0.0130
   11.70010      0.0129
   11.70060      0.0129
   11.70110      0.0128
   11.70160      0.0127
   11.70210      0.0126
   11.70260      0.0125
   11.70310      0.0124
   11.70360      0.0123
   11.70410      0.0122
   11.70460      0.0121
   11.70510      0.0120
   11.70560      0.0119
   11.70610      0.0118
   11.70660      0.0117
   11.70710      0.0117
   11.70760      0.0116
   11.70810      0.0115
   11.70860      0.0114
   11.70910      0.0113
   11.70960      0.0112
   11.71010      0.0111
   11.71060      0.0110
   11.71110      0.0109
   11.71160      0.0109
   11.71210      0.0108
   11.71260      0.0107
   11.71310      0.0106
   11.71360      0.0105
   11.71410      0.0104
   11.71460      0.0103
   11.71510      0.0103
   11.71560      0.0102
   11.71610      0.0101
   11.71660      0.0100
   11.71710      0.0099
   11.71760      0.0098
   11.71810      0.0098
   11.71860      0.0097
   11.71910      0.0096
   11.71960      0.0095
   11.72010      0.0094
   11.72060      0.0094
   11.72110      0.0093
   11.72160      0.0092
   11.72210      0.0091
   11.72260      0.0090
   11.72310      0.0090
   11.72360      0.0089
   11.72410      0.0088
   11.72460      0.0087
   11.72510      0.0087
   11.72560      0.0086
   11.72610      0.0085
   11.72660      0.0084
   11.72710      0.0084
   11.72760      0.0083
   11.72810      0.0082
   11.72860      0.0082
   11.72910      0.0081
   11.72960      0.0080
   11.73010      0.0080
   11.73060      0.0079
   11.73110      0.0078
   11.73160      0.0078
   11.73210      0.0077
   11.73260      0.0076
   11.73310      0.0076
   11.73360      0.0075
   11.73410      0.0074
   11.73460      0.0074
   11.73510      0.0073
   11.73560      0.0073
   11.73610      0.0072
   11.73660      0.0071
   11.73710      0.0071
   11.73760      0.0070
   11.73810      0.0070
   11.73860      0.0069
   11.73910      0.0069
   11.73960      0.0068
   11.74010      0.0068
   11.74060      0.0067
   11.74110      0.0067
   11.74160      0.0066
   11.74210      0.0065
   11.74260      0.0065
   11.74310      0.0064
   11.74360      0.0064
   11.74410      0.0063
   11.74460      0.0063
   11.74510      0.0062
   11.74560      0.0062
   11.74610      0.0061
   11.74660      0.0061
   11.74710      0.0060
   11.74760      0.0060
   11.74810      0.0059
   11.74860      0.0059
   11.74910      0.0058
   11.74960      0.0058
   11.75010      0.0058
   11.75060      0.0057
   11.75110      0.0057
   11.75160      0.0056
   11.75210      0.0056
   11.75260      0.0055
   11.75310      0.0055
   11.75360      0.0054
   11.75410      0.0054
   11.75460      0.0053
   11.75510      0.0053
   11.75560      0.0052
   11.75610      0.0052
   11.75660      0.0052
   11.75710      0.0051
   11.75760      0.0051
   11.75810      0.0050
   11.75860      0.0050
   11.75910      0.0049
   11.75960      0.0049
   11.76010      0.0048
   11.76060      0.0048
   11.76110      0.0047
   11.76160      0.0047
   11.76210      0.0047
   11.76260      0.0046
   11.76310      0.0046
   11.76360      0.0045
   11.76410      0.0045
   11.76460      0.0044
   11.76510      0.0044
   11.76560      0.0043
   11.76610      0.0043
   11.76660      0.0042
   11.76710      0.0042
   11.76760      0.0042
   11.76810      0.0041
   11.76860      0.0041
   11.76910      0.0040
   11.76960      0.0040
   11.77010      0.0039
   11.77060      0.0039
   11.77110      0.0039
   11.77160      0.0038
   11.77210      0.0038
   11.77260      0.0037
   11.77310      0.0037
   11.77360      0.0036
   11.77410      0.0036
   11.77460      0.0036
   11.77510      0.0035
   11.77560      0.0035
   11.77610      0.0034
   11.77660      0.0034
   11.77710      0.0034
   11.77760      0.0033
   11.77810      0.0033
   11.77860      0.0032
   11.77910      0.0032
   11.77960      0.0032
   11.78010      0.0031
   11.78060      0.0031
   11.78110      0.0031
   11.78160      0.0030
   11.78210      0.0030
   11.78260      0.0030
   11.78310      0.0029
   11.78360      0.0029
   11.78410      0.0029
   11.78460      0.0028
   11.78510      0.0028
   11.78560      0.0028
   11.78610      0.0027
   11.78660      0.0027
   11.78710      0.0027
   11.78760      0.0026
   11.78810      0.0026
   11.78860      0.0026
   11.78910      0.0026
   11.78960      0.0025
   11.79010      0.0025
   11.79060      0.0025
   11.79110      0.0025
   11.79160      0.0024
   11.79210      0.0024
   11.79260      0.0024
   11.79310      0.0024
   11.79360      0.0023
   11.79410      0.0023
   11.79460      0.0023
   11.79510      0.0023
   11.79560      0.0022
   11.79610      0.0022
   11.79660      0.0022
   11.79710      0.0022
   11.79760      0.0022
   11.79810      0.0021
   11.79860      0.0021
   11.79910      0.0021
   11.79960      0.0021
   11.80010      0.0021
   11.80060      0.0020
   11.80110      0.0020
   11.80160      0.0020
   11.80210      0.0020
   11.80260      0.0020
   11.80310      0.0019
   11.80360      0.0019
   11.80410      0.0019
   11.80460      0.0019
   11.80510      0.0019
   11.80560      0.0018
   11.80610      0.0018
   11.80660      0.0018
   11.80710      0.0018
   11.80760      0.0018
   11.80810      0.0017
   11.80860      0.0017
   11.80910      0.0017
   11.80960      0.0017
   11.81010      0.0017
   11.81060      0.0016
   11.81110      0.0016
   11.81160      0.0016
   11.81210      0.0016
   11.81260      0.0016
   11.81310      0.0015
   11.81360      0.0015
   11.81410      0.0015
   11.81460      0.0015
   11.81510      0.0015
   11.81560      0.0014
   11.81610      0.0014
   11.81660      0.0014
   11.81710      0.0014
   11.81760      0.0014
   11.81810      0.0013
   11.81860      0.0013
   11.81910      0.0013
   11.81960      0.0013
   11.82010      0.0013
   11.82060      0.0012
   11.82110      0.0012
   11.82160      0.0012
   11.82210      0.0012
   11.82260      0.0012
   11.82310      0.0011
   11.82360      0.0011
   11.82410      0.0011
   11.82460      0.0011
   11.82510      0.0011
   11.82560      0.0010
   11.82610      0.0010
   11.82660      0.0010
   11.82710      0.0010
   11.82760      0.0010
   11.82810      0.0009
   11.82860      0.0009
   11.82910      0.0009
   11.82960      0.0009
   11.83010      0.0009
   11.83060      0.0008
   11.83110      0.0008
   11.83160      0.0008
   11.83210      0.0008
   11.83260      0.0008
   11.83310      0.0008
   11.83360      0.0007
   11.83410      0.0007
   11.83460      0.0007
   11.83510      0.0007
   11.83560      0.0007
   11.83610      0.0006
   11.83660      0.0006
   11.83710      0.0006
   11.83760      0.0006
   11.83810      0.0006
   11.83860      0.0006
   11.83910      0.0006
   11.83960      0.0005
   11.84010      0.0005
   11.84060      0.0005
   11.84110      0.0005
   11.84160      0.0005
   11.84210      0.0005
   11.84260      0.0005
   11.84310      0.0004
   11.84360      0.0004
   11.84410      0.0004
   11.84460      0.0004
   11.84510      0.0004
   11.84560      0.0004
   11.84610      0.0004
   11.84660      0.0004
   11.84710      0.0003
   11.84760      0.0003
   11.84810      0.0003
   11.84860      0.0003
   11.84910      0.0003
   11.84960      0.0003
   11.85010      0.0003
   11.85060      0.0003
   11.85110      0.0003
   11.85160      0.0002
   11.85210      0.0002
   11.85260      0.0002
   11.85310      0.0002
   11.85360      0.0002
   11.85410      0.0002
   11.85460      0.0002
   11.85510      0.0002
   11.85560      0.0002
   11.85610      0.0002
   11.85660      0.0002
   11.85710      0.0002
   11.85760      0.0002
   11.85810      0.0001
   11.85860      0.0001
   11.85910      0.0001
   11.85960      0.0001
   11.86010      0.0001
   11.86060      0.0001
   11.86110      0.0001
   11.86160      0.0001
   11.86210      0.0001
   11.86260      0.0001
   11.86310      0.0001
   11.86360      0.0001
   11.86410      0.0001
   11.86460      0.0001
   11.86510      0.0001
   11.86560      0.0001
   11.86610      0.0001