 0.00913 0.000000000000001  
 0.00943 0.000000000000004  
 0.00963 0.000000000000010  
 0.00983 0.000000000000017  
 0.01003 0.000000000810385  
 0.01023 0.000000000831064  
 0.01043 0.000000000851880  
 0.01063 0.000000000872866  
 0.01083 0.000000000894113  
 0.01103 0.000000000915975  
 0.01143 0.000000000961385  
 0.01183 0.000000001013190  
 0.01213 0.000000001068940  
 0.01253 0.000000001168940  
 0.01273 0.000000001253530  
 0.01284 0.000000001315280  
 0.01314 0.000000001495040  
 0.01324 0.000000001681190  
 0.01344 0.000000001938000  
 0.01374 0.000000002601470  
 0.01404 0.000000003962430  
 0.01434 0.000000006699620  
 0.01474 0.000000013070600  
 0.01504 0.000000021418500  
 0.01514 0.000000025288500  
 0.01554 0.000000051637700  
 0.01594 0.000000095007900  
 0.01624 0.000000181478000  
 0.01665 0.000000337993000  
 0.01705 0.000000633285000  
 0.01735 0.000000975489000  
 0.01775 0.000001610540000  
 0.01805 0.000002540560000  
 0.01825 0.000003211730000  
 0.01865 0.000005634660000  
 0.01915 0.000010314900000  
 0.01945 0.000014664000000  
 0.01985 0.000024417500000  
 0.02026 0.000036129400000  
 0.02056 0.000051064100000  
 0.02106 0.000089966200000  
 0.02166 0.000160263000000  
 0.02206 0.000229467000000  
 0.02236 0.000309259000000  
 0.02276 0.000444836000000  
 0.02306 0.123131000000000  
 0.02346 0.405929000000000  
 0.02407 0.568498000000000  
 0.02467 0.501769000000000  
 0.02527 0.929450000000000  
 0.02577 1.739920000000000  
 0.02607 2.170330000000000  
 0.02647 7.203160000000000  
 0.02697 10.481999999999999  
 0.02748 13.571899999999999  
 0.02798 12.706500000000000  
 0.02848 27.620300000000000  
 0.02908 40.723100000000002  
 0.02968 47.272100000000002  
 0.03018 118.311000000000007  
 0.03088 192.532999999999987  
 0.03189 334.197000000000003  
 0.03289 490.434000000000026  
 0.03309 533.154999999999973  
 0.03389 740.932999999999993  
 0.03490 980.373000000000047  
 0.03580 2347.829999999999927  
 0.03670 4879.210000000000036  
 0.03760 5439.050000000000182  
 0.03861 5895.180000000000291  
 0.03961 10644.799999999999272  
 0.04061 14299.100000000000364  
 0.04151 16586.099999999998545  
 0.04232 17278.799999999999272  
 0.04312 18354.000000000000000  
 0.04422 23318.400000000001455  
 0.04522 25894.500000000000000  
 0.04613 25295.299999999999272  
 0.04713 28443.000000000000000  
 0.04813 34398.199999999997090  
 0.04914 32201.700000000000728  
 0.05014 41079.400000000001455  
 0.05074 30005.200000000000728  
 0.05134 83819.300000000002910  
 0.05214 79622.699999999997090  
 0.05315 71252.500000000000000  
 0.05415 62556.300000000002910  
 0.05515 70266.699999999997090  
 0.05615 98430.399999999994179  
 0.05716 111528.000000000000000  
 0.05816 109282.000000000000000  
 0.05916 117993.000000000000000  
 0.06017 96397.800000000002910  
 0.06117 103991.000000000000000  
 0.06217 144415.000000000000000  
 0.06317 142123.000000000000000  
 0.06418 153486.000000000000000  
 0.06518 154290.000000000000000  
 0.06598 143577.000000000000000  
 0.06668 165399.000000000000000  
 0.06769 179425.000000000000000  
 0.06869 147459.000000000000000  
 0.06969 190556.000000000000000  
 0.07069 145199.000000000000000  
 0.07180 210954.000000000000000  
 0.07280 213762.000000000000000  
 0.07320 215844.000000000000000  
 0.07370 218458.000000000000000  
 0.07471 216592.000000000000000  
 0.07571 218790.000000000000000  
 0.07671 196569.000000000000000  
 0.07771 226511.000000000000000  
 0.07872 219967.000000000000000  
 0.07972 234119.000000000000000  
 0.08072 235317.000000000000000  
 0.08172 238366.000000000000000  
 0.08273 247069.000000000000000  
 0.08373 173368.000000000000000  
 0.08473 241251.000000000000000  
 0.08574 238469.000000000000000  
 0.08674 248855.000000000000000  
 0.08774 250727.000000000000000  
 0.08874 254793.000000000000000  
 0.08975 257201.000000000000000  
 0.09075 246656.000000000000000  
 0.09175 262270.000000000000000  
 0.09276 727272.000000000000000  
 0.09376 928155.000000000000000  
 0.09476 896545.000000000000000  
 0.09576 1063820.000000000000000  
 0.09677 1128820.000000000000000  
 0.09777 480842.000000000000000  
 0.09877 884350.000000000000000  
 0.09977 795218.000000000000000  
 0.10028 895636.000000000000000  
 0.10078 1008140.000000000000000  
 0.10178 1147430.000000000000000  
 0.10278 911390.000000000000000  
 0.10379 1052150.000000000000000  
 0.10479 1333290.000000000000000  
 0.10579 1295850.000000000000000  
 0.10679 1129910.000000000000000  
 0.10780 1240830.000000000000000  
 0.10880 1111350.000000000000000  
 0.10980 1303700.000000000000000  
 0.11081 1129810.000000000000000  
 0.11181 1067950.000000000000000  
 0.11281 920679.000000000000000  
 0.11381 1085090.000000000000000  
 0.11482 1046300.000000000000000  
 0.11582 1018850.000000000000000  
 0.11682 981238.000000000000000  
 0.11782 626374.000000000000000  
 0.11883 943481.000000000000000  
 0.11983 901160.000000000000000  
 0.12083 971879.000000000000000  
 0.12183 837698.000000000000000  
 0.12284 964373.000000000000000  
 0.12334 1055390.000000000000000  
 0.12384 1154580.000000000000000  
 0.12484 1025140.000000000000000  
 0.12585 967092.000000000000000  
 0.12685 979484.000000000000000  
 0.12785 1122790.000000000000000  
 0.12885 1194730.000000000000000  
 0.12986 1104590.000000000000000  
 0.13086 1092590.000000000000000  
 0.13186 1234450.000000000000000  
 0.13287 1196750.000000000000000  
 0.13387 1155750.000000000000000  
 0.13487 1202820.000000000000000  
 0.13587 1163940.000000000000000  
 0.13688 1084740.000000000000000  
 0.13788 1078320.000000000000000  
 0.13888 1054110.000000000000000  
 0.13989 718472.000000000000000  
 0.14089 657303.000000000000000  
 0.14189 986270.000000000000000  
 0.14289 920817.000000000000000  
 0.14390 984770.000000000000000  
 0.14460 993462.000000000000000  
 0.14510 1011040.000000000000000  
 0.14590 960337.000000000000000  
 0.14690 932319.000000000000000  
 0.14791 939321.000000000000000  
 0.14891 963444.000000000000000  
 0.14991 949221.000000000000000  
 0.15091 913095.000000000000000  
 0.15142 872070.000000000000000  
 0.15162 856217.000000000000000  
 0.15212 884386.000000000000000  
 0.15292 888134.000000000000000  
 0.15392 753000.000000000000000  
 0.15493 625450.000000000000000  
 0.15593 642320.000000000000000  
 0.15693 767448.000000000000000  
 0.15793 846006.000000000000000  
 0.15894 880320.000000000000000  
 0.15994 890266.000000000000000  
 0.16094 858136.000000000000000  
 0.16195 829597.000000000000000  
 0.16295 829976.000000000000000  
 0.16395 877544.000000000000000  
 0.16495 897123.000000000000000  
 0.16596 886214.000000000000000  
 0.16696 907435.000000000000000  
 0.16766 807154.000000000000000  
 0.16816 986228.000000000000000  
 0.16897 960256.000000000000000  
 0.16997 922792.000000000000000  
 0.17097 908145.000000000000000  
 0.17197 860240.000000000000000  
 0.17298 838574.000000000000000  
 0.17398 890811.000000000000000  
 0.17498 891526.000000000000000  
 0.17598 895563.000000000000000  
 0.17699 887325.000000000000000  
 0.17799 857566.000000000000000  
 0.17899 885384.000000000000000  
 0.17999 887388.000000000000000  
 0.18100 905530.000000000000000  
 0.18200 856034.000000000000000  
 0.18300 864316.000000000000000  
 0.18401 862049.000000000000000  
 0.18501 810854.000000000000000  
 0.18551 819254.000000000000000  
 0.18601 827719.000000000000000  
 0.18701 839513.000000000000000  
 0.18802 854656.000000000000000  
 0.18902 799615.000000000000000  
 0.19002 778078.000000000000000  
 0.19103 824760.000000000000000  
 0.19203 798737.000000000000000  
 0.19303 761757.000000000000000  
 0.19403 831693.000000000000000  
 0.19504 837065.000000000000000  
 0.19604 763321.000000000000000  
 0.19724 827351.000000000000000  
 0.19814 857984.000000000000000  
 0.19895 820187.000000000000000  
 0.20005 805104.000000000000000  
 0.20105 831766.000000000000000  
 0.20206 827097.000000000000000  
 0.20306 846048.000000000000000  
 0.20406 801141.000000000000000  
 0.20506 813917.000000000000000  
 0.20607 690615.000000000000000  
 0.20707 754208.000000000000000  
 0.20797 853384.000000000000000  
 0.20837 797192.000000000000000  
 0.20908 816867.000000000000000  
 0.21008 782019.000000000000000  
 0.21108 799700.000000000000000  
 0.21208 815941.000000000000000  
 0.21309 816182.000000000000000  
 0.21409 801409.000000000000000  
 0.21509 789353.000000000000000  
 0.21610 812918.000000000000000  
 0.21710 794804.000000000000000  
 0.21810 801288.000000000000000  
 0.21910 782347.000000000000000  
 0.22011 808302.000000000000000  
 0.22111 802911.000000000000000  
 0.22211 785300.000000000000000  
 0.22311 777879.000000000000000  
 0.22412 779210.000000000000000  
 0.22512 770188.000000000000000  
 0.22612 758856.000000000000000  
 0.22712 771133.000000000000000  
 0.22763 771990.000000000000000  
 0.22813 772846.000000000000000  
 0.22913 764685.000000000000000  
 0.23013 722127.000000000000000  
 0.23114 741541.000000000000000  
 0.23214 733345.000000000000000  
 0.23314 676096.000000000000000  
 0.23414 720695.000000000000000  
 0.23515 726923.000000000000000  
 0.23615 726156.000000000000000  
 0.23715 718462.000000000000000  
 0.23816 709563.000000000000000  
 0.23916 690199.000000000000000  
 0.24016 703616.000000000000000  
 0.24116 696714.000000000000000  
 0.24217 696105.000000000000000  
 0.24317 700004.000000000000000  
 0.24417 685424.000000000000000  
 0.24518 692620.000000000000000  
 0.24618 685243.000000000000000  
 0.24718 689562.000000000000000  
 0.24818 680571.000000000000000  
 0.24919 678913.000000000000000  
 0.25019 534162.000000000000000  
 0.25119 663058.000000000000000  
 0.25199 640671.000000000000000  
 0.25250 665797.000000000000000  
 0.25320 665189.000000000000000  
 0.25420 663627.000000000000000  
 0.25520 649676.000000000000000  
 0.25621 644101.000000000000000  
 0.25721 649082.000000000000000  
 0.25821 651760.000000000000000  
 0.25921 649891.000000000000000  
 0.26022 645154.000000000000000  
 0.26122 644411.000000000000000  
 0.26222 636990.000000000000000  
 0.26322 639530.000000000000000  
 0.26423 625694.000000000000000  
 0.26523 624129.000000000000000  
 0.26623 613764.000000000000000  
 0.26724 605541.000000000000000  
 0.26824 605306.000000000000000  
 0.26924 604095.000000000000000  
 0.27024 596766.000000000000000  
 0.27125 591093.000000000000000  
 0.27225 592230.000000000000000  
 0.27325 603328.000000000000000  
 0.27426 594622.000000000000000  
 0.27526 594691.000000000000000  
 0.27626 588043.000000000000000  
 0.27726 581830.000000000000000  
 0.27827 588533.000000000000000  
 0.27927 592522.000000000000000  
 0.27977 578350.000000000000000  
 0.28027 564542.000000000000000  
 0.28127 577415.000000000000000  
 0.28228 583401.000000000000000  
 0.28328 573154.000000000000000  
 0.28428 560651.000000000000000  
 0.28529 570304.000000000000000  
 0.28629 571114.000000000000000  
 0.28729 562449.000000000000000  
 0.28829 549618.000000000000000  
 0.28930 550548.000000000000000  
 0.29030 539198.000000000000000  
 0.29180 533563.000000000000000  
 0.29381 533810.000000000000000  
 0.29581 527217.000000000000000  
 0.29782 523412.000000000000000  
 0.29983 516982.000000000000000  
 0.30183 510752.000000000000000  
 0.30384 507619.000000000000000  
 0.30584 505993.000000000000000  
 0.30785 500057.000000000000000  
 0.30985 493289.000000000000000  
 0.31186 489210.000000000000000  
 0.31386 484820.000000000000000  
 0.31587 483135.000000000000000  
 0.31788 475294.000000000000000  
 0.31988 472855.000000000000000  
 0.32189 468537.000000000000000  
 0.32389 468878.000000000000000  
 0.32590 461618.000000000000000  
 0.32790 453092.000000000000000  
 0.32991 451119.000000000000000  
 0.33191 449554.000000000000000  
 0.33392 443684.000000000000000  
 0.33592 438938.000000000000000  
 0.33793 440513.000000000000000  
 0.33993 437879.000000000000000  
 0.34194 434707.000000000000000  
 0.34395 428226.000000000000000  
 0.34595 423369.000000000000000  
 0.34796 421891.000000000000000  
 0.34996 416640.000000000000000  
 0.35197 413509.000000000000000  
 0.35397 412629.000000000000000  
 0.35598 407746.000000000000000  
 0.35798 410770.000000000000000  
 0.35999 403591.000000000000000  
 0.36200 396496.000000000000000  
 0.36400 393177.000000000000000  
 0.36500 390521.000000000000000  
 0.36601 390402.000000000000000  
 0.36801 382605.000000000000000  
 0.37002 372777.000000000000000  
 0.37202 368819.000000000000000  
 0.37403 370760.000000000000000  
 0.37604 384354.000000000000000  
 0.37804 377215.000000000000000  
 0.38005 388290.000000000000000  
 0.38205 402613.000000000000000  
 0.38406 378739.000000000000000  
 0.38606 407908.000000000000000  
 0.38807 404559.000000000000000  
 0.39007 361008.000000000000000  
 0.39208 397991.000000000000000  
 0.39408 394080.000000000000000  
 0.39609 387153.000000000000000  
 0.39809 346285.000000000000000  
 0.40010 382852.000000000000000  
 0.40211 381100.000000000000000  
 0.40411 374211.000000000000000  
 0.40612 377923.000000000000000  
 0.40812 369813.000000000000000  
 0.41013 357189.000000000000000  
 0.41213 333555.000000000000000  
 0.41414 361637.000000000000000  
 0.41614 363309.000000000000000  
 0.41815 362330.000000000000000  
 0.42016 360932.000000000000000  
 0.42216 358789.000000000000000  
 0.42417 357554.000000000000000  
 0.42617 352022.000000000000000  
 0.42818 345863.000000000000000  
 0.43018 346824.000000000000000  
 0.43219 340650.000000000000000  
 0.43419 327211.000000000000000  
 0.43620 307194.000000000000000  
 0.43821 333682.000000000000000  
 0.44021 332062.000000000000000  
 0.44222 331603.000000000000000  
 0.44422 329928.000000000000000  
 0.44623 328444.000000000000000  
 0.44823 321117.000000000000000  
 0.45024 322977.000000000000000  
 0.45224 321563.000000000000000  
 0.45425 319793.000000000000000  
 0.45626 315116.000000000000000  
 0.45826 316226.000000000000000  
 0.46027 311630.000000000000000  
 0.46227 310278.000000000000000  
 0.46428 306296.000000000000000  
 0.46628 298929.000000000000000  
 0.46829 303168.000000000000000  
 0.47029 297922.000000000000000  
 0.47230 295373.000000000000000  
 0.47430 299066.000000000000000  
 0.47631 297015.000000000000000  
 0.47832 296624.000000000000000  
 0.48032 293941.000000000000000  
 0.48233 290355.000000000000000  
 0.48433 288108.000000000000000  
 0.48634 277621.000000000000000  
 0.48834 255314.000000000000000  
 0.49035 282399.000000000000000  
 0.49235 280418.000000000000000  
 0.49436 275163.000000000000000  
 0.49637 276407.000000000000000  
 0.49837 275377.000000000000000  
 0.50038 271926.000000000000000  
 0.50238 264382.000000000000000  
 0.50439 267654.000000000000000  
 0.50639 265007.000000000000000  
 0.50840 266096.000000000000000  
 0.51040 264132.000000000000000  
 0.51241 262008.000000000000000  
 0.51441 258871.000000000000000  
 0.51642 256684.000000000000000  
 0.51843 255376.000000000000000  
 0.52043 253435.000000000000000  
 0.52244 251385.000000000000000  
 0.52444 249037.000000000000000  
 0.52645 247480.000000000000000  
 0.52845 244540.000000000000000  
 0.53046 244781.000000000000000  
 0.53246 242030.000000000000000  
 0.53447 240655.000000000000000  
 0.53648 239618.000000000000000  
 0.53848 238686.000000000000000  
 0.54049 236399.000000000000000  
 0.54249 232699.000000000000000  
 0.54450 233017.000000000000000  
 0.54650 231722.000000000000000  
 0.54851 229069.000000000000000  
 0.55051 227634.000000000000000  
 0.55152 227033.000000000000000  
 0.55252 226434.000000000000000  
 0.55453 225246.000000000000000  
 0.55653 223975.000000000000000  
 0.55854 222425.000000000000000  
 0.56054 220013.000000000000000  
 0.56255 219232.000000000000000  
 0.56455 217498.000000000000000  
 0.56656 215576.000000000000000  
 0.56856 213288.000000000000000  
 0.57057 210804.000000000000000  
 0.57257 208300.000000000000000  
 0.57458 208491.000000000000000  
 0.57659 205975.000000000000000  
 0.57859 205804.000000000000000  
 0.58060 204812.000000000000000  
 0.58260 204364.000000000000000  
 0.58461 203596.000000000000000  
 0.58661 202692.000000000000000  
 0.58862 197723.000000000000000  
 0.59062 199142.000000000000000  
 0.59263 198522.000000000000000  
 0.59464 196988.000000000000000  
 0.59664 195397.000000000000000  
 0.59865 195079.000000000000000  
 0.60065 193255.000000000000000  
 0.60266 192445.000000000000000  
 0.60466 191449.000000000000000  
 0.60667 190651.000000000000000  
 0.60867 189647.000000000000000  
 0.61068 188121.000000000000000  
 0.61269 186717.000000000000000  
 0.61469 185148.000000000000000  
 0.61670 182885.000000000000000  
 0.61870 181609.000000000000000  
 0.62071 181425.000000000000000  
 0.62271 180327.000000000000000  
 0.62472 178071.000000000000000  
 0.62672 176228.000000000000000  
 0.62873 177202.000000000000000  
 0.63074 176626.000000000000000  
 0.63274 174603.000000000000000  
 0.63475 174599.000000000000000  
 0.63675 173027.000000000000000  
 0.63876 172352.000000000000000  
 0.64076 171851.000000000000000  
 0.64277 170475.000000000000000  
 0.64477 170251.000000000000000  
 0.64678 169056.000000000000000  
 0.64878 168291.000000000000000  
 0.65079 167036.000000000000000  
 0.65280 166525.000000000000000  
 0.65480 165133.000000000000000  
 0.65681 161130.000000000000000  
 0.65881 146040.000000000000000  
 0.66082 161461.000000000000000  
 0.66282 161742.000000000000000  
 0.66483 160912.000000000000000  
 0.66683 159728.000000000000000  
 0.66884 157479.000000000000000  
 0.67085 156494.000000000000000  
 0.67285 156286.000000000000000  
 0.67486 155254.000000000000000  
 0.67686 154300.000000000000000  
 0.67887 153911.000000000000000  
 0.68087 152535.000000000000000  
 0.68288 152491.000000000000000  
 0.68488 151814.000000000000000  
 0.68689 150951.000000000000000  
 0.68890 150579.000000000000000  
 0.69090 149698.000000000000000  
 0.69291 149492.000000000000000  
 0.69491 149148.000000000000000  
 0.69692 148446.000000000000000  
 0.69892 147933.000000000000000  
 0.70093 147357.000000000000000  
 0.70293 146231.000000000000000  
 0.70494 145261.000000000000000  
 0.70695 144059.000000000000000  
 0.70895 141338.000000000000000  
 0.71096 141654.000000000000000  
 0.71296 139461.000000000000000  
 0.71497 138719.000000000000000  
 0.71697 138611.000000000000000  
 0.71898 137643.000000000000000  
 0.72098 137222.000000000000000  
 0.72299 137532.000000000000000  
 0.72499 136159.000000000000000  
 0.72700 136885.000000000000000  
 0.72901 136643.000000000000000  
 0.73101 135288.000000000000000  
 0.73302 135959.000000000000000  
 0.73502 135614.000000000000000  
 0.73703 135357.000000000000000  
 0.73903 135054.000000000000000  
 0.74104 133996.000000000000000  
 0.74304 133351.000000000000000  
 0.74505 132980.000000000000000  
 0.74706 132645.000000000000000  
 0.74906 131883.000000000000000  
 0.75107 131237.000000000000000  
 0.75307 130947.000000000000000  
 0.75508 130534.000000000000000  
 0.75708 130107.000000000000000  
 0.75909 129198.000000000000000  
 0.76109 128004.000000000000000  
 0.76310 127507.000000000000000  
 0.76511 126838.000000000000000  
 0.76711 125952.000000000000000  
 0.76912 125007.000000000000000  
 0.77112 124626.000000000000000  
 0.77313 123892.000000000000000  
 0.77513 123354.000000000000000  
 0.77714 122734.000000000000000  
 0.77914 121408.000000000000000  
 0.78115 121859.000000000000000  
 0.78215 121592.000000000000000  
 0.78316 121325.000000000000000  
 0.78516 120961.000000000000000  
 0.78717 120250.000000000000000  
 0.78917 119906.000000000000000  
 0.79118 119236.000000000000000  
 0.79318 119069.000000000000000  
 0.79519 118838.000000000000000  
 0.79719 118374.000000000000000  
 0.79920 118197.000000000000000  
 0.80120 117404.000000000000000  
 0.80321 117405.000000000000000  
 0.80522 116943.000000000000000  
 0.80722 116623.000000000000000  
 0.80923 116458.000000000000000  
 0.81123 115837.000000000000000  
 0.81324 115291.000000000000000  
 0.81524 115360.000000000000000  
 0.81725 114782.000000000000000  
 0.81925 114412.000000000000000  
 0.82126 113442.000000000000000  
 0.82327 111168.000000000000000  
 0.82527 110407.000000000000000  
 0.82728 110585.000000000000000  
 0.82928 109939.000000000000000  
 0.83129 109575.000000000000000  
 0.83329 108995.000000000000000  
 0.83530 108425.000000000000000  
 0.83730 107835.000000000000000  
 0.83931 107544.000000000000000  
 0.84132 107843.000000000000000  
 0.84332 107476.000000000000000  
 0.84533 107934.000000000000000  
 0.84733 106411.000000000000000  
 0.84934 105285.000000000000000  
 0.85134 107796.000000000000000  
 0.85335 104362.000000000000000  
 0.85535 108107.000000000000000  
 0.85736 103047.000000000000000  
 0.85936 108751.000000000000000  
 0.86137 103977.000000000000000  
 0.86338 103507.000000000000000  
 0.86538 108220.000000000000000  
 0.86739 105801.000000000000000  
 0.86939 98744.899999999994179  
 0.87140 106736.000000000000000  
 0.87340 107654.000000000000000  
 0.87541 105603.000000000000000  
 0.87741 96666.199999999997090  
 0.87942 103887.000000000000000  
 0.88143 106294.000000000000000  
 0.88343 106184.000000000000000  
 0.88544 105071.000000000000000  
 0.88744 100909.000000000000000  
 0.88945 93738.699999999997090  
 0.89145 102763.000000000000000  
 0.89346 103534.000000000000000  
 0.89546 103122.000000000000000  
 0.89747 103074.000000000000000  
 0.89948 102550.000000000000000  
 0.90148 100741.000000000000000  
 0.90349 91921.600000000005821  
 0.90549 96301.500000000000000  
 0.90750 100682.000000000000000  
 0.90950 99736.000000000000000  
 0.91151 99660.100000000005821  
 0.91351 99685.899999999994179  
 0.91552 99831.300000000002910  
 0.91752 99977.000000000000000  
 0.91953 99375.899999999994179  
 0.92153 98515.600000000005821  
 0.92354 95601.899999999994179  
 0.92555 85755.899999999994179  
 0.92755 94392.199999999997090  
 0.92956 96006.800000000002910  
 0.93156 96817.800000000002910  
 0.93357 96328.300000000002910  
 0.93557 95938.800000000002910  
 0.93758 95415.000000000000000  
 0.93959 95631.399999999994179  
 0.94159 95378.100000000005821  
 0.94360 94525.300000000002910  
 0.94560 94766.300000000002910  
 0.94761 94421.500000000000000  
 0.94961 93841.899999999994179  
 0.95162 93539.500000000000000  
 0.95362 92157.000000000000000  
 0.95563 89646.800000000002910  
 0.95764 80972.899999999994179  
 0.95964 90124.699999999997090  
 0.96064 90765.000000000000000  
 0.96165 91409.300000000002910  
 0.96365 91105.000000000000000  
 0.96566 90524.100000000005821  
 0.96766 90873.600000000005821  
 0.96967 90456.699999999997090  
 0.97167 90237.100000000005821  
 0.97368 89615.100000000005821  
 0.97568 89776.500000000000000  
 0.97769 89214.100000000005821  
 0.97969 88844.899999999994179  
 0.98170 88510.000000000000000  
 0.98371 88065.500000000000000  
 0.98571 87739.899999999994179  
 0.98772 87301.199999999997090  
 0.98972 86947.600000000005821  
 0.99173 86504.600000000005821  
 0.99373 86067.399999999994179  
 0.99574 86008.300000000002910  
 0.99774 85695.500000000000000  
 0.99975 85324.000000000000000  
 1.00176 84953.800000000002910  
 1.00476 81626.100000000005821  
 1.00978 79727.800000000002910  
 1.01479 82062.300000000002910  
 1.01981 82242.899999999994179  
 1.02482 81588.699999999997090  
 1.03084 80902.300000000002910  
 1.03585 79944.800000000002910  
 1.04086 79351.199999999997090  
 1.04588 78734.000000000000000  
 1.05089 78010.300000000002910  
 1.05590 77326.800000000002910  
 1.06092 76625.699999999997090  
 1.06493 75711.199999999997090  
 1.06994 74662.100000000005821  
 1.07496 74264.500000000000000  
 1.07997 73638.600000000005821  
 1.08498 72322.399999999994179  
 1.09000 72191.500000000000000  
 1.09501 67024.899999999994179  
 1.10003 70173.199999999997090  
 1.10504 70508.600000000005821  
 1.11005 69860.100000000005821  
 1.11507 69063.100000000005821  
 1.12008 68462.199999999997090  
 1.12510 67887.800000000002910  
 1.13011 67047.800000000002910  
 1.13512 66448.000000000000000  
 1.14014 66214.199999999997090  
 1.14515 65563.699999999997090  
 1.15016 65199.300000000002910  
 1.15518 64830.900000000001455  
 1.16119 64214.000000000000000  
 1.16621 63367.000000000000000  
 1.17122 62950.000000000000000  
 1.17624 62886.000000000000000  
 1.18025 62439.099999999998545  
 1.18125 62328.099999999998545  
 1.18626 62003.500000000000000  
 1.19128 61145.500000000000000  
 1.19529 61022.000000000000000  
 1.20030 60279.599999999998545  
 1.20532 60227.400000000001455  
 1.21033 59728.300000000002910  
 1.21534 59064.400000000001455  
 1.22036 58638.800000000002910  
 1.22537 58141.400000000001455  
 1.23038 57717.599999999998545  
 1.23540 57159.699999999997090  
 1.24041 56738.099999999998545  
 1.24543 56531.599999999998545  
 1.25044 55889.099999999998545  
 1.25545 55314.500000000000000  
 1.26047 54807.699999999997090  
 1.26548 54410.000000000000000  
 1.27050 53979.000000000000000  
 1.27551 53448.400000000001455  
 1.28052 52298.800000000002910  
 1.28554 49168.199999999997090  
 1.29155 52039.900000000001455  
 1.29657 51751.199999999997090  
 1.30158 51159.599999999998545  
 1.30659 50787.500000000000000  
 1.31161 50462.199999999997090  
 1.31562 50068.199999999997090  
 1.32063 49581.599999999998545  
 1.32565 49314.000000000000000  
 1.33066 48916.199999999997090  
 1.33567 48489.500000000000000  
 1.34069 47806.000000000000000  
 1.34570 47445.400000000001455  
 1.35072 47001.500000000000000  
 1.35573 46693.500000000000000  
 1.36074 46274.699999999997090  
 1.36576 45988.000000000000000  
 1.37077 45750.800000000002910  
 1.37578 45225.699999999997090  
 1.38080 45087.000000000000000  
 1.38581 44615.099999999998545  
 1.39083 44450.800000000002910  
 1.39584 43759.000000000000000  
 1.40085 43726.199999999997090  
 1.40587 43488.800000000002910  
 1.41088 43708.400000000001455  
 1.41690 43502.199999999997090  
 1.42191 42972.699999999997090  
 1.42693 42557.199999999997090  
 1.43194 42140.599999999998545  
 1.43695 41901.400000000001455  
 1.44197 41571.900000000001455  
 1.44598 41130.099999999998545  
 1.44899 41084.699999999997090  
 1.45099 41054.400000000001455  
 1.45601 40822.000000000000000  
 1.46102 40708.900000000001455  
 1.46603 40500.300000000002910  
 1.47105 40181.300000000002910  
 1.47606 39871.699999999997090  
 1.48107 39494.099999999998545  
 1.48609 39249.900000000001455  
 1.49110 39140.199999999997090  
 1.49612 38797.800000000002910  
 1.50113 38471.699999999997090  
 1.50614 38453.199999999997090  
 1.51116 38082.500000000000000  
 1.51617 37994.300000000002910  
 1.52118 37783.699999999997090  
 1.52620 37698.900000000001455  
 1.53121 37051.599999999998545  
 1.53623 36750.199999999997090  
 1.54124 36673.300000000002910  
 1.54726 36230.400000000001455  
 1.55227 36358.000000000000000  
 1.55728 36159.800000000002910  
 1.56230 35343.599999999998545  
 1.56631 35874.300000000002910  
 1.57132 35339.900000000001455  
 1.57634 34859.500000000000000  
 1.58135 35287.199999999997090  
 1.58636 34781.500000000000000  
 1.59138 33596.800000000002910  
 1.59639 34245.500000000000000  
 1.60141 34331.000000000000000  
 1.60943 33781.000000000000000  
 1.61946 33031.599999999998545  
 1.62948 33082.099999999998545  
 1.63951 32620.799999999999272  
 1.64954 31717.299999999999272  
 1.65957 32154.900000000001455  
 1.66959 31911.799999999999272  
 1.67962 31182.700000000000728  
 1.68965 30484.400000000001455  
 1.69968 31025.500000000000000  
 1.70970 30569.400000000001455  
 1.71973 30447.099999999998545  
 1.72976 30053.299999999999272  
 1.73979 28688.400000000001455  
 1.74981 29258.900000000001455  
 1.75984 29077.500000000000000  
 1.76987 28863.599999999998545  
 1.77889 28810.500000000000000  
 1.77990 28804.599999999998545  
 1.78992 28423.500000000000000  
 1.79995 28210.200000000000728  
 1.80998 27853.400000000001455  
 1.82001 26565.000000000000000  
 1.83003 27149.500000000000000  
 1.84006 27204.900000000001455  
 1.85009 26904.900000000001455  
 1.86012 26604.700000000000728  
 1.87015 26164.200000000000728  
 1.88017 25154.900000000001455  
 1.89020 25820.099999999998545  
 1.90023 25627.299999999999272  
 1.91026 25484.599999999998545  
 1.92028 25245.200000000000728  
 1.93031 25051.099999999998545  
 1.94034 24707.900000000001455  
 1.95037 23614.299999999999272  
 1.96039 24260.900000000001455  
 1.97042 24243.599999999998545  
 1.98045 24058.799999999999272  
 1.99048 23960.299999999999272  
 2.00050 23707.599999999998545  
 2.01053 23601.299999999999272  
 2.02056 23451.599999999998545  
 2.03059 23210.500000000000000  
 2.04061 22906.200000000000728  
 2.05064 22895.500000000000000  
 2.06067 22757.099999999998545  
 2.07070 22612.400000000001455  
 2.08072 22459.900000000001455  
 2.09075 22232.799999999999272  
 2.10078 22057.900000000001455  
 2.11081 21898.400000000001455  
 2.12083 21716.400000000001455  
 2.13086 21536.500000000000000  
 2.14089 21424.099999999998545  
 2.15092 21281.099999999998545  
 2.16095 21043.200000000000728  
 2.17097 19985.599999999998545  
 2.18100 20631.900000000001455  
 2.18501 20614.599999999998545  
 2.19103 20588.799999999999272  
 2.20106 20453.700000000000728  
 2.21108 20250.599999999998545  
 2.22111 20045.599999999998545  
 2.23114 19905.299999999999272  
 2.24117 19803.500000000000000  
 2.25119 19653.799999999999272  
 2.26122 19499.400000000001455  
 2.27125 19352.599999999998545  
 2.28128 19178.400000000001455  
 2.29130 19017.000000000000000  
 2.30133 18681.000000000000000  
 2.31136 18673.900000000001455  
 2.32139 18524.500000000000000  
 2.33141 18135.200000000000728  
 2.34144 18156.299999999999272  
 2.35147 17928.500000000000000  
 2.36150 17716.900000000001455  
 2.37152 17720.299999999999272  
 2.38155 17540.500000000000000  
 2.39158 17374.299999999999272  
 2.40161 17301.400000000001455  
 2.41163 17219.099999999998545  
 2.42166 17082.900000000001455  
 2.43169 16929.900000000001455  
 2.44172 16692.900000000001455  
 2.45175 16578.000000000000000  
 2.46177 16573.299999999999272  
 2.47180 16455.000000000000000  
 2.48183 16282.299999999999272  
 2.49186 16117.200000000000728  
 2.50188 15708.299999999999272  
 2.51191 15695.100000000000364  
 2.52194 15726.799999999999272  
 2.53197 15591.399999999999636  
 2.54199 15745.899999999999636  
 2.55202 15760.799999999999272  
 2.56205 15666.700000000000728  
 2.57208 15396.899999999999636  
 2.58210 15567.000000000000000  
 2.59213 15431.299999999999272  
 2.60216 15310.399999999999636  
 2.61219 15076.700000000000728  
 2.62221 14711.299999999999272  
 2.63224 14261.100000000000364  
 2.64227 14740.200000000000728  
 2.65230 14686.700000000000728  
 2.66232 14567.700000000000728  
 2.67235 14416.600000000000364  
 2.68238 13998.600000000000364  
 2.68338 14018.899999999999636  
 2.69241 14203.000000000000000  
 2.70243 14171.000000000000000  
 2.71246 14053.299999999999272  
 2.72249 13934.299999999999272  
 2.73252 13824.399999999999636  
 2.74255 13721.000000000000000  
 2.75257 13575.000000000000000  
 2.76260 13125.299999999999272  
 2.77263 13218.799999999999272  
 2.78266 13253.299999999999272  
 2.79268 13147.299999999999272  
 2.80271 13041.799999999999272  
 2.81274 12941.399999999999636  
 2.82277 12815.899999999999636  
 2.83279 12705.600000000000364  
 2.84282 12721.000000000000000  
 2.85285 12451.200000000000728  
 2.86288 12475.700000000000728  
 2.87290 12176.200000000000728  
 2.88293 11878.899999999999636  
 2.89296 12106.700000000000728  
 2.90299 12128.200000000000728  
 2.91301 12081.100000000000364  
 2.92304 11935.100000000000364  
 2.93307 11897.399999999999636  
 2.94310 11845.200000000000728  
 2.95312 11782.000000000000000  
 2.96315 11683.600000000000364  
 2.97318 11664.600000000000364  
 2.98321 11648.899999999999636  
 2.99323 11576.600000000000364  
 3.00326 11543.000000000000000  
 3.01329 11440.500000000000000  
 3.02332 11443.000000000000000  
 3.03335 11301.100000000000364  
 3.04337 10948.000000000000000  
 3.05340 10988.500000000000000  
 3.06343 11141.200000000000728  
 3.07346 11039.799999999999272  
 3.08348 10982.500000000000000  
 3.09351 10920.799999999999272  
 3.10354 10874.500000000000000  
 3.11357 10802.700000000000728  
 3.12359 10758.799999999999272  
 3.13362 10721.700000000000728  
 3.14365 10601.700000000000728  
 3.15368 10549.299999999999272  
 3.16370 10451.000000000000000  
 3.17373 10380.500000000000000  
 3.18376 10315.000000000000000  
 3.19379 10259.500000000000000  
 3.20381 10172.899999999999636  
 3.21886 10123.600000000000364  
 3.23891 9970.879999999999200  
 3.25897 9833.969999999999345  
 3.27902 9717.879999999999200  
 3.29507 9403.000000000000000  
 3.29908 9326.120000000000800  
 3.31913 9424.879999999999200  
 3.33919 9315.020000000000437  
 3.35924 9161.180000000000291  
 3.37930 9037.659999999999854  
 3.39935 8901.700000000000728  
 3.41941 8792.049999999999272  
 3.43946 8683.219999999999345  
 3.45952 8600.600000000000364  
 3.47957 8479.149999999999636  
 3.49963 8388.600000000000364  
 3.51968 8310.430000000000291  
 3.53974 8204.020000000000437  
 3.55979 8093.310000000000400  
 3.57985 8017.579999999999927  
 3.59990 7950.979999999999563  
 3.61996 7827.220000000000255  
 3.64001 7777.920000000000073  
 3.66007 7677.680000000000291  
 3.68012 7621.760000000000218  
 3.70018 7494.890000000000327  
 3.72023 7461.109999999999673  
 3.74029 7291.829999999999927  
 3.76035 7121.869999999999891  
 3.78040 7235.819999999999709  
 3.80046 7162.640000000000327  
 3.82051 7045.869999999999891  
 3.84057 7003.630000000000109  
 3.86062 6960.250000000000000  
 3.88068 6901.600000000000364  
 3.90073 6838.340000000000146  
 3.92079 6713.949999999999818  
 3.94084 6690.180000000000291  
 3.96090 6628.619999999999891  
 3.98095 6572.619999999999891  
 4.00101 6508.920000000000073  
 4.02106 6424.619999999999891  
 4.04112 6329.789999999999964  
 4.04713 6297.300000000000182  
 4.06117 6222.340000000000146  
 4.08123 6292.409999999999854  
 4.10128 6262.270000000000437  
 4.12134 6198.109999999999673  
 4.14139 6085.779999999999745  
 4.16145 5970.949999999999818  
 4.18150 5885.279999999999745  
 4.20156 5730.869999999999891  
 4.22161 5667.399999999999636  
 4.24167 5654.220000000000255  
 4.26172 5570.369999999999891  
 4.28178 5514.329999999999927  
 4.30183 5476.189999999999600  
 4.32189 5454.310000000000400  
 4.34195 5391.399999999999636  
 4.36200 5446.210000000000036  
 4.38206 5300.590000000000146  
 4.40211 5284.989999999999782  
 4.42217 5226.949999999999818  
 4.44222 5184.079999999999927  
 4.46228 5147.699999999999818  
 4.48233 5126.689999999999600  
 4.50239 5079.039999999999964  
 4.52244 5039.229999999999563  
 4.54250 4977.270000000000437  
 4.56255 4963.829999999999927  
 4.58261 4961.539999999999964  
 4.60266 4866.260000000000218  
 4.62272 4878.840000000000146  
 4.64277 4763.859999999999673  
 4.66283 4603.000000000000000  
 4.68288 4589.149999999999636  
 4.70294 4667.359999999999673  
 4.72299 4633.600000000000364  
 4.74305 4638.180000000000291  
 4.76310 4566.989999999999782  
 4.78316 4526.039999999999964  
 4.80321 4480.560000000000400  
 4.82327 4493.399999999999636  
 4.84332 4407.180000000000291  
 4.86338 4371.630000000000109  
 4.88343 4364.579999999999927  
 4.90349 4310.890000000000327  
 4.92355 4266.430000000000291  
 4.94360 4240.029999999999745  
 4.96366 4214.409999999999854  
 4.96967 4205.909999999999854  
 4.98371 4186.189999999999600  
 5.00377 4182.829999999999927  
 5.02382 4122.119999999999891  
 5.04388 4084.230000000000018  
 5.06393 4049.940000000000055  
 5.08399 4027.969999999999800  
 5.10404 3968.730000000000018  
 5.12410 3922.059999999999945  
 5.14415 3812.500000000000000  
 5.16421 3877.719999999999800  
 5.18426 3889.340000000000146  
 5.20432 3809.769999999999982  
 5.22437 3810.550000000000182  
 5.24443 3783.050000000000182  
 5.26448 3734.809999999999945  
 5.28454 3691.280000000000200  
 5.30459 3667.599999999999909  
 5.32465 3643.010000000000218  
 5.34470 3631.869999999999891  
 5.36476 3596.730000000000018  
 5.38481 3574.590000000000146  
 5.40487 3561.360000000000127  
 5.42492 3535.119999999999891  
 5.44498 3478.380000000000109  
 5.46504 3446.500000000000000  
 5.48509 3424.190000000000055  
 5.50515 3429.780000000000200  
 5.52520 3383.440000000000055  
 5.54526 3359.920000000000073  
 5.56531 3334.750000000000000  
 5.58537 3313.789999999999964  
 5.60542 3278.090000000000146  
 5.62548 3264.699999999999818  
 5.64553 3228.699999999999818  
 5.66559 3208.400000000000091  
 5.68564 3202.809999999999945  
 5.70570 3172.349999999999909  
 5.72575 3150.739999999999782  
 5.74581 3114.940000000000055  
 5.76586 3097.369999999999891  
 5.78592 3096.239999999999782  
 5.80597 3063.380000000000109  
 5.82603 3056.329999999999927  
 5.84608 3011.389999999999873  
 5.86614 2999.929999999999836  
 5.88619 2960.699999999999818  
 5.90625 2931.559999999999945  
 5.92630 2840.369999999999891  
 5.94636 2915.969999999999800  
 5.96641 2883.920000000000073  
 5.98647 2876.119999999999891  
 6.00652 2858.219999999999800  
 6.01655 2844.179999999999836  
 6.02658 2830.219999999999800  
 6.04664 2805.510000000000218  
 6.06669 2813.829999999999927  
 6.08675 2771.079999999999927  
 6.10680 2749.440000000000055  
 6.12686 2732.320000000000164  
 6.14691 2712.150000000000091  
 6.16697 2710.809999999999945  
 6.18702 2695.159999999999854  
 6.20708 2684.260000000000218  
 6.22713 2659.570000000000164  
 6.24719 2651.880000000000109  
 6.26724 2617.199999999999818  
 6.28730 2601.340000000000146  
 6.30735 2588.000000000000000  
 6.32741 2574.340000000000146  
 6.34746 2562.119999999999891  
 6.36752 2540.610000000000127  
 6.38757 2537.800000000000182  
 6.40763 2506.760000000000218  
 6.43771 2476.679999999999836  
 6.47782 2451.329999999999927  
 6.51793 2425.710000000000036  
 6.55804 2404.900000000000091  
 6.59815 2391.099999999999909  
 6.63826 2358.059999999999945  
 6.67837 2317.780000000000200  
 6.71848 2283.230000000000018  
 6.75859 2271.059999999999945  
 6.76862 2263.280000000000200  
 6.79870 2240.170000000000073  
 6.83881 2202.150000000000091  
 6.87892 2181.900000000000091  
 6.91904 2172.500000000000000  
 6.95915 2139.340000000000146  
 6.99926 2112.159999999999854  
 7.01931 2101.480000000000018  
 7.03937 2090.880000000000109  
 7.07948 2054.820000000000164  
 7.11959 2048.440000000000055  
 7.15970 2012.220000000000027  
 7.19981 1988.869999999999891  
 7.23992 1965.000000000000000  
 7.27000 1947.410000000000082  
 7.28003 1941.589999999999918  
 7.32014 1926.410000000000082  
 7.36025 1906.150000000000091  
 7.40036 1881.589999999999918  
 7.44047 1864.769999999999982  
 7.48058 1819.839999999999918  
 7.52069 1788.380000000000109  
 7.56080 1800.670000000000073  
 7.60091 1791.309999999999945  
 7.64102 1784.319999999999936  
 7.68113 1760.109999999999900  
 7.72124 1742.569999999999936  
 7.76135 1713.849999999999909  
 7.77138 1712.710000000000036  
 7.80146 1709.299999999999955  
 7.84157 1686.710000000000036  
 7.88168 1667.640000000000100  
 7.92179 1657.940000000000055  
 7.96190 1635.329999999999927  
 8.00201 1622.900000000000091  
 8.02207 1615.789999999999964  
 8.04212 1608.730000000000018  
 8.08224 1580.539999999999964  
 8.12235 1584.220000000000027  
 8.16246 1561.430000000000064  
 8.20257 1546.349999999999909  
 8.24268 1531.250000000000000  
 8.27276 1510.529999999999973  
 8.28279 1503.700000000000045  
 8.32290 1491.089999999999918  
 8.36301 1476.880000000000109  
 8.40312 1460.690000000000055  
 8.44323 1448.299999999999955  
 8.48334 1436.430000000000064  
 8.52345 1427.619999999999891  
 8.56356 1410.990000000000009  
 8.60367 1393.869999999999891  
 8.62372 1388.289999999999964  
 8.64378 1382.740000000000009  
 8.68389 1371.769999999999982  
 8.72400 1358.369999999999891  
 8.76411 1346.269999999999982  
 8.80422 1334.740000000000009  
 8.82428 1331.630000000000109  
 8.84433 1328.529999999999973  
 8.88444 1314.029999999999973  
 8.92455 1296.319999999999936  
 8.96466 1289.380000000000109  
 9.00477 1270.789999999999964  
 9.02483 1266.359999999999900  
 9.04488 1261.950000000000045  
 9.08499 1248.490000000000009  
 9.12510 1236.180000000000064  
 9.16521 1224.109999999999900  
 9.20533 1218.089999999999918  
 9.22538 1211.470000000000027  
 9.24544 1204.900000000000091  
 9.28555 1201.930000000000064  
 9.32566 1189.089999999999918  
 9.36577 1184.569999999999936  
 9.40588 1173.240000000000009  
 9.42593 1166.450000000000045  
 9.44599 1159.720000000000027  
 9.48610 1143.450000000000045  
 9.52621 1140.369999999999891  
 9.56632 1126.460000000000036  
 9.60643 1115.369999999999891  
 9.62648 1113.359999999999900  
 9.64654 1111.349999999999909  
 9.68665 1093.859999999999900  
 9.72676 1086.329999999999927  
 9.76687 1080.289999999999964  
 9.80698 1077.759999999999991  
 9.82704 1071.660000000000082  
 9.84709 1065.599999999999909  
 9.88720 1058.980000000000018  
 9.92731 1049.960000000000036  
 9.96742 1040.970000000000027  
 10.00750 1028.880000000000109  
 10.02760 1023.980000000000018  
 10.04760 1019.110000000000014  
 10.12790 1002.990000000000009  
 10.22810 983.370999999999981  
 10.32840 964.323999999999955  
 10.42870 945.823999999999955  
 10.52900 927.850999999999999  
 10.62920 910.384999999999991  
 10.72950 893.407000000000039  
 10.82980 876.899999999999977  
 10.93010 860.845000000000027  
 11.03030 845.226999999999975  
 11.13060 830.029999999999973  
 11.23090 815.239000000000033  
 11.33120 800.839000000000055  
 11.43140 786.817000000000007  
 11.53170 773.159999999999968  
 11.78240 740.533000000000015  
 12.03310 709.926000000000045  
 12.28380 681.177000000000021  
 12.53450 654.139000000000010  
 12.78520 628.677000000000021  
 13.03590 604.673000000000002  
 13.28660 582.017000000000053  
 13.53720 560.609000000000037  
 13.78790 540.360999999999990  
 14.03860 521.188999999999965  
 14.28930 503.019000000000005  
 14.54000 485.781999999999982  
 14.79070 469.415000000000020  
 15.04140 453.862000000000023  
 15.29210 439.067999999999984  
 15.54280 424.985000000000014  
 15.79340 411.569000000000017  
 16.04410 398.776999999999987  
 16.29480 386.572000000000003  
 16.54550 374.918999999999983  
 16.79620 363.783999999999992  
 17.04690 353.137999999999977  
 17.29760 342.951999999999998  
 17.54830 333.199999999999989  
 17.79900 323.858000000000004  
 18.04970 314.903000000000020  
 18.30030 306.314000000000021  
 18.55100 298.072000000000003  
 18.80170 290.158000000000015  
 19.05240 282.553999999999974  
 19.30310 275.245000000000005  
 19.55380 268.216000000000008  
 19.80450 261.451999999999998  
 20.05520 254.941000000000003  
 20.93760 233.348999999999990  
 25.71070 153.002999999999986  
 31.56680 100.355000000000004  
 38.76670 65.789100000000005  
 40.11030 61.339399999999998  
 47.61100 43.253000000000000  
 58.47090 28.455700000000000  
 60.16550 26.846200000000000  
 71.80760 18.707699999999999  
 80.22070 14.920100000000000  
 88.18260 12.296400000000000  
 100.27600 9.455840000000000  
 108.29800 8.080420000000000  
 120.33100 6.515930000000000  
 132.96600 5.312420000000000  
 140.38600 4.753980000000000  
 160.44100 3.618790000000000  
 163.34900 0.000000160057000  
 200.55200 0.000000075968500  
 204.86400 0.000000070111000  
 304.73800 0.000000015520800  
 453.24700 0.000000003341580  
 674.15500 0.000000000716543  
 1002.76000 0.000000000148202  
