1.220 0.00130000 0.009 0.00000000 0.009 0.00000000 0.009 0.00000000
1.630 0.00450000 0.009 0.00000000 0.009 0.00000000 0.009 0.00000000
2.190 0.03400000 0.010 0.00000000 0.010 0.00000000 0.010 0.00000000
3.450 0.20000000 0.010 0.00000000 0.010 0.00000000 0.010 0.00000000
53.000 10.70000000 0.010 0.00000000 0.010 0.00000000 0.010 0.00000000
89.000 18.20000000 0.010 0.00000000 0.010 0.00000000 0.010 0.00000000
70.000 15.60000000 0.010 0.00000000 0.010 0.00000000 0.010 0.00000000
160.000 29.60000000 0.011 0.00000000 0.011 0.00000000 0.011 0.00000000
250.000 9.90000000 0.011 0.00000000 0.011 0.00000000 0.011 0.00000000
350.000 6.94000000 0.011 0.00000000 0.011 0.00000000 0.011 0.00000000
500.000 5.83000000 0.011 0.00000000 0.011 0.00000000 0.011 0.00000000
