51.5003 0.00000000000000000
52.5003 0.00001000000000000
53.5003 0.00000000000000000
54.5003 0.00000000000000000
55.5003 0.00004000000000000
56.5003 0.00009000000000000
57.5003 0.00005000000000000
58.5003 0.00028000000000000
59.5003 0.00020000000000000
60.5003 0.00019000000000000
61.5003 0.00019000000000000
62.5003 0.00033000000000000
63.5003 0.00027000000000000
64.5003 0.00054000000000000
65.5003 0.00044000000000000
66.5003 0.00025000000000000
67.5003 0.00007000000000000
68.5003 0.00007000000000000
69.5003 0.00064000000000000
70.5003 0.00021000000000000
71.5003 0.00115000000000000
72.5003 0.00026000000000000
73.5003 0.00009000000000000
74.5003 0.00023000000000000
75.5003 0.00022000000000000
76.5003 0.00053000000000000
77.5003 0.00128000000000000
78.5003 0.00291000000000000
79.5003 0.00799000000000000
80.5003 0.01770000000000000
81.5003 0.04436000000000000
82.5003 0.09810000000000001
83.5003 0.19402000000000000
84.5003 0.27484999999999998
85.5003 0.35682999999999998
86.5003 0.41582000000000002
87.5003 0.41794999999999999
88.5003 0.40661000000000003
89.5003 0.39311000000000001
90.5003 0.39773999999999998
91.5003 0.44323000000000001
92.5003 0.49262000000000000
93.5003 0.53459000000000001
94.5003 0.55127000000000004
95.5003 0.55908000000000002
96.5003 0.56232000000000004
97.5003 0.56245999999999996
98.5003 0.56064999999999998
99.5003 0.53956000000000004
100.5003 0.51751999999999998
101.5003 0.49686999999999998
102.5003 0.48532999999999998
103.5003 0.47677999999999998
104.5003 0.45629999999999998
105.5003 0.42853000000000002
106.5003 0.41460999999999998
107.5003 0.41958000000000001
108.5003 0.41593999999999998
109.5003 0.41017999999999999
110.5003 0.40584999999999999
111.5003 0.40205000000000002
112.5003 0.39717999999999998
113.5003 0.38917000000000002
114.5003 0.37808999999999998
115.5003 0.36636000000000002
116.5003 0.35242000000000001
117.5003 0.33810000000000001
118.5003 0.31890000000000002
119.5003 0.29476999999999998
120.5003 0.26445999999999997
121.5003 0.22975999999999999
122.5003 0.19148999999999999
123.5003 0.15126999999999999
124.5003 0.11237999999999999
125.5003 0.07786999999999999
126.5003 0.05016000000000000
127.5003 0.03045000000000000
128.5003 0.01708000000000000
129.5003 0.00929000000000000
130.5003 0.00605000000000000
131.5003 0.00527000000000000
132.5003 0.00528000000000000
133.5003 0.00550000000000000
134.5003 0.00525000000000000
135.5003 0.00458000000000000
136.5003 0.00394000000000000
137.5003 0.00318000000000000
138.5003 0.00238000000000000
139.5003 0.00178000000000000
140.5003 0.00125000000000000
141.5003 0.00082000000000000
142.5003 0.00052000000000000
143.5003 0.00034000000000000
144.5003 0.00022000000000000
145.5003 0.00014000000000000
146.5003 0.00009000000000000
147.5003 0.00006000000000000
148.5003 0.00003000000000000
149.5003 0.00002000000000000
150.5003 0.00002000000000000
151.5003 0.00001000000000000
152.5003 0.00001000000000000
153.5003 0.00001000000000000
154.5003 0.00000000000000000
