108.5003 0.00000000000000000
109.5003 0.00001000000000000
110.5003 0.00004000000000000
111.5003 0.00013000000000000
112.5003 0.00034000000000000
113.5003 0.00083000000000000
114.5003 0.00147000000000000
115.5003 0.00222000000000000
116.5003 0.00296000000000000
117.5003 0.00465000000000000
118.5003 0.00706000000000000
119.5003 0.01112000000000000
120.5003 0.01676000000000000
121.5003 0.02523000000000000
122.5003 0.03724000000000000
123.5003 0.05419000000000000
124.5003 0.07840000000000000
125.5003 0.10965000000000000
126.5003 0.14856000000000000
127.5003 0.19225000000000000
128.5003 0.24045000000000000
129.5003 0.28905999999999998
130.5003 0.33017000000000002
131.5003 0.36173000000000000
132.5003 0.37719999999999998
133.5003 0.38189000000000001
134.5003 0.37835000000000002
135.5003 0.37506000000000000
136.5003 0.38643000000000000
137.5003 0.40228000000000003
138.5003 0.41126000000000001
139.5003 0.41998999999999997
140.5003 0.42534000000000000
141.5003 0.42403999999999997
142.5003 0.42787999999999998
143.5003 0.42738999999999999
144.5003 0.42558000000000001
145.5003 0.43031999999999998
146.5003 0.43246000000000001
147.5003 0.43948999999999999
148.5003 0.44552999999999998
149.5003 0.44789000000000001
150.5003 0.45250000000000001
151.5003 0.44928000000000001
152.5003 0.45471000000000000
153.5003 0.45263999999999999
154.5003 0.45734999999999998
155.5003 0.45457999999999998
156.5003 0.45394000000000001
157.5003 0.44849000000000000
158.5003 0.44463000000000003
159.5003 0.43637999999999999
160.5003 0.43012000000000000
161.5003 0.42141000000000001
162.5003 0.41720000000000002
163.5003 0.40938000000000002
164.5003 0.40309000000000000
165.5003 0.39069999999999999
166.5003 0.38299000000000000
167.5003 0.37045000000000000
168.5003 0.36647000000000002
169.5003 0.35626999999999998
170.5003 0.35276999999999997
171.5003 0.34975000000000001
172.5003 0.34848000000000001
173.5003 0.34939999999999999
174.5003 0.34516999999999998
175.5003 0.34637000000000001
176.5003 0.34240999999999999
177.5003 0.34259000000000001
178.5003 0.33923999999999999
179.5003 0.33512999999999998
180.5003 0.33720000000000000
181.5003 0.33628000000000002
182.5003 0.33944000000000002
183.5003 0.34192000000000000
184.5003 0.33706999999999998
185.5003 0.33740999999999999
186.5003 0.33766000000000002
187.5003 0.33889999999999998
188.5003 0.34123999999999999
189.5003 0.33742000000000000
190.5003 0.33463999999999999
191.5003 0.33268999999999999
192.5003 0.32710000000000000
193.5003 0.32246000000000002
194.5003 0.31530000000000002
195.5003 0.30231000000000002
196.5003 0.29154999999999998
197.5003 0.28277000000000002
198.5003 0.27172000000000002
199.5003 0.26167000000000001
200.5003 0.24986000000000000
201.5003 0.23416000000000001
202.5003 0.22087999999999999
203.5003 0.20921999999999999
204.5003 0.19409999999999999
205.5003 0.17871999999999999
206.5003 0.16635000000000000
207.5003 0.15198000000000000
208.5003 0.13513000000000000
209.5003 0.12348000000000001
210.5003 0.11342000000000001
211.5003 0.10333000000000001
212.5003 0.09421000000000000
213.5003 0.08522000000000000
214.5003 0.07609000000000000
215.5003 0.06778000000000001
216.5003 0.06088000000000000
217.5003 0.05463000000000000
218.5003 0.04847000000000000
219.5003 0.04333000000000000
220.5003 0.03870000000000000
221.5003 0.03441000000000000
222.5003 0.03062000000000000
223.5003 0.02766000000000000
224.5003 0.02516000000000000
225.5003 0.02248000000000000
226.5003 0.02000000000000000
227.5003 0.01790000000000000
228.5003 0.01628000000000000
229.5003 0.01459000000000000
230.5003 0.01298000000000000
231.5003 0.01153000000000000
232.5003 0.01039000000000000
233.5003 0.00940000000000000
234.5003 0.00853000000000000
235.5003 0.00776000000000000
236.5003 0.00708000000000000
237.5003 0.00647000000000000
238.5003 0.00589000000000000
239.5003 0.00534000000000000
240.5003 0.00494000000000000
241.5003 0.00456000000000000
242.5003 0.00417000000000000
243.5003 0.00372000000000000
244.5003 0.00339000000000000
245.5003 0.00316000000000000
246.5003 0.00294000000000000
247.5003 0.00269000000000000
248.5003 0.00243000000000000
249.5003 0.00224000000000000
250.5003 0.00208000000000000
251.5003 0.00194000000000000
252.5003 0.00180000000000000
253.5003 0.00167000000000000
254.5003 0.00155000000000000
255.5003 0.00146000000000000
256.5003 0.00138000000000000
257.5003 0.00128000000000000
258.5003 0.00119000000000000
259.5003 0.00111000000000000
260.5003 0.00104000000000000
261.5003 0.00097000000000000
262.5003 0.00089000000000000
263.5003 0.00081000000000000
264.5003 0.00075000000000000
265.5003 0.00069000000000000
266.5003 0.00064000000000000
267.5003 0.00059000000000000
268.5003 0.00053000000000000
269.5003 0.00048000000000000
270.5003 0.00043000000000000
271.5003 0.00040000000000000
272.5003 0.00037000000000000
273.5003 0.00035000000000000
274.5003 0.00032000000000000
275.5003 0.00029000000000000
276.5003 0.00026000000000000
277.5003 0.00025000000000000
278.5003 0.00024000000000000
279.5003 0.00022000000000000
280.5003 0.00021000000000000
281.5003 0.00019000000000000
282.5003 0.00018000000000000
283.5003 0.00017000000000000
284.5003 0.00015000000000000
285.5003 0.00015000000000000
286.5003 0.00014000000000000
287.5003 0.00012000000000000
288.5003 0.00011000000000000
289.5003 0.00010000000000000
290.5003 0.00009000000000000
291.5003 0.00009000000000000
292.5003 0.00008000000000000
293.5003 0.00007000000000000
294.5003 0.00006000000000000
295.5003 0.00006000000000000
296.5003 0.00006000000000000
297.5003 0.00006000000000000
298.5003 0.00006000000000000
299.5003 0.00007000000000000
300.5003 0.00007000000000000
301.5003 0.00006000000000000
302.5003 0.00006000000000000
303.5003 0.00006000000000000
304.5003 0.00006000000000000
305.5003 0.00007000000000000
306.5003 0.00006000000000000
307.5003 0.00006000000000000
308.5003 0.00006000000000000
309.5003 0.00005000000000000
310.5003 0.00005000000000000
311.5003 0.00005000000000000
312.5003 0.00005000000000000
313.5003 0.00004000000000000
314.5003 0.00004000000000000
315.5003 0.00004000000000000
316.5003 0.00004000000000000
317.5003 0.00004000000000000
318.5003 0.00003000000000000
319.5003 0.00003000000000000
320.5003 0.00003000000000000
321.5003 0.00003000000000000
322.5003 0.00003000000000000
323.5003 0.00003000000000000
324.5003 0.00002000000000000
325.5003 0.00002000000000000
326.5003 0.00002000000000000
327.5003 0.00002000000000000
328.5003 0.00002000000000000
329.5003 0.00002000000000000
330.5003 0.00002000000000000
331.5003 0.00001000000000000
332.5003 0.00001000000000000
333.5003 0.00001000000000000
334.5003 0.00001000000000000
335.5003 0.00001000000000000
336.5003 0.00001000000000000
337.5003 0.00001000000000000
338.5003 0.00001000000000000
339.5003 0.00001000000000000
340.5003 0.00001000000000000
341.5003 0.00001000000000000
342.5003 0.00001000000000000
343.5003 0.00001000000000000
344.5003 0.00001000000000000
345.5003 0.00001000000000000
346.5003 0.00001000000000000
347.5003 0.00001000000000000
348.5003 0.00001000000000000
349.5003 0.00001000000000000
350.5003 0.00002000000000000
351.5003 0.00002000000000000
352.5003 0.00002000000000000
353.5003 0.00002000000000000
354.5003 0.00002000000000000
355.5003 0.00002000000000000
356.5003 0.00002000000000000
357.5003 0.00002000000000000
358.5003 0.00002000000000000
359.5003 0.00002000000000000
360.5003 0.00002000000000000
361.5003 0.00002000000000000
362.5003 0.00002000000000000
363.5003 0.00001000000000000
364.5003 0.00001000000000000
365.5003 0.00001000000000000
366.5003 0.00001000000000000
367.5003 0.00001000000000000
368.5003 0.00001000000000000
369.5003 0.00001000000000000
370.5003 0.00001000000000000
371.5003 0.00001000000000000
372.5003 0.00000000000000000
