74.2500 0.00040742695896953
74.3000 0.00033221602654099
74.3500 0.00025744208038302
74.4000 0.00027068460020776
74.4500 0.00028380985898485
74.5000 0.00031597581249225
74.5500 0.00041555349468653
74.6000 0.00051512936653558
74.6500 0.00051358198487052
74.7000 0.00040489088017594
74.7500 0.00029605381073237
74.8000 0.00021538199645722
74.8500 0.00014978377036028
74.9000 0.00008402989191205
74.9500 0.00011432708066935
75.0000 0.00015972734053803
75.0500 0.00019707401934563
75.1000 0.00013845173140726
75.1500 0.00007964233388076
75.2000 0.00003366487323074
75.2500 0.00002784104596969
75.3000 0.00002200944965772
75.3500 0.00005773470593117
75.4000 0.00015416151312225
75.4500 0.00025072981958696
75.5000 0.00028794927827107
75.5500 0.00028075176885571
75.6000 0.00027340757092626
75.6500 0.00026947840476266
75.7000 0.00026691470878666
75.7500 0.00026421020994111
75.8000 0.00052355290128748
75.8500 0.00082952846390186
75.9000 0.00113659422196730
75.9500 0.00099622385750472
76.0000 0.00083970220602247
76.0500 0.00068118332246225
76.1000 0.00050247215163778
76.1500 0.00032338765048150
76.2000 0.00024508041587767
76.2500 0.00058824754426602
76.3000 0.00093186451622301
76.3500 0.00115342644302100
76.4000 0.00102274176841940
76.4500 0.00089174660873953
76.5000 0.00073245579882085
76.5500 0.00052540606413307
76.6000 0.00031822394785694
76.6500 0.00038922510483261
76.7000 0.00081923935432710
76.7500 0.00124967492919760
76.8000 0.00146453673048730
76.8500 0.00146549020492120
76.9000 0.00146644367935510
76.9500 0.00133083027108870
77.0000 0.00106605322736230
77.0500 0.00080093120216883
77.1000 0.00094568419270560
77.1500 0.00138556505188950
77.2000 0.00182587547008200
77.2500 0.00211524635367920
77.3000 0.00230279921267710
77.3500 0.00249059293036520
77.4000 0.00238427283463170
77.4500 0.00208986564302440
77.5000 0.00179507633725360
77.5500 0.00190858688408230
77.6000 0.00226676639215230
77.6500 0.00262540588598990
77.7000 0.00293807033791600
77.7500 0.00322015842111990
77.8000 0.00350260688687440
77.8500 0.00343859552486860
77.9000 0.00309940401333110
77.9500 0.00276118589036370
78.0000 0.00274318125428400
78.0500 0.00301632406095650
78.1000 0.00329122894053310
78.1500 0.00364290797830610
78.2000 0.00407717257504210
78.2500 0.00451198950891400
78.3000 0.00462263962668340
78.3500 0.00434323177548550
78.4000 0.00406346354973340
78.4500 0.00395239871457280
78.5000 0.00413119735921560
78.5500 0.00430879803934070
78.6000 0.00459764827842480
78.6500 0.00516745473505980
78.7000 0.00573655673186670
78.7500 0.00618658217510680
78.8000 0.00615340706217420
78.8500 0.00612018486408720
78.9000 0.00613121003399240
78.9500 0.00647823759932960
79.0000 0.00682426913908590
79.0500 0.00716930192069710
79.1000 0.00804048417442250
79.1500 0.00892136238160370
79.2000 0.00980191277799210
79.2500 0.01011092625597100
79.3000 0.01031835905425700
79.3500 0.01052460835953200
79.4000 0.01082025967933500
79.4500 0.01115368410201100
79.5000 0.01148608003139200
79.5500 0.01216175381748900
79.6000 0.01314387233070200
79.6500 0.01412721505800900
79.7000 0.01486641399442000
79.7500 0.01523680210204100
79.8000 0.01560764303290300
79.8500 0.01596447603332800
79.9000 0.01632174374740200
79.9500 0.01667944609373100
80.0000 0.01703758299072300
80.0500 0.01819347835340400
80.1000 0.01936531016399500
80.1500 0.02053859083035300
80.2000 0.02136474520102400
80.2500 0.02209018258735300
80.3000 0.02281650734778700
80.3500 0.02350006606407700
80.4000 0.02414077740660400
80.4500 0.02478226738322000
80.5000 0.02577441504245500
80.5500 0.02746796853324500
80.6000 0.02916360463674300
80.6500 0.03084671788445100
80.7000 0.03240036508967000
80.7500 0.03397053738905200
80.8000 0.03552799668105700
80.8500 0.03672131562166800
80.9000 0.03785748044786700
80.9500 0.03899502160941000
81.0000 0.04067668615051700
81.0500 0.04278605590009000
81.1000 0.04489799722361000
81.1500 0.04715947020802500
81.2000 0.04980602723360200
81.2500 0.05245580786427800
81.3000 0.05510881193436600
81.3500 0.05763244964835700
81.4000 0.06015914781461200
81.4500 0.06267415616999600
81.5000 0.06545787600085400
81.5500 0.06837788008371000
81.6000 0.07128663812592501
81.6500 0.07424326905832700
81.7000 0.07727744561497001
81.7500 0.08031528040947999
81.8000 0.08335677327514700
81.8500 0.08674284801251000
81.9000 0.09013299709279200
81.9500 0.09352722168555200
82.0000 0.09746011812980400
82.0500 0.10165034351806999
82.1000 0.10584560423302999
82.1500 0.11013516195424000
82.2000 0.11466804051788000
82.2500 0.11919145734733000
82.3000 0.12372028896999000
82.3500 0.12926864070663999
82.4000 0.13492809549519000
82.4500 0.14057939160721999
82.5000 0.14653625258490000
82.5500 0.15278427191380001
82.6000 0.15900983555112999
82.6500 0.16524282331303999
82.7000 0.17193253755849000
82.7500 0.17863022006130000
82.8000 0.18533587082146999
82.8500 0.19249960629227000
82.9000 0.19982198183194999
82.9500 0.20715305001574999
83.0000 0.21464312130683000
83.0500 0.22244286836225999
83.1000 0.23040234291274000
83.1500 0.23837123364703000
83.2000 0.24604819694666000
83.2500 0.25358345187876002
83.3000 0.26127843430592002
83.3500 0.26913341587355000
83.4000 0.27714866737644001
83.4500 0.28532446216076002
83.5000 0.29350985422225001
83.5500 0.30155353876736002
83.6000 0.30960663949167999
83.6500 0.31782064569335000
83.7000 0.32558951474483999
83.7500 0.33291243427095002
83.8000 0.34024386449055000
83.8500 0.34758380711253001
83.9000 0.35447644027571001
83.9500 0.36137704169624002
84.0000 0.36828561137414001
84.0500 0.37428887828016999
84.1000 0.37847139822384002
84.1500 0.38265862668293998
84.2000 0.38669808088976998
84.2500 0.39226780254718002
84.3000 0.39799652645513001
84.3500 0.40373176984591003
84.4000 0.40947353358034000
84.4500 0.41506888042977003
84.5000 0.42051753788693003
84.5500 0.42612547096119002
84.6000 0.43189294957375002
84.6500 0.43782024709527001
84.7000 0.44375424433367999
84.7500 0.44969494215187999
84.8000 0.45564234141475002
84.8500 0.46159644039300002
84.9000 0.46771099125611998
84.9500 0.47398626564952001
85.0000 0.48073039915577997
85.0500 0.48763616167600998
85.1000 0.49439559872564998
85.1500 0.50177945629264997
85.2000 0.50917164517887004
85.2500 0.51672654879124003
85.3000 0.52413548912789998
85.3500 0.53108906119178001
85.4000 0.53820507720588995
85.4500 0.54532906147736004
85.5000 0.55230617611942001
85.5500 0.55929107879444995
85.6000 0.56628376775786005
85.6500 0.57312913434949997
85.7000 0.57982690779804003
85.7500 0.58653210533954003
85.8000 0.59324472872267997
85.8500 0.59949836189517003
85.9000 0.60451437942421005
85.9500 0.60953583073207995
86.0000 0.61440697157168001
86.0500 0.61912753029759005
86.1000 0.62338538632756002
86.1500 0.62764777065469002
86.2000 0.63191468152214003
86.2500 0.63571753234627004
86.3000 0.63936808063675998
86.3500 0.64317880916976999
86.4000 0.64683705407221004
86.4500 0.64909007900033000
86.5000 0.65134527708973000
86.5500 0.65375938774508002
86.6000 0.65554853284610004
86.6500 0.65686854719650001
86.7000 0.65803263707745996
86.7500 0.65919763244213003
86.8000 0.66020634114346000
86.8500 0.66121577511735996
86.9000 0.66222593259271001
86.9500 0.66323681445480998
87.0000 0.66361820422735995
87.0500 0.66384194911051997
87.1000 0.66422324833459001
87.1500 0.66444672246120995
87.2000 0.66403834846331000
87.2500 0.66362906987058001
87.3000 0.66337698342591001
87.3500 0.66296598441426002
87.4000 0.66271235864761002
87.4500 0.66261637687941999
87.5000 0.66236139288721996
87.5500 0.66210568450826002
87.6000 0.66169061081998004
87.6500 0.66127463164799005
87.7000 0.66085774609782000
87.7500 0.66028104428492995
87.8000 0.65938524876398996
87.8500 0.65864709813346001
87.9000 0.65774849650845002
87.9500 0.65716699473666995
88.0000 0.65674377169458997
88.0500 0.65631964316880997
88.1000 0.65589460915932996
88.1500 0.65562830572285002
88.2000 0.65536127879817996
88.2500 0.65509352748675997
88.3000 0.65482505088797005
88.3500 0.65407585425467996
88.4000 0.65332538904320003
88.4500 0.65241347590753995
88.5000 0.65166038569506002
88.5500 0.65106638824641005
88.6000 0.65063175610912005
88.6500 0.65003567604765000
88.7000 0.64943850940554004
88.7500 0.64900097972021997
88.8000 0.64856254455119999
88.8500 0.64812320389847999
88.9000 0.64768295776205997
88.9500 0.64659746321668998
89.0000 0.64567151598737005
89.0500 0.64474411907630003
89.1000 0.64365391692272000
89.1500 0.64256208398942005
89.2000 0.64130708362076005
89.2500 0.64021190130685002
89.3000 0.63927680778230001
89.3500 0.63882569584048998
89.4000 0.63821177774741000
89.4500 0.63775876428973000
89.5000 0.63714276358385002
89.5500 0.63636350489770999
89.6000 0.63558297762113003
89.6500 0.63463882925704995
89.7000 0.63401812003521996
89.7500 0.63355885873962003
89.8000 0.63309869196031998
89.8500 0.63263761969732002
89.9000 0.63250125425518000
89.9500 0.63334172389286003
90.0000 0.63418273773830003
90.0500 0.63486121615841995
90.1000 0.63586639346374996
90.1500 0.63736207183974003
90.2000 0.63885901789331001
90.2500 0.64035723162447000
90.3000 0.64185671211220996
90.3500 0.64433918680766999
90.4000 0.64682401576134996
90.4500 0.64931119805073001
90.5000 0.65180073552036000
90.5500 0.65560449166040002
90.6000 0.65941205083218002
90.6500 0.66322341303568999
90.7000 0.66687432426820004
90.7500 0.67052885651091998
90.8000 0.67418701161453998
90.8500 0.67784878772736001
90.9000 0.68151418577497003
90.9500 0.68518320668500998
91.0000 0.68885584860270999
91.0500 0.69269700122234001
91.1000 0.69637697848725999
91.1500 0.70088592514901005
91.2000 0.70556455964179998
91.2500 0.71041315361104995
91.3000 0.71526663719267003
91.3500 0.71995957926040999
91.4000 0.72482275151882003
91.4500 0.72969081338960995
91.5000 0.73439806116939998
91.5500 0.73911001746462002
91.6000 0.74349491360889997
91.6500 0.74788415607574998
91.7000 0.75227774392988001
91.7500 0.75667567904134003
91.8000 0.76157670052169002
91.8500 0.76631627407173997
91.9000 0.77122698422837999
91.9500 0.77614258493522004
92.0000 0.78072985594093003
92.0500 0.78548835410170004
92.1000 0.79008477143222000
92.1500 0.79485259607588998
92.2000 0.79912421602942996
92.2500 0.80323293927813999
92.3000 0.80734564665553998
92.3500 0.81162958118899997
92.4000 0.81591768000567000
92.4500 0.82054479323855001
92.5000 0.82517643294749998
92.5500 0.82981260101888998
92.6000 0.83445329556532999
92.6500 0.83909851847522998
92.7000 0.84358039099245996
92.7500 0.84806661077723000
92.8000 0.85272523390170996
92.8500 0.85637949526600998
92.9000 0.86003719746917995
92.9500 0.86369833956318998
93.0000 0.86736292344358001
93.0500 0.87103094721380003
93.1000 0.87503961433080002
93.1500 0.87888339362667001
93.2000 0.88273079390776998
93.2500 0.88658181612367004
93.3000 0.89043646122594999
93.3500 0.89429472731194004
93.4000 0.89832575987801999
93.4500 0.90219136133518996
93.5000 0.90521395651694003
93.5500 0.90790043672248999
93.6000 0.91058927023160996
93.6500 0.91345005624077003
93.7000 0.91597400193282996
93.7500 0.91850011982998003
93.8000 0.92102841184409001
93.8500 0.92355887701949002
93.9000 0.92592146532615005
93.9500 0.92828604569715001
94.0000 0.93065261813249001
94.0500 0.93285086095672998
94.1000 0.93522132697227001
94.1500 0.93674127215052005
94.2000 0.93792111726770999
94.2500 0.93893100386362005
94.3000 0.94011220720635003
94.3500 0.94112327093187997
94.4000 0.94179296595594997
94.4500 0.94263388910247004
94.5000 0.94347517444288997
94.5500 0.94414559385268004
94.6000 0.94550146615776998
94.6500 0.94685824298221000
94.7000 0.94821592529034004
94.7500 0.94957451308217000
94.8000 0.95093400635769998
94.8500 0.95177909473138000
94.9000 0.95279640533048005
94.9500 0.95381425921940000
95.0000 0.95466061527066004
95.0500 0.95567946616068999
95.1000 0.95669885937159005
95.1500 0.95771879587229003
95.2000 0.95891168092407997
95.2500 0.95993279455338998
95.3000 0.96147220763421004
95.3500 0.96301270729566002
95.4000 0.96455429353776001
95.4500 0.96592410932785999
95.5000 0.96694893543940996
95.5500 0.96762822955614003
95.6000 0.96830770476981998
95.6500 0.96898736108044004
95.7000 0.96966719848799998
95.7500 0.96982701602207000
95.8000 0.97015996223420997
95.8500 0.97049272734939995
95.9000 0.97065164037687002
95.9500 0.97150523932368005
96.0000 0.97305461272671001
96.0500 0.97460507271037000
96.1000 0.97615661927468000
96.1500 0.97770925241963003
96.2000 0.97891454162576996
96.2500 0.97994625039215999
96.3000 0.98097850146718002
96.3500 0.98201129681471999
96.4000 0.98287005701626995
96.4500 0.98285584136771997
96.5000 0.98266632387880004
96.5500 0.98265093011741000
96.6000 0.98263499405043997
96.6500 0.98314360429581005
96.7000 0.98382733528562005
96.7500 0.98468645767850005
96.8000 0.98554594325154998
96.8500 0.98623039862862005
96.9000 0.98709051705265005
96.9500 0.98795099865836999
97.0000 0.98881184245798004
97.0500 0.98967304746162998
97.1000 0.99035877051628995
97.1500 0.99034093293601000
97.2000 0.99032255107454004
97.2500 0.99030362691412999
97.3000 0.99046036579760999
97.3500 0.99079304036177995
97.4000 0.99165469909814996
97.4500 0.99234024105688001
97.5000 0.99320253263810998
97.5500 0.99388852733870003
97.6000 0.99457470313622998
97.6500 0.99526106003070003
97.7000 0.99594759802210997
97.7500 0.99681133837583002
97.8000 0.99749832910909997
97.8500 0.99729948514084998
97.9000 0.99727720969509004
97.9500 0.99707700750129002
98.0000 0.99705355592544997
98.0500 0.99702956005974996
98.1000 0.99736033310651995
98.1500 0.99769092505635004
98.2000 0.99802133691080996
98.2500 0.99835156666725999
98.3000 0.99868161532677002
98.3500 0.99901148288932995
98.4000 0.99934116935494999
98.4500 0.99967067572776003
98.5000 1.00000000000000000
98.5500 0.99961526002885004
98.6000 0.99869392981490002
98.6500 0.99777115183258003
98.7000 0.99684692407008002
98.7500 0.99592124753305000
98.8000 0.99499412322919001
98.8500 0.99370752149436004
98.9000 0.99259821266060999
98.9500 0.99148727496462996
99.0000 0.99037470739819000
99.0500 0.98926050895105000
99.1000 0.98796521457210995
99.1500 0.98666810922576997
99.2000 0.98536919291202996
99.2500 0.98424820333511998
99.3000 0.98186678105750003
99.3500 0.97948246123185001
99.4000 0.97709524385815005
99.4500 0.97470512893642003
99.5000 0.97231211646664994
99.5500 0.97009648845618002
99.6000 0.96787814297875996
99.6500 0.96565708206558998
99.7000 0.96343330470132005
99.7500 0.96120681088597004
99.8000 0.96024274183156999
99.8500 0.95945804930082002
99.9000 0.95849117426476005
99.9500 0.95752284943576005
100.0000 0.95655307685216995
100.0500 0.95521947949052000
100.1000 0.95388407218141003
100.1500 0.95254685390491001
100.2000 0.95120782466100995
100.2500 0.94986698444971995
100.3000 0.94834269303661001
100.3500 0.94663467877629004
100.4000 0.94510631268602996
100.4500 0.94339404265160998
100.5000 0.94186160188420998
100.5500 0.94069135500600998
100.6000 0.93970166075654005
100.6500 0.93852824468538998
100.7000 0.93735319771671000
100.7500 0.93617652190415002
100.8000 0.93426803334462005
100.8500 0.93235719155547003
100.9000 0.93026126766393002
100.9500 0.92816280944684004
101.0000 0.92606181484546002
101.0500 0.92414128438105003
101.1000 0.92221839862827004
101.1500 0.92029315964893998
101.2000 0.91836556538021996
101.2500 0.91643561685328001
101.3000 0.91542057008734001
101.3500 0.91477115701881995
101.4000 0.91430428967045996
101.4500 0.91383651683838996
101.5000 0.91318402512490005
101.5500 0.91271435077697005
101.6000 0.91224377094534004
101.6500 0.91177228459324000
101.7000 0.91148406938533000
101.7500 0.91101086365057005
101.8000 0.91035239574354998
101.8500 0.90913950058357995
101.9000 0.90792497451384002
101.9500 0.90689344794643001
102.0000 0.90567575372306997
102.0500 0.90464123801933005
102.1000 0.90415997347925003
102.1500 0.90367780345547000
102.2000 0.90319472794799005
102.2500 0.90289591753873999
102.3000 0.90241112161183001
102.3500 0.90192542020122002
102.4000 0.90162425657713996
102.4500 0.90113683474760997
102.5000 0.90083413180155003
102.5500 0.90053070342277997
102.6000 0.89966913635682000
102.6500 0.89880630056732003
102.7000 0.89794219710024004
102.7500 0.89707682595558003
102.8000 0.89639635583982002
102.8500 0.89571479809543997
102.9000 0.89577754774067997
102.9500 0.89565349693864005
103.0000 0.89552890179625000
103.0500 0.89540376441407998
103.1000 0.89546479363937004
103.1500 0.89552546067077998
103.2000 0.89558576656087996
103.2500 0.89583269179927005
103.3000 0.89589236279799001
103.3500 0.89595167265693998
103.4000 0.89526160336437000
103.4500 0.89438310270302002
103.5000 0.89369076970068995
103.5500 0.89280982423264998
103.6000 0.89192761214367000
103.6500 0.89104413132097005
103.7000 0.88997158529019005
103.7500 0.88908547962202000
103.8000 0.88801012659115997
103.8500 0.88693332584497997
103.9000 0.88585507526558005
103.9500 0.88458712669900996
104.0000 0.88312920637993997
104.0500 0.88166947615369995
104.1000 0.88039645687832002
104.1500 0.87893319526575997
104.2000 0.87690201364016995
104.2500 0.87467968525594997
104.3000 0.87226593634162997
104.3500 0.87003844670012997
104.4000 0.86761935649539002
104.4500 0.86538670453179001
104.5000 0.86353000982510997
104.5500 0.86167114302348002
104.6000 0.85962067459175995
104.6500 0.85775736985326001
104.7000 0.85589189195349002
104.7500 0.85421393994082995
104.8000 0.85272378546070005
104.8500 0.85142170015852003
104.9000 0.84992801429206999
104.9500 0.84843251638780004
105.0000 0.84655490607547002
105.0500 0.84372391090672005
105.1000 0.84108016998068003
105.1500 0.83824310807044000
105.2000 0.83559348149986001
105.2500 0.83275035284813004
105.3000 0.83009484063299999
105.3500 0.82724564523977995
105.4000 0.82439337120156997
105.4500 0.82153801851838004
105.5000 0.81867958719022005
105.5500 0.81620037286497005
105.6000 0.81524834691388004
105.6500 0.81448638220611003
105.7000 0.81353191144832004
105.7500 0.81257617409154004
105.8000 0.81181076854540002
105.8500 0.81046920307429005
105.9000 0.80912600881180996
105.9500 0.80778118467888005
106.0000 0.80643472959437001
106.0500 0.80508664572002997
106.1000 0.80373693089307996
106.1500 0.80257782168294001
106.2000 0.80141726261611002
106.2500 0.80025525585843005
106.3000 0.79909179924305995
106.3500 0.79792689493785995
106.4000 0.79753128828060005
106.4500 0.79848440111065999
106.5000 0.79963092439022998
106.5500 0.80058521434991003
106.6000 0.80173309585501995
106.6500 0.80268856185656001
106.7000 0.80383780267499005
106.7500 0.80479444580513004
106.8000 0.80575163331438004
106.8500 0.80690286510886999
106.9000 0.80786122865743004
106.9500 0.80882013658662000
107.0000 0.80900449288812004
107.0500 0.80918866809267997
107.1000 0.80937266220029003
107.1500 0.80955647521095997
107.2000 0.80974010821804998
107.2500 0.81011778550733005
107.3000 0.81146704680452997
107.3500 0.81281721358543002
107.4000 0.81416828585001999
107.4500 0.81552026359830998
107.5000 0.81687314683029999
107.5500 0.81764262735447002
107.6000 0.81782788913864002
107.6500 0.81801296982588001
107.7000 0.81819786941617001
107.7500 0.81857771986621997
107.8000 0.81876234781110002
107.8500 0.81797023159076998
107.9000 0.81659081688394997
107.9500 0.81540526755727005
108.0000 0.81402268365648001
108.0500 0.81283414623380001
108.1000 0.81164415893506003
108.1500 0.81182371617009996
108.2000 0.81259093298705998
108.2500 0.81316247455648005
108.3000 0.81393032410816002
108.3500 0.81450231841942999
108.4000 0.81527080291448994
108.4500 0.81623604813261996
108.5000 0.81720183774720001
108.5500 0.81836475027772004
108.6000 0.81933171702192997
108.6500 0.82049598777800004
108.7000 0.82126727816547995
108.7500 0.81987256188579005
108.8000 0.81847621573564999
108.8500 0.81707823860485995
108.9000 0.81567863271329999
108.9500 0.81427739695129997
109.0000 0.81287453020709999
109.0500 0.81245746467630997
109.1000 0.81203967475877004
109.1500 0.81181882665513005
109.2000 0.81139967851202999
109.2500 0.81097980598218999
109.3000 0.81075714691013001
109.3500 0.81152409208625997
109.4000 0.81209327940000997
109.4500 0.81266264781069997
109.5000 0.81343049735473005
109.5500 0.81400031850725996
109.6000 0.81437183850658001
109.6500 0.81295620555490000
109.7000 0.81153894161388995
109.7500 0.81031880281638002
109.8000 0.80889836968141005
109.8500 0.80747630779537005
109.9000 0.80625164045896003
109.9500 0.80602110479536004
110.0000 0.80579002584194004
110.0500 0.80555840247626997
110.1000 0.80532623694272998
110.1500 0.80489404871255998
110.2000 0.80486027488223000
110.2500 0.80622375227216003
110.3000 0.80738838521702005
110.3500 0.80855374254862999
110.4000 0.80991975529270999
110.4500 0.81108665307283001
110.5000 0.81225427411368001
110.5500 0.81142059508510000
110.6000 0.81058582947586000
110.6500 0.80974997728598996
110.7000 0.80891303851548002
110.7500 0.80807501316431996
110.8000 0.80703524694912998
110.8500 0.80659644868205005
110.9000 0.80615692715830001
110.9500 0.80551575418889998
111.0000 0.80507469334316994
111.0500 0.80463290811068999
111.1000 0.80398919865398999
111.1500 0.80515618698767000
111.2000 0.80652527837622001
111.2500 0.80809674559819999
111.3000 0.80966929940082999
111.3500 0.81104128833741995
111.4000 0.81261592475285005
111.4500 0.81277882108029997
111.5000 0.81193192198758002
111.5500 0.81108393631422004
111.6000 0.81023486406022005
111.6500 0.80938470522557004
111.7000 0.80853345981028002
111.7500 0.80768112781435997
111.8000 0.80682770923779001
111.8500 0.80597320522136995
111.9000 0.80511761348402999
111.9500 0.80426093516605002
112.0000 0.80340317026742003
112.0500 0.80274723791342995
112.1000 0.80412049452658996
112.1500 0.80529155640120997
112.2000 0.80666653343328998
112.2500 0.80783913462989998
112.3000 0.80921583322628998
112.3500 0.81038997374538002
112.4000 0.81034352201014004
112.4500 0.80968577868876002
112.5000 0.80923086394520005
112.5500 0.80857140020490004
112.6000 0.80811494499091996
112.6500 0.80745376083118003
112.7000 0.80658757493232003
112.7500 0.80551611679891999
112.8000 0.80423911248610003
112.8500 0.80316502729959005
112.9000 0.80188521713770000
112.9500 0.80080850604804998
113.0000 0.79973052728081995
113.0500 0.80028912044070999
113.1000 0.80084789469754003
113.1500 0.80140685005130996
113.2000 0.80196598650202999
113.2500 0.80252530404969002
113.3000 0.80328998437578003
113.3500 0.80261811550810003
113.4000 0.80173997722269996
113.4500 0.80086075235665999
113.5000 0.79977489703663995
113.5500 0.79889340846135004
113.6000 0.79801083330542000
113.6500 0.79671553821608998
113.7000 0.79480107383734999
113.7500 0.79288461739426996
113.8000 0.79096616888685001
113.8500 0.78904572831509001
113.9000 0.78712329567898998
113.9500 0.78519887097855001
114.0000 0.78471760666082002
114.0500 0.78485523998554996
114.1000 0.78478606060070999
114.1500 0.78492324234735000
114.2000 0.78485342912372003
114.2500 0.78499015696424002
114.3000 0.78491971106710001
114.3500 0.78464181745580996
114.4000 0.78436338172049003
114.4500 0.78429166697997998
114.5000 0.78401223521300001
114.5500 0.78373225898788001
114.6000 0.78345174064076994
114.6500 0.78213254077478001
114.7000 0.78039645691555004
114.7500 0.77865856208893003
114.8000 0.77691885629490998
114.8500 0.77517733836210001
114.9000 0.77343401063277994
114.9500 0.77168887193605995
115.0000 0.77119149000972997
115.0500 0.77069338252319997
115.1000 0.77019455182285002
115.1500 0.76969499673574004
115.2000 0.76919471726188005
115.2500 0.76869371222577998
115.3000 0.76819198397790001
115.3500 0.76768953134327000
115.4000 0.76718635432187998
115.4500 0.76668245173621996
115.5000 0.76617782594080996
115.5500 0.76567247575863995
115.6000 0.76516640001068004
115.6500 0.76340297054255002
115.7000 0.76121867177958003
115.7500 0.75924181956752002
115.8000 0.75705326621155000
115.8500 0.75486253851370999
115.9000 0.75287952901220001
115.9500 0.75089452744634999
116.0000 0.74995789490580000
116.0500 0.74902017578460001
116.1000 0.74808137008276998
116.1500 0.74714147780030005
116.2000 0.74620049893717999
116.2500 0.74525843349342002
116.3000 0.74473651295979004
116.3500 0.74442457433326004
116.4000 0.74411209122971000
116.4500 0.74379906602305002
116.5000 0.74348549633835004
116.5500 0.74317138455155995
116.6000 0.74285672828571003
116.6500 0.74148528318509999
116.7000 0.73968970904468001
116.7500 0.73768089325522002
116.8000 0.73567008540142997
116.8500 0.73386889607007999
116.9000 0.73185419463557000
116.9500 0.72983750113671997
117.0000 0.72845446584550000
117.0500 0.72728195455939004
117.1000 0.72610817559569996
117.1500 0.72493313014927996
117.2000 0.72354457021305996
117.2500 0.72236689766865003
117.3000 0.72118795864303997
117.3500 0.72064530133695004
117.4000 0.72031452865225998
117.4500 0.71977051431752004
117.5000 0.71943856330629996
117.5500 0.71910607020320005
117.6000 0.71856006380463000
117.6500 0.71801333181935001
117.7000 0.71576066902646995
117.7500 0.71350583427328995
117.8000 0.71124882515835997
117.8500 0.70877622013413000
117.9000 0.70651477414816000
117.9500 0.70425115620392997
118.0000 0.70198536389590005
118.0500 0.69993118336849003
118.1000 0.69787501077672998
118.1500 0.69581684612063999
118.2000 0.69375668940020996
118.2500 0.69169454061544000
118.3000 0.68963039976633000
118.3500 0.68756426685287997
118.4000 0.68656823457348004
118.4500 0.68535660638377005
118.5000 0.68435831039462003
118.5500 0.68335892782481999
118.6000 0.68214367890895000
118.6500 0.68114203262991002
118.7000 0.67992433769820004
118.7500 0.67720000795655999
118.8000 0.67468828724041996
118.8500 0.67195897733743004
118.9000 0.66922713329197003
118.9500 0.66670816749353001
119.0000 0.66397134328773999
119.0500 0.66144757842488999
119.1000 0.65849008759895000
119.1500 0.65574565611493996
119.2000 0.65299869049152004
119.2500 0.65024918951395005
119.3000 0.64749715196544999
119.3500 0.64474258027907005
119.4000 0.64198547202073997
119.4500 0.63987478930455999
119.5000 0.63797852537161004
119.5500 0.63608045047127004
119.6000 0.63396397265902005
119.6500 0.63206218527541003
119.7000 0.63015858570354999
119.7500 0.62825317638463996
119.8000 0.62526118662817998
119.8500 0.62204943573374005
119.9000 0.61883478729125996
119.9500 0.61561724130075002
120.0000 0.61239679776220002
120.0500 0.60917345667560996
120.1000 0.60594721681604002
120.1500 0.60250049388061000
120.2000 0.59883301254906995
120.2500 0.59516227147560996
120.3000 0.59148827066022003
120.3500 0.58781101133040004
120.4000 0.58434853175173995
120.4500 0.58066484225956005
120.5000 0.57719611484247002
120.5500 0.57437924587684996
120.6000 0.57134143741308996
120.6500 0.56851940719019001
120.7000 0.56569484038207996
120.7500 0.56264906489099997
120.8000 0.55981933805666995
120.8500 0.55698707463560004
120.9000 0.55327649350640995
120.9500 0.54956265140270000
121.0000 0.54584554955705999
121.0500 0.54212518796950004
121.1000 0.53840156787516003
121.1500 0.53467468680426999
121.2000 0.53094454599144003
121.2500 0.52677198658518998
121.3000 0.52259580400696004
121.3500 0.51819623958956995
121.4000 0.51401272382995999
121.4500 0.50982558613554996
121.5000 0.50541479248068000
121.5500 0.50122032036771003
121.6000 0.49724243896310000
121.6500 0.49370172682410002
121.7000 0.49015793479988001
121.7500 0.48661106413068000
121.8000 0.48306111481649999
121.8500 0.47950808685733998
121.9000 0.47595198025319002
121.9500 0.47217194728137002
122.0000 0.46816771754078002
122.0500 0.46393901689786998
122.1000 0.45992781493259999
122.1500 0.45569196096704001
122.2000 0.45167378677709002
122.2500 0.44743078073576997
122.3000 0.44340563307427000
122.3500 0.43893390160085000
122.4000 0.43423670443675999
122.4500 0.42953552314399002
122.5000 0.42483035772254002
122.5500 0.42012120817241000
122.6000 0.41540807449360001
122.6500 0.41069095668611000
122.7000 0.40596985474994002
122.7500 0.40191165692785003
122.8000 0.39785001951937998
122.8500 0.39356246242488002
122.9000 0.38949385279172999
122.9500 0.38542180106673002
123.0000 0.38112356051676999
123.0500 0.37704453656606002
123.1000 0.37296207303202000
123.1500 0.36865314651807002
123.2000 0.36434059932487001
123.2500 0.36024763217984002
123.3000 0.35592793040794002
123.3500 0.35160460795831999
123.4000 0.34727766231530999
123.4500 0.34317066017245001
123.5000 0.33838925301577999
123.5500 0.33382760700421998
123.6000 0.32903832213866002
123.6500 0.32424505314441998
123.7000 0.31967181694071001
123.7500 0.31487067023757997
123.8000 0.31006553940578002
123.8500 0.30548071174673003
123.9000 0.30134084054482002
123.9500 0.29719752724083998
124.0000 0.29305077436271998
124.0500 0.28912523014003999
124.1000 0.28497168486843999
124.1500 0.28081470002422998
124.2000 0.27665427307541002
124.2500 0.27271541950738998
124.3000 0.26877330493068002
124.3500 0.26505312466139003
124.4000 0.26110458114931001
124.4500 0.25737815304159001
124.5000 0.25342318186395002
124.5500 0.24969050591830000
124.6000 0.24572910453596999
124.6500 0.24176444341171999
124.7000 0.23779652381739999
124.7500 0.23359942477269000
124.8000 0.22962489387470000
124.8500 0.22555666443988001
124.9000 0.22148510155126999
124.9500 0.21743283620157999
125.0000 0.21335461800666999
125.0500 0.20963540741591000
125.1000 0.20591315312423000
125.1500 0.20218785640654999
125.2000 0.19845951853982999
125.2500 0.19472813697065000
125.3000 0.19099371425346001
125.3500 0.18727894871823000
125.4000 0.18362928740925999
125.4500 0.18029471693119001
125.5000 0.17695743000202999
125.5500 0.17364016244666999
125.6000 0.17032019654919001
125.6500 0.16699753359114999
125.7000 0.16367217100996001
125.7500 0.16034411136922999
125.8000 0.15703613448473999
125.8500 0.15379385039084001
125.9000 0.15054894039380001
125.9500 0.14732421403905999
126.0000 0.14407406129075001
126.0500 0.14084411029475000
126.1000 0.13758871479518001
126.1500 0.13435353915791001
126.2000 0.13129859042945000
126.2500 0.12858413112170999
126.3000 0.12584460812803000
126.3500 0.12312575722395000
126.4000 0.12038182439542000
126.4500 0.11765858189494000
126.5000 0.11493314812368000
126.5500 0.11220552308166000
126.6000 0.10963619475113000
126.6500 0.10731709673702000
126.7000 0.10499613355544000
126.7500 0.10267330507729000
126.8000 0.10037157426568000
126.8500 0.09804502424915700
126.9000 0.09573959013819699
126.9500 0.09343230871086999
127.0000 0.09116917872022400
127.0500 0.08901927959538700
127.1000 0.08684464250025900
127.1500 0.08469129335258301
127.2000 0.08253622391541300
127.2500 0.08037943392932800
127.3000 0.07822092352401200
127.3500 0.07606069269946600
127.4000 0.07396795670752700
127.4500 0.07212744322551100
127.5000 0.07030855259004699
127.5500 0.06846511439540100
127.6000 0.06664331728704299
127.6500 0.06482007127447099
127.7000 0.06297225053833000
127.7500 0.06114609792272000
127.8000 0.05934164085272800
127.8500 0.05788305126036600
127.9000 0.05640014048005400
127.9500 0.05491605257083200
128.0000 0.05345396794147900
128.0500 0.05199072416230900
128.1000 0.05050312297600200
128.1500 0.04903755223410600
128.2000 0.04757082234223900
128.2500 0.04624228752914100
128.3000 0.04495917169975600
128.3500 0.04365179806670700
128.4000 0.04236664489879800
128.4500 0.04105721568662200
128.5000 0.03977002518013800
128.5500 0.03848182053178900
128.6000 0.03716931280579600
128.6500 0.03606545566204100
128.7000 0.03503065065252500
128.7500 0.03399503070757900
128.8000 0.03295859582720300
128.8500 0.03194468035257700
128.9000 0.03090662465618800
128.9500 0.02989110647524300
129.0000 0.02885142996284100
129.0500 0.02792779131785300
129.1000 0.02723722404504800
129.1500 0.02652272494338400
129.2000 0.02580766431003100
129.2500 0.02511544918844700
129.3000 0.02439927494183900
129.3500 0.02370596405304200
129.4000 0.02299101936346900
129.4500 0.02228723665056900
129.5000 0.02178224566607500
129.5500 0.02128155024866900
129.6000 0.02078046185129200
129.6500 0.02027898047394600
129.7000 0.01977710611663100
129.7500 0.01927718855188900
129.8000 0.01877687968579000
129.8500 0.01827617978305800
129.9000 0.01786448170515200
129.9500 0.01751364834033300
130.0000 0.01716253970840400
130.0500 0.01681351114755300
130.1000 0.01646420899800000
130.1500 0.01611463339233800
130.2000 0.01576478433056600
130.2500 0.01541466181268600
130.3000 0.01508550303739900
130.3500 0.01489300174718400
130.4000 0.01470034820272000
130.4500 0.01450754266995600
130.5000 0.01431694823788500
130.5500 0.01412383936807200
130.6000 0.01393294354305300
130.6500 0.01373953120298700
130.7000 0.01354833385192000
130.7500 0.01342802133336700
130.8000 0.01335261887253400
130.8500 0.01327478534536400
130.9000 0.01319925895330400
130.9500 0.01312367097499800
131.0000 0.01304802142379300
131.0500 0.01296993702424300
131.1000 0.01289416343512500
131.1500 0.01282070334615700
131.2000 0.01278044734171000
131.2500 0.01274253382626000
131.3000 0.01270220992391200
131.3500 0.01266423030814300
131.4000 0.01262383848111700
131.4500 0.01258579277843200
131.5000 0.01254533304011700
131.5500 0.01250722122370700
131.6000 0.01248337622454300
131.6500 0.01248096672485400
131.7000 0.01248093685243500
131.7500 0.01247851739241900
131.8000 0.01247847935721200
131.8500 0.01247843771351300
131.9000 0.01247600376574600
131.9500 0.01247595397270000
132.0000 0.01247351006460700
132.0500 0.01248780041958500
132.1000 0.01250688257274400
132.1500 0.01252597560517700
132.2000 0.01254268540182300
132.2500 0.01256179926038400
132.3000 0.01258092398475200
132.3500 0.01260005957492700
132.4000 0.01261680830737500
132.4500 0.01263596472367700
132.5000 0.01266473013028200
132.5500 0.01269351366007900
132.6000 0.01272231528603700
132.6500 0.01275113502166800
132.7000 0.01277997286697400
132.7500 0.01280882882195300
132.8000 0.01283770288660600
132.8500 0.01286659507448300
132.9000 0.01289791213687000
132.9500 0.01293887984179900
133.0000 0.01297987471124000
133.0500 0.01301848726392700
133.1000 0.01305953555691000
133.1500 0.01310061101440300
133.2000 0.01313930143870500
133.2500 0.01318043031974100
133.3000 0.01322158636528800
133.3500 0.01325069495023300
133.4000 0.01326291083947300
133.4500 0.01327513214801000
133.5000 0.01328735890306100
133.5500 0.01330200962708100
133.6000 0.01331424813980200
133.6500 0.01332649209905300
133.7000 0.01333874147757500
133.7500 0.01335099630263700
133.8000 0.01334387195741400
133.8500 0.01331249874510700
133.9000 0.01328109838193600
133.9500 0.01324967085425400
134.0000 0.01321821616206100
134.0500 0.01318673429168500
134.1000 0.01315522527046500
134.1500 0.01312368908473400
134.2000 0.01309212573449200
134.2500 0.01304837908740100
134.3000 0.01299243558858600
134.3500 0.01293887983932100
134.4000 0.01288284669761600
134.4500 0.01282676826801300
134.5000 0.01277064457793400
134.5500 0.01271447559994600
134.6000 0.01266069892635200
134.6500 0.01260444030546300
134.7000 0.01254081829662900
134.7500 0.01246738446918500
134.8000 0.01239145150398100
134.8500 0.01231790086913200
134.9000 0.01224184928555300
134.9500 0.01216818184329700
135.0000 0.01209445645008000
135.0500 0.01201822739168000
135.1000 0.01194438517727700
135.1500 0.01186558998908800
135.2000 0.01177693949151100
135.2500 0.01168822019095100
135.3000 0.01159943207362500
135.3500 0.01151302628666200
135.4000 0.01142410144128500
135.4500 0.01133510777914200
135.5000 0.01124604530023100
135.5500 0.01115936875979800
135.6000 0.01107262522738700
135.6500 0.01099564099550200
135.7000 0.01091859700168700
135.7500 0.01084149324594100
135.8000 0.01076678902476000
135.8500 0.01068956665063800
135.9000 0.01061228451458700
135.9500 0.01053740462955400
136.0000 0.01046000387512700
136.0500 0.01038254335877000
136.1000 0.01030995252540500
136.1500 0.01023977120081200
136.2000 0.01016706900682600
136.2500 0.01009431065895200
136.3000 0.01002149618497900
136.3500 0.00995109481393230
136.4000 0.00987816896545550
136.4500 0.00980518697698740
136.5000 0.00973214883460580
136.5500 0.00964916306501880
136.6000 0.00955621877457570
136.6500 0.00946320385639610
136.7000 0.00937011831047980
136.7500 0.00927696213682690
136.8000 0.00918373533543740
136.8500 0.00909291621798430
136.9000 0.00899954906660630
136.9500 0.00890611128749170
137.0000 0.00881508390876760
137.0500 0.00872398771327640
137.1000 0.00863282270101790
137.1500 0.00854407261657350
137.2000 0.00845277086227190
137.2500 0.00836388586074230
137.3000 0.00827244739237950
137.3500 0.00818094010724960
137.4000 0.00809185227735730
137.4500 0.00800020826417780
137.5000 0.00791098550318110
137.5500 0.00782169575040580
137.6000 0.00772984709788910
137.6500 0.00764042242803370
137.7000 0.00755093073833590
137.7500 0.00746137205687990
137.8000 0.00736925085374360
137.8500 0.00727955725520740
137.9000 0.00718979665087340
137.9500 0.00709247434373170
138.0000 0.00698758219849480
138.0500 0.00688511221087970
138.1000 0.00678006522791410
138.1500 0.00667494037334440
138.2000 0.00656973764717060
138.2500 0.00646445704939260
138.3000 0.00635909856590470
138.3500 0.00625616770112780
138.4000 0.00615065439401700
138.4500 0.00605509234991650
138.5000 0.00596447606341660
138.5500 0.00587379275698770
138.6000 0.00578053245524920
138.6500 0.00568971424586630
138.7000 0.00559631721607820
138.7500 0.00550536408961510
138.8000 0.00541183033177740
138.8500 0.00532074227407230
138.9000 0.00523461809781890
138.9500 0.00517359391550100
139.0000 0.00511252447316510
139.0500 0.00504889158946170
139.1000 0.00498773069326620
139.1500 0.00492652452288590
139.2000 0.00486275219466850
139.2500 0.00480145457042850
139.3000 0.00474011165779590
139.3500 0.00467872348518100
139.4000 0.00461476554698780
139.4500 0.00455076050941710
139.5000 0.00448670840091010
139.5500 0.00442260920724870
139.6000 0.00435846292843300
139.6500 0.00429426955021950
139.7000 0.00423002910109000
139.7500 0.00416574156680620
139.8000 0.00410140693310940
139.8500 0.00403702522851180
139.9000 0.00396752934627850
139.9500 0.00389798275695200
140.0000 0.00383092081774240
140.0500 0.00376127371971420
140.1000 0.00369157591459280
140.1500 0.00362182741667260
140.2000 0.00355202819736990
140.2500 0.00348217827097400
140.3000 0.00341227763748490
140.3500 0.00334232629690250
140.4000 0.00328503724034640
140.4500 0.00322770653153410
140.5000 0.00317033417046550
140.5500 0.00311292017147600
140.6000 0.00305291828287330
140.6500 0.00299542005955650
140.7000 0.00293788018398340
140.7500 0.00288029867050970
140.8000 0.00282267549042930
140.8500 0.00276501065809260
140.9000 0.00271240748536980
140.9500 0.00265721372090990
141.0000 0.00260453358206770
141.0500 0.00255104908824380
141.1000 0.00249727050308900
141.1500 0.00244345317762350
141.2000 0.00238959708305950
141.2500 0.00233595802313650
141.3000 0.00228202450970310
141.3500 0.00222907616656490
141.4000 0.00218249156285390
141.4500 0.00213587345624400
141.5000 0.00208947810324010
141.5500 0.00204279306694540
141.6000 0.00199607454218380
141.6500 0.00194932251452340
141.7000 0.00190279360266900
141.7500 0.00185597465976080
141.8000 0.00180912219949110
141.8500 0.00176403445432830
141.9000 0.00172996445023240
141.9500 0.00169612706952940
142.0000 0.00166200825985980
142.0500 0.00162786500212820
142.1000 0.00159369728184150
142.1500 0.00155950512798110
142.2000 0.00152528852605880
142.2500 0.00149130509082950
142.3000 0.00145703968333340
142.3500 0.00142300761782280
142.4000 0.00139565621277570
142.4500 0.00136854322042240
142.5000 0.00134115278902430
142.5500 0.00131374279917670
142.6000 0.00128631324942520
142.6500 0.00125886414267810
142.7000 0.00123165390136450
142.7500 0.00120416576826630
142.8000 0.00117665807671860
142.8500 0.00114938952224830
142.9000 0.00112624218802750
142.9500 0.00110385500678670
143.0000 0.00108145188903120
143.0500 0.00105903283476100
143.1000 0.00103659784397600
143.1500 0.00101414691667640
143.2000 0.00099168005286200
143.2500 0.00096919725253290
143.3000 0.00094669851568910
143.3500 0.00092444344479919
143.4000 0.00090632770091467
143.4500 0.00089105671691752
143.5000 0.00087551499300093
143.5500 0.00086022218684452
143.6000 0.00084465845967173
143.6500 0.00082934383135605
143.7000 0.00081375810092705
143.7500 0.00079842165045211
143.8000 0.00078281391676691
143.8500 0.00076745564413270
143.9000 0.00075234710419492
143.9500 0.00073853132333190
144.0000 0.00072470576324413
144.0500 0.00071087042393160
144.1000 0.00069676434469862
144.1500 0.00068290935491788
144.2000 0.00066904458738211
144.2500 0.00065517004062159
144.3000 0.00064128571463631
144.3500 0.00062739160942628
144.4000 0.00061348772351871
144.4500 0.00059983565439366
144.5000 0.00058617398714080
144.5500 0.00057224094612819
144.6000 0.00055855999059641
144.6500 0.00054486943841114
144.7000 0.00053116928662221
144.7500 0.00051745953818081
144.8000 0.00050374019161160
144.8500 0.00049001124543720
144.9000 0.00047627270261185
144.9500 0.00046409956029862
145.0000 0.00045401862802593
145.0500 0.00044419331409625
145.1000 0.00043409834682472
145.1500 0.00042399631677952
145.2000 0.00041415017672275
145.2500 0.00040403411167870
145.3000 0.00039417411772002
145.3500 0.00038404401767713
145.4000 0.00037390685486058
145.4500 0.00036402603477481
145.5000 0.00035703678662630
145.5500 0.00035004264886543
145.6000 0.00034330729715699
