14.2439922  1.5420700  0.0544200 
14.3272089  1.6256550  0.0260360 
14.4104355  1.5223530  0.0190070 
14.4936621  1.4842810  0.0235970 
14.5768887  1.4942720  0.0253090 
14.6601054  1.5113160  0.0118680 
14.7433320  1.5278400  0.0172480 
14.8265586  1.5518550  0.0112920 
14.9097754  1.5804600  0.0116620 
14.9930020  1.5961070  0.0087180 
15.0762285  1.6020150  0.0099080 
15.1594453  1.6129420  0.0163030 
15.2426719  1.6382880  0.0207850 
15.3258985  1.6474150  0.0141670 
15.4091152  1.6819150  0.0183000 
15.4923418  1.8730670  0.0126530 
15.5755684  2.0516450  0.0159100 
15.6587852  1.7003440  0.0291840 
15.7420117  1.6891000  0.0138580 
15.8252393  1.6779680  0.0168630 
15.9084639  1.7095920  0.0098050 
15.9916817  1.7203240  0.0120450 
16.0749092  1.7037810  0.0139220 
16.1581348  1.7311230  0.0131630 
16.2413526  1.7433430  0.0222050 
16.3245772  1.7729440  0.0234530 
16.4078048  1.7956230  0.0218430 
16.4910225  1.7894640  0.0229140 
16.5742471  1.7942260  0.0169720 
16.6574747  1.8044520  0.0159310 
16.7406905  1.8147440  0.0151700 
16.8239180  1.8334330  0.0346010 
16.9071446  1.8445270  0.0315880 
16.9903604  1.8824980  0.0328150 
17.0735880  1.8812290  0.0935930 
17.1568145  1.8999770  0.0378080 
17.2400401  1.8953430  0.0196740 
17.3232579  1.8895090  0.0196580 
17.4064855  1.9075520  0.0229290 
17.4897101  1.9074870  0.0456730 
17.5729278  1.9072060  0.0464370 
17.6561554  1.9343850  0.0470950 
17.7393810  1.9257540  0.0350780 
17.8225987  1.9223000  0.0202240 
17.9058233  1.9370700  0.0133550 
17.9890509  1.9373000  0.0116360 
18.0722686  1.9354500  0.0221950 
18.1554933  1.9322290  0.0248080 
18.2387208  1.9651700  0.0243270 
18.3219366  1.9657160  0.0289380 
18.4051642  1.9137600  0.0247580 
18.4883908  1.8920200  0.0304200 
18.5716183  1.9308330  0.1760540 
18.6548341  1.9625300  0.0240700 
18.7380607  2.1003570  0.0368060 
18.8212863  1.9419770  0.0385510 
18.9045040  1.9103240  0.0145230 
18.9877316  1.8977490  0.0322950 
19.0709562  1.8859620  0.0191680 
19.1541740  1.9005490  0.0412520 
19.2374015  1.9354560  0.0158890 
19.3206271  1.9616800  0.0256120 
19.4038449  1.9521280  0.0251810 
19.4870695  1.9639470  0.0176040 
19.5702971  1.9722380  0.0271380 
19.6535148  1.9895600  0.0233970 
19.7367394  1.9918480  0.0322300 
19.8199670  1.9734850  0.0262060 
19.9031945  1.9957440  0.0340120 
19.9864103  1.9775650  0.0185470 
20.0696369  2.0199840  0.0324360 
20.1528645  1.9800350  0.0218500 
20.2360802  1.9770610  0.0113930 
20.4025324  1.9713480  0.0121430 
20.5689777  1.9797600  0.0730540 
20.7354201  1.9851010  0.0190980 
20.9018733  2.0031690  0.0154080 
21.0683156  1.9810330  0.0323820 
21.2347698  1.9890570  0.0266060 
21.4012131  2.0038240  0.0270450 
21.5676565  2.0062340  0.0309120 
21.7341106  2.0197120  0.0257130 
21.9005530  1.9921420  0.0173490 
22.0669963  2.0199030  0.1105880 
22.2334485  2.0283150  0.0853360 
22.3998938  2.0315710  0.0172310 
22.5663460  2.0661360  0.0282790 
22.7327893  2.0709650  0.0245210 
22.8992317  2.0629920  0.0197060 
23.0656868  2.0514150  0.0169990 
23.2321292  2.0403480  0.0286320 
23.3985725  2.0491390  0.0336270 
23.5650247  2.0566480  0.0334840 
23.7314700  2.0517380  0.0327500 
23.8979222  2.0622740  0.0383850 
24.0643656  2.0613070  0.0107970 
24.2308079  2.1635400  0.0123510 
24.3972621  2.1706540  0.0230590 
24.5637054  2.0447170  0.0251380 
24.7301488  2.0319550  0.0307090 
24.8966029  1.9998040  0.0190210 
25.0630463  2.0012660  0.0220980 
25.2294984  2.0306880  0.0231580 
25.3959408  2.0044570  0.0599220 
25.5623841  1.9633900  0.0150350 
25.7288383  2.4565720  0.0236550 
25.8952816  2.7789360  0.0287390 
26.0617250  2.1602640  0.0318570 
26.2281791  1.9938950  0.0176130 
26.3946215  1.9804340  0.0159040 
26.5610747  1.9563330  0.0287700 
26.7275170  1.9404130  0.0155570 
26.8939623  1.9655610  0.0204400 
27.0604145  1.9988100  0.0170200 
27.2268579  1.9776370  0.0132300 
27.3933002  1.9950350  0.0172700 
27.5597544  2.0152090  0.0136730 
27.7261977  1.9873310  0.0152260 
27.8926499  1.9997890  0.0189950 
28.0590952  1.9958990  0.0216460 
28.2255385  1.9813010  0.0204560 
28.3919907  1.9910640  0.0103370 
28.5584331  1.9692430  0.0154190 
28.7248764  1.9528410  0.0175950 
28.8913306  1.9864000  0.0212690 
29.0577739  1.9796320  0.0607640 
29.2242261  1.9779400  0.0333700 
29.3906714  1.9873410  0.0216250 
29.5571138  1.9662180  0.0273570 
29.7235669  1.9683470  0.0173040 
29.8900093  1.9651630  0.0246150 
30.0564546  1.9489210  0.0279480 
30.2229068  2.0091230  0.0152880 
30.3893501  1.9945060  0.0359220 
30.5558043  1.9860690  0.0264190 
30.7222467  1.9871530  0.0276100 
30.8886900  1.9982960  0.0300810 
31.0551422  2.0445780  0.0154100 
31.2215875  2.0089760  0.0459420 
31.3880308  2.0045940  0.0219660 
31.5544830  1.9874020  0.0205310 
31.7209254  1.9984020  0.0322450 
31.8873805  2.0276290  0.0236390 
32.0538229  2.0415900  0.0404320 
32.2202662  2.0426910  0.0299520 
32.3867204  2.0541520  0.0209540 
32.5531637  2.0467560  0.0263470 
32.7196061  2.1108480  0.0382770 
32.8860602  2.1437940  0.0721630 
33.0525036  2.0804560  0.0480830 
33.2189538  2.1899040  0.0562980 
33.3853971  2.3196680  0.0341020 
33.5518444  2.1969890  0.0596440 
33.7182946  2.1113120  0.0347880 
33.8847380  2.0788810  0.0657950 
34.0511803  2.0896850  0.0638060 
34.2176345  2.0891460  0.0820110 
34.3840778  2.1048530  0.0248480 
34.5505320  2.2285930  0.0328540 
34.7169753  2.3748600  0.0739280 
34.8834177  2.4105760  0.0961030 
35.0498728  2.1706140  0.0927510 
35.2163152  1.9996770  0.0507470 
35.3827585  2.0339970  0.0621240 
35.5492127  2.0100510  0.0840240 
35.7156560  2.0273220  0.0653580 
35.8821102  2.0234550  0.0402480 
36.0485535  2.0747540  0.0686120 
36.2149959  1.9950570  0.0663690 
36.3814461  1.9838450  0.0673650 
36.5478894  2.1508210  0.1087320 
36.7143367  1.9662080  0.1516890 
