21.5108790  3.1559630  0.4850680 
21.6794865  3.2431030  0.7127850 
21.8480941  3.3470150  0.3473700 
22.0167126  3.4167930  0.1173280 
22.1853192  3.4867160  0.0927550 
22.3539267  3.6012780  0.0494310 
22.5225432  3.6577360  0.0878310 
22.6911528  3.6880490  0.1520960 
22.8597693  3.7163250  0.1619660 
23.0283768  3.7421760  0.2082510 
23.1969834  3.7376110  0.1620660 
23.3656029  3.7578950  0.5923950 
23.5342095  3.7493860  0.2518440 
23.7028170  3.7054400  0.2255780 
23.8714335  3.7733270  0.2066320 
24.0400431  3.8017420  0.2375410 
24.2086596  3.8109240  0.5868410 
24.3772671  3.9357500  0.1561620 
24.5458737  3.9120340  0.1441120 
24.7144922  3.9238920  0.1359340 
24.8830998  3.9330760  0.0882890 
25.0517073  3.9836060  0.0595040 
25.2203258  4.1222670  0.0530430 
25.3889334  4.2605870  0.0151080 
25.5575499  4.2788880  0.0520150 
25.7261564  4.5076760  0.4034000 
25.8947640  5.6373260  0.0246810 
26.0633825  5.1286030  0.1624350 
26.2319901  4.7870310  0.0861880 
26.4005976  4.7384220  0.0953840 
26.5692161  4.8666740  0.1076590 
26.7378227  5.0563720  0.1269630 
26.9064402  5.1231530  0.2826710 
27.0750467  5.2324550  0.3345670 
27.2436563  5.3028080  0.0821730 
27.4122728  5.4705650  0.0475360 
27.5808804  5.6019070  0.0479660 
27.7494869  5.7176660  0.1076720 
27.9181054  5.7073830  0.2713750 
28.0867130  5.8337890  0.1974130 
28.2553295  5.9467940  0.0476030 
28.4239390  6.0741980  0.2041380 
28.5925466  6.1216150  0.0772050 
28.7611631  6.1864700  0.0449540 
28.9297697  6.2748230  0.0209500 
29.0983772  6.3404840  0.0332280 
29.2669957  6.4673590  0.0422420 
29.4356033  6.5505300  0.0590830 
29.6042198  6.7263500  0.0502300 
29.7728293  6.7941720  0.1341010 
29.9414359  6.8108580  0.0691780 
30.1100534  6.8016900  0.0501580 
30.2786599  6.9020710  0.0518380 
30.4472695  7.0201900  0.1670210 
30.6158860  7.2498520  0.0476080 
30.7844936  7.3673740  0.3928390 
30.9531121  7.5049870  0.3260460 
31.1217186  7.5521330  0.3299320 
31.2903262  7.6242760  0.0390860 
31.4589427  7.8199990  0.0883440 
31.6275522  7.9591830  0.0957530 
31.7961598  7.9876990  0.1324090 
31.9647763  8.1005130  0.1107550 
32.1333829  8.2558990  0.0940970 
32.3020024  8.5288660  0.0464430 
32.4706089  8.8480480  0.1677560 
32.6392165  9.1025410  0.3887850 
32.8078350  9.3291400  0.5783240 
32.9764425  9.3480480  0.5314700 
33.1450491  9.5927530  0.2069650 
33.3136676  10.2047160  0.1263900 
33.4822751  10.6410350  0.0645400 
33.6508897  10.2211090  0.5555480 
33.8194972  10.4276300  0.1936380 
33.9881088  10.1627680  0.2337480 
34.1567233  10.6993750  0.3784790 
34.3253308  10.5313540  0.0677340 
34.4939374  10.4450300  0.2546940 
34.6625559  12.4470480  0.0797910 
34.8311635  14.2445020  0.2374060 
34.9997820  12.2861390  0.0922160 
35.1683895  10.3603190  0.3612840 
35.3369961  11.5176660  0.1630780 
35.5056156  11.6433620  0.2333030 
35.6742221  11.2799560  0.1827310 
35.8428297  11.7499570  0.1248120 
36.0114482  11.6995750  0.2863530 
36.1800557  11.4773920  0.1233400 
36.3486742  11.4874080  0.5813460 
36.5172818  11.9179200  0.2496550 
36.6858884  11.5173910  0.5493930 
36.8545029  11.5773900  1.2854980 
37.0231104  12.6969170  0.1690830 
37.1917220  12.3471330  0.6341960 
