445000.0 0.00502990
445600.0 0.00542516
446200.0 0.00552542
446800.0 0.00085515
447400.0 0.00417805
448000.0 0.00770183
448600.0 0.00873243
449200.0 0.00910214
449800.0 0.00845683
450400.0 0.00446842
451000.0 0.00000000
451600.0 0.00155566
452200.0 0.00980617
452800.0 0.01368030
453400.0 0.01613380
454000.0 0.01794730
454600.0 0.01953010
455200.0 0.02079190
455800.0 0.02230050
456400.0 0.02305350
457000.0 0.02468840
457600.0 0.02580490
458200.0 0.02713640
458800.0 0.02841780
459400.0 0.02978030
460000.0 0.03116030
460600.0 0.03221270
461200.0 0.03356850
461800.0 0.03503150
462400.0 0.03686800
463000.0 0.03795780
463600.0 0.03911430
464200.0 0.03950290
464800.0 0.00006337
465400.0 0.00022692
466000.0 0.00508657
466600.0 0.04067500
467200.0 0.01194840
467800.0 0.02151570
468400.0 0.04823060
469000.0 0.05527350
469600.0 0.05824680
470200.0 0.02487500
470800.0 0.05905380
471400.0 0.06598050
472000.0 0.06992260
472600.0 0.07348480
473200.0 0.07536010
473800.0 0.07409530
474400.0 0.06132570
475000.0 0.08382730
475600.0 0.08810520
476200.0 0.08878220
476800.0 0.08768990
477400.0 0.08175500
478000.0 0.06677040
478600.0 0.03354760
479200.0 0.00034183
479800.0 0.00000000
480400.0 0.00400742
481000.0 0.05304140
481600.0 0.09417210
482200.0 0.12024800
482800.0 0.04794430
483400.0 0.15066300
484000.0 0.16259700
484600.0 0.17209700
485200.0 0.17994100
485800.0 0.18828900
486400.0 0.19508800
487000.0 0.20014000
487600.0 0.20417100
488200.0 0.20661600
488800.0 0.20096500
489400.0 0.19865200
490000.0 0.18344600
490600.0 0.15402200
491200.0 0.10413600
491800.0 0.03431480
492400.0 0.00005801
493000.0 0.00000000
493600.0 0.00000000
494200.0 0.00000000
494800.0 0.02448790
495400.0 0.10996000
496000.0 0.18526600
496600.0 0.23495500
497200.0 0.28549400
497800.0 0.31734200
498400.0 0.31577800
499000.0 0.28776900
499600.0 0.33689200
500200.0 0.37333800
500800.0 0.40565900
501400.0 0.41474400
502000.0 0.41626700
502600.0 0.44274700
503200.0 0.44906400
503800.0 0.46071800
504400.0 0.46739100
505000.0 0.13585400
505600.0 0.45345500
506200.0 0.14068400
506800.0 0.42913300
507400.0 0.46000300
508000.0 0.49907000
508600.0 0.50752800
509200.0 0.50907300
509800.0 0.50320700
510400.0 0.40939100
511000.0 0.39680100
511600.0 0.51714600
512200.0 0.53362700
512800.0 0.53208300
513400.0 0.51881500
514000.0 0.43215300
514600.0 0.00000000
515200.0 0.48408100
515800.0 0.50629700
516400.0 0.39226200
517000.0 0.03446280
517600.0 0.49983100
518200.0 0.54064000
518800.0 0.55311000
519400.0 0.56408300
520000.0 0.56374600
520600.0 0.56840500
521200.0 0.57511800
521800.0 0.57105100
522400.0 0.57328800
523000.0 0.57685300
523600.0 0.56958600
524200.0 0.56753300
524800.0 0.56935000
525400.0 0.56216800
526000.0 0.56122400
526600.0 0.56039500
527200.0 0.55131400
527800.0 0.54543700
528400.0 0.53416900
529000.0 0.50590300
529600.0 0.45269000
530200.0 0.32657400
530800.0 0.04964150
531400.0 0.00000000
532000.0 0.07652100
532600.0 0.25793700
533200.0 0.45409800
533800.0 0.50865300
534400.0 0.50927600
535000.0 0.54255800
535600.0 0.55707400
536200.0 0.56103000
536800.0 0.55955400
537400.0 0.53774400
538000.0 0.56881000
538600.0 0.56985500
539200.0 0.56500400
539800.0 0.57402200
540400.0 0.57150100
541000.0 0.56984000
541600.0 0.56637300
542200.0 0.56339100
542800.0 0.56410500
543400.0 0.55765900
544000.0 0.53601600
544600.0 0.43202700
545200.0 0.03066230
545800.0 0.50430100
546400.0 0.54542400
547000.0 0.55478300
547600.0 0.55145000
548200.0 0.54625900
548800.0 0.53905400
549400.0 0.51502700
550000.0 0.46385700
550600.0 0.29714600
551200.0 0.00000000
551800.0 0.15886300
552400.0 0.41970100
553000.0 0.48230000
553600.0 0.50049300
554200.0 0.50986000
554800.0 0.47145300
555400.0 0.50905900
556000.0 0.50750900
556600.0 0.50522200
557200.0 0.49789300
557800.0 0.47923600
558400.0 0.00000000
559000.0 0.45158600
559600.0 0.42564000
560200.0 0.34835300
560800.0 0.36754300
561400.0 0.29077600
562000.0 0.15731500
562600.0 0.00753426
563200.0 0.00000000
563800.0 0.00191147
564400.0 0.12372900
565000.0 0.24897700
565600.0 0.30683000
566200.0 0.32449700
566800.0 0.30695000
567400.0 0.12693800
568000.0 0.00004089
568600.0 0.12053900
569200.0 0.30024100
569800.0 0.33518400
570400.0 0.33674200
571000.0 0.33903000
571600.0 0.33435400
572200.0 0.32337600
572800.0 0.31087700
573400.0 0.29595800
574000.0 0.27237900
574600.0 0.23468200
575200.0 0.15764600
575800.0 0.01809740
576400.0 0.00000000
577000.0 0.00000000
577600.0 0.10813700
578200.0 0.18738500
578800.0 0.21765600
579400.0 0.22696600
580000.0 0.22814600
580600.0 0.22054400
581200.0 0.20940500
581800.0 0.19854600
582400.0 0.18421100
583000.0 0.16282600
583600.0 0.13735100
584200.0 0.10649600
584800.0 0.06427150
585400.0 0.02007100
586000.0 0.00044855
586600.0 0.00000000
587200.0 0.00000000
587800.0 0.00002657
588400.0 0.00908983
589000.0 0.04253700
589600.0 0.07334860
590200.0 0.09096520
590800.0 0.09468470
591400.0 0.11969800
592000.0 0.12167600
592600.0 0.12260300
593200.0 0.11159400
593800.0 0.11115500
594400.0 0.12018000
595000.0 0.12031200
595600.0 0.12081500
596200.0 0.11606900
596800.0 0.11018300
597400.0 0.10722800
598000.0 0.10180000
598600.0 0.08591350
599200.0 0.04511430
599800.0 0.00000000
600400.0 0.02916310
601000.0 0.06655740
601600.0 0.00000000
602200.0 0.07636940
602800.0 0.08303570
603400.0 0.08074380
604000.0 0.07837250
604600.0 0.07172460
605200.0 0.07739970
605800.0 0.07343360
606400.0 0.07029430
607000.0 0.07045060
607600.0 0.06911410
608200.0 0.06515660
608800.0 0.06267430
609400.0 0.06237440
610000.0 0.06037740
610600.0 0.05711690
611200.0 0.05449410
611800.0 0.04998680
612400.0 0.05359660
613000.0 0.04914360
613600.0 0.04744950
614200.0 0.04725920
614800.0 0.04622660
615400.0 0.04313240
616000.0 0.04111520
616600.0 0.04092630
617200.0 0.03904980
617800.0 0.02307910
618400.0 0.02399780
619000.0 0.03437000
619600.0 0.03508750
620200.0 0.03308920
620800.0 0.03218290
621400.0 0.03194360
622000.0 0.03120760
622600.0 0.02952800
623200.0 0.02771410
623800.0 0.02522360
624400.0 0.00965386
625000.0 0.02555520
625600.0 0.02419440
626200.0 0.02357250
626800.0 0.02346460
627400.0 0.02250460
628000.0 0.02084870
628600.0 0.01918290
629200.0 0.00153922
629800.0 0.01765440
630400.0 0.01669390
631000.0 0.01480740
631600.0 0.01262870
632200.0 0.00748764
632800.0 0.00012309
633400.0 0.00000000
634000.0 0.00145899
634600.0 0.00000000
635200.0 0.00563184
635800.0 0.00969823
636400.0 0.01088510
637000.0 0.01158760
637600.0 0.01176710
638200.0 0.01087370
638800.0 0.00030018
639400.0 0.00287498
640000.0 0.00755774
640600.0 0.01021260
641200.0 0.00987514
641800.0 0.00959288
642400.0 0.00949624
643000.0 0.00923315
643600.0 0.00864992
644200.0 0.00822102
644800.0 0.00814910
645400.0 0.00791521
646000.0 0.00749728
646600.0 0.00698833
647200.0 0.00648195
647800.0 0.00605582
648400.0 0.00551429
649000.0 0.00188464
649600.0 0.00316396
650200.0 0.00150931
650800.0 0.00010325
651400.0 0.00000000
652000.0 0.00000000
652600.0 0.00019748
653200.0 0.00145192
653800.0 0.00248674
654400.0 0.00301914
655000.0 0.00320795
655600.0 0.00279197
656200.0 0.00341776
656800.0 0.00348608
657400.0 0.00207326
