538500.0 0.00502774
539000.0 0.00512058
539500.0 0.00532627
540000.0 0.00553265
540500.0 0.00572825
541000.0 0.00583247
541500.0 0.00600444
542000.0 0.00620985
542500.0 0.00652552
543000.0 0.00676899
543500.0 0.00696425
544000.0 0.00701473
544500.0 0.00636753
545000.0 0.00000079
545500.0 0.00607453
546000.0 0.00802244
546500.0 0.00864829
547000.0 0.00911434
547500.0 0.00949988
548000.0 0.00980272
548500.0 0.01010510
549000.0 0.01025900
549500.0 0.01015540
550000.0 0.00958572
550500.0 0.00727773
551000.0 0.00043190
551500.0 0.00000692
552000.0 0.00706126
552500.0 0.01111180
553000.0 0.01285880
553500.0 0.01396530
554000.0 0.01498750
554500.0 0.01571480
555000.0 0.01595410
555500.0 0.01736110
556000.0 0.01817390
556500.0 0.01899290
557000.0 0.01977310
557500.0 0.01819070
558000.0 0.01575710
558500.0 0.01039810
559000.0 0.02162470
559500.0 0.02200760
560000.0 0.02048260
560500.0 0.02127780
561000.0 0.02026820
561500.0 0.01693220
562000.0 0.01021490
562500.0 0.00145353
563000.0 0.00000000
563500.0 0.00000000
564000.0 0.00186376
564500.0 0.01292090
565000.0 0.02281310
565500.0 0.02924080
566000.0 0.02951960
566500.0 0.03492620
567000.0 0.03245390
567500.0 0.00553018
568000.0 0.00000530
568500.0 0.00765810
569000.0 0.03781590
569500.0 0.04901990
570000.0 0.05526870
570500.0 0.05585520
571000.0 0.06258480
571500.0 0.06571320
572000.0 0.06814150
572500.0 0.07059700
573000.0 0.07250060
573500.0 0.07352660
574000.0 0.07264270
574500.0 0.06922140
575000.0 0.05760200
575500.0 0.02913440
576000.0 0.00013175
576500.0 0.00000000
577000.0 0.00000000
577500.0 0.03107780
578000.0 0.07532280
578500.0 0.08424910
579000.0 0.10790800
579500.0 0.11276400
580000.0 0.12236500
580500.0 0.12645100
581000.0 0.12999700
581500.0 0.13186300
582000.0 0.13198300
582500.0 0.13041200
583000.0 0.12571100
583500.0 0.11668400
584000.0 0.10189100
584500.0 0.07900960
585000.0 0.04751620
585500.0 0.01501040
586000.0 0.00049575
586500.0 0.00000000
587000.0 0.00000000
587500.0 0.00000000
588000.0 0.00084330
588500.0 0.01896270
589000.0 0.06458920
589500.0 0.11195500
590000.0 0.15127800
590500.0 0.14075100
591000.0 0.21046100
591500.0 0.23746900
592000.0 0.25728200
592500.0 0.27271300
593000.0 0.27736400
593500.0 0.00366000
594000.0 0.30373600
594500.0 0.32661600
595000.0 0.34002000
595500.0 0.35114900
596000.0 0.36109200
596500.0 0.37011300
597000.0 0.37551300
597500.0 0.37866700
598000.0 0.37277300
598500.0 0.34798600
599000.0 0.26574300
599500.0 0.02925180
600000.0 0.00000000
600500.0 0.18462200
601000.0 0.31987400
601500.0 0.05979240
602000.0 0.34145200
602500.0 0.43023500
603000.0 0.41533200
603500.0 0.46787300
604000.0 0.47788800
604500.0 0.39695600
605000.0 0.47964000
605500.0 0.49858300
606000.0 0.50482800
606500.0 0.51025700
607000.0 0.51561400
607500.0 0.52086100
608000.0 0.52589000
608500.0 0.53068000
609000.0 0.53301900
609500.0 0.53452400
610000.0 0.53732900
610500.0 0.54296000
611000.0 0.54418200
611500.0 0.50990500
612000.0 0.54492300
612500.0 0.54534900
613000.0 0.53643700
613500.0 0.54090500
614000.0 0.54047500
614500.0 0.53916400
615000.0 0.53790300
615500.0 0.53210700
616000.0 0.53458100
616500.0 0.53076100
617000.0 0.52029800
617500.0 0.47499300
618000.0 0.01094280
618500.0 0.42083400
619000.0 0.51033700
619500.0 0.52741900
620000.0 0.53338500
620500.0 0.53562400
621000.0 0.53646600
621500.0 0.53590800
622000.0 0.53478800
622500.0 0.53286600
623000.0 0.52892200
623500.0 0.51603600
624000.0 0.38387700
624500.0 0.40051100
625000.0 0.51325300
625500.0 0.51781900
626000.0 0.51380800
626500.0 0.50060500
627000.0 0.50835000
627500.0 0.50914800
628000.0 0.50326400
628500.0 0.48864500
629000.0 0.39242100
629500.0 0.32627800
630000.0 0.46112300
630500.0 0.45631100
631000.0 0.43001200
631500.0 0.38235200
632000.0 0.28309900
632500.0 0.09364390
633000.0 0.00000000
633500.0 0.00000000
634000.0 0.04970580
634500.0 0.00000000
635000.0 0.08123200
635500.0 0.28097900
636000.0 0.22901700
636500.0 0.43949100
637000.0 0.45744800
637500.0 0.46693300
638000.0 0.46956000
638500.0 0.43098600
639000.0 0.13009100
639500.0 0.01687550
640000.0 0.33691700
640500.0 0.47842900
641000.0 0.48733200
641500.0 0.48881300
642000.0 0.42018800
642500.0 0.48578300
643000.0 0.48944100
643500.0 0.48828900
644000.0 0.48592900
644500.0 0.48269800
645000.0 0.47861300
645500.0 0.45424800
646000.0 0.46534100
646500.0 0.45367400
647000.0 0.44009500
647500.0 0.42327500
648000.0 0.40016300
648500.0 0.36604200
649000.0 0.13397700
649500.0 0.25567700
650000.0 0.15910800
650500.0 0.05067460
651000.0 0.00043955
651500.0 0.00000000
652000.0 0.00000000
652500.0 0.00732482
653000.0 0.07857220
653500.0 0.18079400
654000.0 0.24681800
654500.0 0.28302800
655000.0 0.30414500
655500.0 0.30055900
656000.0 0.30497300
656500.0 0.31906800
657000.0 0.30599500
657500.0 0.04637760
658000.0 0.27046800
658500.0 0.23736300
659000.0 0.20450900
659500.0 0.14541500
660000.0 0.05992640
660500.0 0.00040163
661000.0 0.00000000
661500.0 0.00321297
662000.0 0.01549340
662500.0 0.00608851
663000.0 0.00028311
663500.0 0.00000000
664000.0 0.00000000
664500.0 0.00000000
665000.0 0.00000000
665500.0 0.00000000
666000.0 0.00211634
666500.0 0.01597760
667000.0 0.04054260
667500.0 0.06427520
668000.0 0.07505590
668500.0 0.06325500
669000.0 0.05327570
669500.0 0.01988220
670000.0 0.00069339
670500.0 0.00000000
671000.0 0.00000000
671500.0 0.00000000
672000.0 0.00098834
672500.0 0.00363702
673000.0 0.03531330
673500.0 0.12013000
674000.0 0.16257600
674500.0 0.18877000
675000.0 0.18184400
675500.0 0.21781000
676000.0 0.22621800
676500.0 0.23366600
677000.0 0.23638100
677500.0 0.22464400
678000.0 0.23668600
678500.0 0.22120000
679000.0 0.17729100
679500.0 0.23171300
680000.0 0.23376200
680500.0 0.23199800
681000.0 0.23010600
681500.0 0.22684500
682000.0 0.22483100
682500.0 0.22171300
683000.0 0.21893000
683500.0 0.21587600
684000.0 0.21271000
684500.0 0.20940000
685000.0 0.20207100
685500.0 0.20247700
686000.0 0.19903900
686500.0 0.19189700
687000.0 0.19200300
687500.0 0.18124200
688000.0 0.18465300
688500.0 0.18084600
689000.0 0.17663100
689500.0 0.16976500
690000.0 0.15189600
690500.0 0.16478000
691000.0 0.16146500
691500.0 0.15590400
692000.0 0.15271300
692500.0 0.14968600
693000.0 0.14592200
693500.0 0.14214500
694000.0 0.13854400
694500.0 0.13501800
695000.0 0.12749900
695500.0 0.12814600
696000.0 0.12493600
696500.0 0.12175500
697000.0 0.11859000
697500.0 0.11542600
698000.0 0.11240100
698500.0 0.10934400
699000.0 0.10639600
699500.0 0.10343900
700000.0 0.10051700
700500.0 0.09144970
701000.0 0.09474850
701500.0 0.09145210
702000.0 0.08886350
702500.0 0.08609740
703000.0 0.08243130
703500.0 0.07919380
704000.0 0.07721560
704500.0 0.07397720
705000.0 0.07055180
705500.0 0.06606640
706000.0 0.05923960
706500.0 0.04123090
707000.0 0.00000000
707500.0 0.03272410
708000.0 0.04110250
708500.0 0.03556650
709000.0 0.02499550
709500.0 0.01004160
710000.0 0.00029121
710500.0 0.00000000
711000.0 0.00000000
711500.0 0.00176225
712000.0 0.01218140
712500.0 0.02057050
713000.0 0.02360690
713500.0 0.02384010
714000.0 0.01875870
714500.0 0.00791133
715000.0 0.00001893
715500.0 0.00000000
716000.0 0.00146069
716500.0 0.01031140
717000.0 0.01338280
717500.0 0.00707089
718000.0 0.00597225
718500.0 0.00072899
719000.0 0.00000000
719500.0 0.00000000
720000.0 0.00000000
720500.0 0.00040572
721000.0 0.00416243
721500.0 0.01214130
722000.0 0.01545700
722500.0 0.01159590
723000.0 0.01994000
723500.0 0.02113800
724000.0 0.02160770
724500.0 0.02175540
725000.0 0.02165740
725500.0 0.02146400
726000.0 0.02118070
726500.0 0.02079220
727000.0 0.02035790
727500.0 0.01977590
728000.0 0.01741220
728500.0 0.01902450
729000.0 0.01852890
729500.0 0.01812540
730000.0 0.01781340
730500.0 0.01738090
731000.0 0.01693730
731500.0 0.01651250
732000.0 0.01555460
732500.0 0.01560750
733000.0 0.01523770
733500.0 0.01480910
734000.0 0.01394860
734500.0 0.01397510
735000.0 0.01337950
735500.0 0.01291980
736000.0 0.00672104
736500.0 0.01178350
737000.0 0.01191200
737500.0 0.01139890
738000.0 0.01133880
738500.0 0.01099480
739000.0 0.01061860
739500.0 0.00784084
740000.0 0.00985297
740500.0 0.00948869
741000.0 0.00940617
741500.0 0.00906424
742000.0 0.00873423
742500.0 0.00811809
743000.0 0.00806980
743500.0 0.00772371
744000.0 0.00689890
744500.0 0.00706772
745000.0 0.00683761
745500.0 0.00598515
746000.0 0.00597240
746500.0 0.00576824
747000.0 0.00535678
747500.0 0.00483336
748000.0 0.00413152
748500.0 0.00297757
749000.0 0.00068763
749500.0 0.00000000
750000.0 0.00079190
750500.0 0.00149391
751000.0 0.00115202
751500.0 0.00059704
752000.0 0.00015316
752500.0 0.00000607
753000.0 0.00000000
753500.0 0.00000000
754000.0 0.00000000
754500.0 0.00000000
