737000.0 0.00399789
738000.0 0.00440706
739000.0 0.00477140
740000.0 0.00521955
741000.0 0.00576446
742000.0 0.00617977
743000.0 0.00666970
744000.0 0.00649877
745000.0 0.00732157
746000.0 0.00749610
747000.0 0.00769652
748000.0 0.00675932
749000.0 0.00128653
750000.0 0.00174267
751000.0 0.00288184
752000.0 0.00042707
753000.0 0.00000000
754000.0 0.00000000
755000.0 0.00000000
756000.0 0.00158836
757000.0 0.00499632
758000.0 0.00006591
759000.0 0.00000000
760000.0 0.01278780
761000.0 0.01948770
762000.0 0.02259890
763000.0 0.01795220
764000.0 0.00829324
765000.0 0.02783050
766000.0 0.03254440
767000.0 0.03455490
768000.0 0.03735330
769000.0 0.04009330
770000.0 0.04209920
771000.0 0.04454030
772000.0 0.04605190
773000.0 0.04846790
774000.0 0.05062590
775000.0 0.05014510
776000.0 0.05152140
777000.0 0.04329210
778000.0 0.02941200
779000.0 0.05611350
780000.0 0.05754360
781000.0 0.05544940
782000.0 0.05030720
783000.0 0.04178620
784000.0 0.02656770
785000.0 0.00797774
786000.0 0.00007309
787000.0 0.00000000
788000.0 0.00000000
789000.0 0.00000000
790000.0 0.00166075
791000.0 0.02979640
792000.0 0.06052870
793000.0 0.08736320
794000.0 0.10699800
795000.0 0.09498840
796000.0 0.13345800
797000.0 0.14627000
798000.0 0.16672600
799000.0 0.18000800
800000.0 0.19170500
801000.0 0.20295800
802000.0 0.18463100
803000.0 0.22517200
804000.0 0.23709300
805000.0 0.23735000
806000.0 0.23945800
807000.0 0.26995900
808000.0 0.23096800
809000.0 0.28717600
810000.0 0.28822900
811000.0 0.26502900
812000.0 0.00029172
813000.0 0.22677300
814000.0 0.00062522
815000.0 0.24776900
816000.0 0.18550900
817000.0 0.07251950
818000.0 0.04984980
819000.0 0.00057467
820000.0 0.00000000
821000.0 0.00000000
822000.0 0.00879655
823000.0 0.09652730
824000.0 0.18394300
825000.0 0.26385600
826000.0 0.34233200
827000.0 0.37410500
828000.0 0.37451000
829000.0 0.28482900
830000.0 0.04163540
831000.0 0.16083400
832000.0 0.00256714
833000.0 0.00000000
834000.0 0.03634440
835000.0 0.25345400
836000.0 0.25288400
837000.0 0.47194000
838000.0 0.52133200
839000.0 0.54570800
840000.0 0.56612000
841000.0 0.57858000
842000.0 0.58694600
843000.0 0.58972000
844000.0 0.58598800
845000.0 0.56475000
846000.0 0.49440000
847000.0 0.13902500
848000.0 0.00194099
849000.0 0.43237000
850000.0 0.57825000
851000.0 0.61606300
852000.0 0.63597600
853000.0 0.64111600
854000.0 0.54285300
855000.0 0.63815200
856000.0 0.64034100
857000.0 0.51657800
858000.0 0.26362500
859000.0 0.63139100
860000.0 0.64774800
861000.0 0.62711900
862000.0 0.66113500
863000.0 0.66122200
864000.0 0.50451000
865000.0 0.66413800
866000.0 0.66593400
867000.0 0.66439500
868000.0 0.66600300
869000.0 0.67056000
870000.0 0.66216200
871000.0 0.67257100
872000.0 0.67480300
873000.0 0.67354000
874000.0 0.26284200
875000.0 0.66890900
876000.0 0.64928000
877000.0 0.67119800
878000.0 0.67215700
879000.0 0.67233300
880000.0 0.63562200
881000.0 0.63606500
882000.0 0.65341200
883000.0 0.65264000
884000.0 0.64931400
885000.0 0.64457700
886000.0 0.63854300
887000.0 0.63215000
888000.0 0.62426700
889000.0 0.61570300
890000.0 0.60326900
891000.0 0.58770600
892000.0 0.57523700
893000.0 0.54582600
894000.0 0.50701200
895000.0 0.44899000
896000.0 0.35587700
897000.0 0.21241900
898000.0 0.04500880
899000.0 0.00000000
900000.0 0.00000000
901000.0 0.00023353
902000.0 0.07629430
903000.0 0.24290700
904000.0 0.36666600
905000.0 0.41969200
906000.0 0.51580000
907000.0 0.55065000
908000.0 0.56704400
909000.0 0.51812900
910000.0 0.57649700
911000.0 0.60689200
912000.0 0.61243500
913000.0 0.61756500
914000.0 0.61752500
915000.0 0.62067500
916000.0 0.62216400
917000.0 0.62128400
918000.0 0.61281100
919000.0 0.56896000
920000.0 0.61562800
921000.0 0.61092900
922000.0 0.60223800
923000.0 0.59548000
924000.0 0.55733900
925000.0 0.55511300
926000.0 0.49756300
927000.0 0.28172600
928000.0 0.00000000
929000.0 0.17344500
930000.0 0.45329300
931000.0 0.51559700
932000.0 0.51401900
933000.0 0.38942000
934000.0 0.00793647
935000.0 0.45268400
936000.0 0.50364000
937000.0 0.33799800
938000.0 0.49261800
939000.0 0.46052600
940000.0 0.35940900
941000.0 0.27256300
942000.0 0.00000000
943000.0 0.18793900
944000.0 0.23083800
945000.0 0.08971750
946000.0 0.00000000
947000.0 0.00000000
948000.0 0.01740910
949000.0 0.16310600
950000.0 0.25227700
951000.0 0.18074800
952000.0 0.22468000
953000.0 0.16667000
954000.0 0.05960320
955000.0 0.00072787
956000.0 0.00000000
957000.0 0.00000000
958000.0 0.00465026
959000.0 0.00000000
960000.0 0.11817100
961000.0 0.22141200
962000.0 0.22207400
963000.0 0.32589200
964000.0 0.34646200
965000.0 0.29989400
966000.0 0.34711100
967000.0 0.35148900
968000.0 0.06908050
969000.0 0.35118900
970000.0 0.35288700
971000.0 0.34905900
972000.0 0.34367200
973000.0 0.32500300
974000.0 0.33150600
975000.0 0.32604900
976000.0 0.31595600
977000.0 0.30506700
978000.0 0.29246000
979000.0 0.27911100
980000.0 0.26135700
981000.0 0.22698300
982000.0 0.19971600
983000.0 0.13260900
984000.0 0.01473780
985000.0 0.00000000
986000.0 0.02986230
987000.0 0.10126800
988000.0 0.10965300
989000.0 0.04483610
990000.0 0.06428460
991000.0 0.03103890
992000.0 0.00605460
993000.0 0.00005083
994000.0 0.00000000
995000.0 0.00000000
996000.0 0.00000000
997000.0 0.00011648
998000.0 0.00199360
999000.0 0.02063320
1000000.0 0.00837611
1001000.0 0.05708630
1002000.0 0.06488270
1003000.0 0.06185250
1004000.0 0.04507110
1005000.0 0.04305120
1006000.0 0.02114720
1007000.0 0.00358146
1008000.0 0.00000000
1009000.0 0.00000000
1010000.0 0.00000000
1011000.0 0.00000000
1012000.0 0.00000000
1013000.0 0.01161820
1014000.0 0.03533710
1015000.0 0.03470970
1016000.0 0.06822590
1017000.0 0.07755820
1018000.0 0.08281590
1019000.0 0.07656460
1020000.0 0.03944810
1021000.0 0.08550350
1022000.0 0.08587270
1023000.0 0.01896120
1024000.0 0.08275880
1025000.0 0.08447470
1026000.0 0.08301900
1027000.0 0.08084730
1028000.0 0.07732980
1029000.0 0.07634060
1030000.0 0.07398610
1031000.0 0.07108670
1032000.0 0.06507410
1033000.0 0.01937600
1034000.0 0.06024110
1035000.0 0.05628150
1036000.0 0.04976820
1037000.0 0.03880290
1038000.0 0.01597560
1039000.0 0.00000000
1040000.0 0.00006746
1041000.0 0.00000000
1042000.0 0.00520360
1043000.0 0.02516650
1044000.0 0.03500610
1045000.0 0.03863070
1046000.0 0.03583130
1047000.0 0.04001710
1048000.0 0.03952120
1049000.0 0.03877310
1050000.0 0.02604660
1051000.0 0.03628310
1052000.0 0.03395970
1053000.0 0.00546473
1054000.0 0.03073570
1055000.0 0.03151250
1056000.0 0.03075390
1057000.0 0.02959680
1058000.0 0.02794840
1059000.0 0.02706040
1060000.0 0.02288880
1061000.0 0.02496130
1062000.0 0.02361760
1063000.0 0.02193950
1064000.0 0.02057860
1065000.0 0.02033410
1066000.0 0.01916900
1067000.0 0.01780220
1068000.0 0.01638840
1069000.0 0.01453350
1070000.0 0.01311330
1071000.0 0.00994514
1072000.0 0.00987938
1073000.0 0.00779208
1074000.0 0.00550643
1075000.0 0.00336576
1076000.0 0.00142781
1077000.0 0.00000372
1078000.0 0.00000836
1079000.0 0.00000000
1080000.0 0.00000000
1081000.0 0.00000000
1082000.0 0.00000000
1083000.0 0.00000000
1084000.0 0.00006349
1085000.0 0.00002946
1086000.0 0.00157449
1087000.0 0.00268219
1088000.0 0.00386421
1089000.0 0.00416373
1090000.0 0.00579302
1091000.0 0.00627968
1092000.0 0.00653782
1093000.0 0.00468349
1094000.0 0.00519068
1095000.0 0.00711552
1096000.0 0.00727265
1097000.0 0.00743137
1098000.0 0.00729967
1099000.0 0.00424635
1100000.0 0.00709559
1101000.0 0.00705084
1102000.0 0.00696175
1103000.0 0.00675940
1104000.0 0.00658956
1105000.0 0.00638203
1106000.0 0.00617689
1107000.0 0.00594938
1108000.0 0.00566467
1109000.0 0.00528228
1110000.0 0.00483965
1111000.0 0.00495909
1112000.0 0.00474499
1113000.0 0.00413997
1114000.0 0.00299796
1115000.0 0.00085835
1116000.0 0.00000000
1117000.0 0.00003383
1118000.0 0.00164474
1119000.0 0.00141147
1120000.0 0.00292390
1121000.0 0.00246888
1122000.0 0.00279831
1123000.0 0.00241164
1124000.0 0.00137206
1125000.0 0.00000000
1126000.0 0.00078704
1127000.0 0.00123814
1128000.0 0.00086204
1129000.0 0.00071847
1130000.0 0.00032939
1131000.0 0.00010790
