1188000.0 0.00124994
1190200.0 0.00397418
1192400.0 0.00402938
1194600.0 0.00225319
1196800.0 0.00383396
1199000.0 0.00369127
1201200.0 0.00439386
1203400.0 0.00451699
1205600.0 0.00432101
1207800.0 0.00448845
1210000.0 0.00379039
1212200.0 0.00227602
1214400.0 0.00097433
1216600.0 0.00000000
1218800.0 0.00003139
1221000.0 0.00237087
1223200.0 0.00279802
1225400.0 0.00182044
1227600.0 0.00586002
1229800.0 0.00637089
1232000.0 0.00679287
1234200.0 0.00001829
1236400.0 0.00735442
1238600.0 0.00783606
1240800.0 0.00813583
1243000.0 0.00724567
1245200.0 0.00756223
1247400.0 0.00591513
1249600.0 0.00231934
1251800.0 0.00000390
1254000.0 0.00000000
1256200.0 0.00038806
1258400.0 0.00437520
1260600.0 0.00829789
1262800.0 0.00907982
1265000.0 0.00432147
1267200.0 0.00000000
1269400.0 0.00575687
1271600.0 0.01324600
1273800.0 0.01557350
1276000.0 0.01433220
1278200.0 0.00012483
1280400.0 0.00892108
1282600.0 0.01972220
1284800.0 0.02340840
1287000.0 0.02547210
1289200.0 0.02694580
1291400.0 0.02718910
1293600.0 0.00976646
1295800.0 0.03095440
1298000.0 0.03182380
1300200.0 0.03262360
1302400.0 0.03142600
1304600.0 0.03367140
1306800.0 0.03492670
1309000.0 0.03605850
1311200.0 0.03557850
1313400.0 0.03697470
1315600.0 0.03364060
1317800.0 0.02685320
1320000.0 0.01155870
1322200.0 0.00001541
1324400.0 0.00000000
1326600.0 0.00112253
1328800.0 0.02116300
1331000.0 0.03718490
1333200.0 0.05328410
1335400.0 0.02672320
1337600.0 0.05904270
1339800.0 0.07059110
1342000.0 0.06729330
1344200.0 0.05148990
1346400.0 0.01416190
1348600.0 0.00000000
1350800.0 0.00005449
1353000.0 0.02715060
1355200.0 0.06546630
1357400.0 0.07953880
1359600.0 0.06711020
1361800.0 0.01545450
1364000.0 0.00000000
1366200.0 0.00000000
1368400.0 0.03327230
1370600.0 0.09424310
1372800.0 0.12556800
1375000.0 0.13407000
1377200.0 0.08180940
1379400.0 0.07705050
1381600.0 0.01371340
1383800.0 0.00000000
1386000.0 0.00000000
1388200.0 0.00241073
1390400.0 0.04372240
1392600.0 0.14455900
1394800.0 0.20375500
1397000.0 0.25976000
1399200.0 0.29325200
1401400.0 0.33945200
1403600.0 0.32124200
1405800.0 0.39193100
1408000.0 0.41051800
1410200.0 0.42665900
1412400.0 0.39402800
1414600.0 0.45868200
1416800.0 0.43769000
1419000.0 0.47862200
1421200.0 0.49323100
1423400.0 0.50663300
1425600.0 0.50674500
1427800.0 0.46794900
1430000.0 0.31131500
1432200.0 0.18571700
1434400.0 0.51223900
1436600.0 0.51592700
1438800.0 0.49067700
1441000.0 0.40724500
1443200.0 0.02545030
1445400.0 0.00000000
1447600.0 0.19746500
1449800.0 0.43596400
1452000.0 0.46146000
1454200.0 0.54914100
1456400.0 0.56424800
1458600.0 0.56538600
1460800.0 0.33128400
1463000.0 0.50034900
1465200.0 0.38127800
1467400.0 0.05876220
1469600.0 0.00000000
1471800.0 0.20289400
1474000.0 0.42935900
1476200.0 0.51895400
1478400.0 0.56562700
1480600.0 0.60852900
1482800.0 0.60865500
1485000.0 0.58547300
1487200.0 0.06655440
1489400.0 0.59907700
1491600.0 0.20830300
1493800.0 0.65165300
1496000.0 0.65709300
1498200.0 0.66305500
1500400.0 0.66575300
1502600.0 0.66547700
1504800.0 0.66417700
1507000.0 0.65723300
1509200.0 0.59665200
1511400.0 0.22049000
1513600.0 0.64520900
1515800.0 0.63005300
1518000.0 0.64364400
1520200.0 0.64095300
1522400.0 0.64334400
1524600.0 0.38126400
1526800.0 0.67553400
1529000.0 0.66985800
1531200.0 0.67928900
1533400.0 0.68076900
1535600.0 0.09928960
1537800.0 0.65074200
1540000.0 0.65971500
1542200.0 0.26965700
1544400.0 0.62116300
1546600.0 0.62891400
1548800.0 0.60153600
1551000.0 0.56734600
1553200.0 0.49974400
1555400.0 0.04082450
1557600.0 0.19803500
1559800.0 0.00980689
1562000.0 0.00000000
1564200.0 0.00541100
1566400.0 0.22386900
1568600.0 0.42657400
1570800.0 0.51272700
1573000.0 0.56565200
1575200.0 0.60081900
1577400.0 0.62490600
1579600.0 0.62652700
1581800.0 0.60928800
1584000.0 0.59648600
1586200.0 0.65054100
1588400.0 0.64794100
1590600.0 0.45126500
1592800.0 0.60170600
1595000.0 0.55707800
1597200.0 0.01684910
1599400.0 0.37472900
1601600.0 0.12389100
1603800.0 0.00000000
1606000.0 0.00000000
1608200.0 0.09021160
1610400.0 0.35336400
1612600.0 0.33487600
1614800.0 0.57269800
1617000.0 0.60898600
1619200.0 0.57440800
1621400.0 0.64820800
1623600.0 0.65778700
1625800.0 0.61916800
1628000.0 0.66292500
1630200.0 0.67720200
1632400.0 0.68876600
1634600.0 0.60334800
1636800.0 0.68423500
1639000.0 0.67700100
1641200.0 0.14343300
1643400.0 0.65420800
1645600.0 0.64165000
1647800.0 0.60178300
1650000.0 0.01423660
1652200.0 0.44883700
1654400.0 0.00003775
1656600.0 0.51494700
1658800.0 0.56569800
1661000.0 0.55883500
1663200.0 0.41626700
1665400.0 0.29823100
1667600.0 0.00005611
1669800.0 0.00000000
1672000.0 0.08953700
1674200.0 0.39793400
1676400.0 0.48925900
1678600.0 0.51775300
1680800.0 0.52662100
1683000.0 0.53278600
1685200.0 0.33081000
1687400.0 0.40758700
1689600.0 0.50975800
1691800.0 0.48166100
1694000.0 0.45491500
1696200.0 0.33389700
1698400.0 0.27026300
1700600.0 0.00172379
1702800.0 0.06421980
1705000.0 0.05066250
1707200.0 0.35858800
1709400.0 0.34429300
1711600.0 0.02718280
1713800.0 0.35504300
1716000.0 0.35834500
1718200.0 0.33624500
1720400.0 0.15162100
1722600.0 0.29131600
1724800.0 0.27309000
1727000.0 0.24545000
1729200.0 0.21386300
1731400.0 0.17562200
1733600.0 0.13077700
1735800.0 0.08194220
1738000.0 0.03522730
1740200.0 0.00526873
1742400.0 0.00000000
1744600.0 0.00000000
1746800.0 0.00000000
1749000.0 0.00000000
1751200.0 0.00046491
1753400.0 0.01201320
1755600.0 0.03839420
1757800.0 0.05829750
1760000.0 0.08648850
1762200.0 0.08701380
1764400.0 0.09670630
1766600.0 0.09596940
1768800.0 0.11053200
1771000.0 0.06799600
1773200.0 0.09992620
1775400.0 0.08934150
1777600.0 0.07574840
1779800.0 0.05911630
1782000.0 0.04211690
1784200.0 0.02108250
1786400.0 0.00875202
1788600.0 0.00101571
1790800.0 0.00000000
1793000.0 0.00000000
1795200.0 0.00000000
1797400.0 0.00000000
1799600.0 0.00000000
1801800.0 0.00000000
1804000.0 0.00000000
1806200.0 0.00000000
1808400.0 0.00007731
1810600.0 0.00126368
1812800.0 0.01326160
1815000.0 0.02341110
1817200.0 0.00239798
1819400.0 0.03627420
1821600.0 0.04290150
1823800.0 0.04735780
1826000.0 0.04382070
1828200.0 0.05252720
1830400.0 0.05344070
1832600.0 0.05264850
1834800.0 0.04088280
1837000.0 0.04783360
1839200.0 0.04999570
1841400.0 0.04836940
1843600.0 0.04444660
1845800.0 0.04432990
1848000.0 0.04363590
1850200.0 0.04179460
1852400.0 0.03971430
1854600.0 0.03723300
1856800.0 0.03616030
1859000.0 0.03385980
1861200.0 0.03068490
1863400.0 0.02524170
1865600.0 0.01447430
1867800.0 0.00370058
1870000.0 0.00000000
1872200.0 0.00000000
1874400.0 0.00322760
1876600.0 0.01364220
1878800.0 0.01936080
1881000.0 0.01958610
1883200.0 0.00000204
1885400.0 0.01503240
1887600.0 0.02304720
1889800.0 0.02373950
1892000.0 0.02382770
1894200.0 0.02187310
1896400.0 0.00965427
1898600.0 0.01803760
1900800.0 0.02014810
1903000.0 0.02166200
1905200.0 0.02155790
1907400.0 0.02154830
1909600.0 0.02087450
1911800.0 0.02008710
1914000.0 0.01903480
1916200.0 0.01926890
1918400.0 0.01902490
1920600.0 0.01850250
1922800.0 0.01798240
1925000.0 0.01676400
1927200.0 0.01720660
1929400.0 0.01680640
1931600.0 0.01632330
1933800.0 0.01577800
1936000.0 0.01491450
1938200.0 0.01474240
1940400.0 0.01401830
1942600.0 0.01229080
1944800.0 0.00684628
1947000.0 0.01239320
1949200.0 0.01246640
1951400.0 0.01226990
1953600.0 0.01217340
1955800.0 0.01149040
1958000.0 0.00486105
1960200.0 0.01056420
1962400.0 0.01093970
1964600.0 0.00652138
1966800.0 0.00655987
1969000.0 0.01024260
1971200.0 0.01052760
1973400.0 0.01013570
1975600.0 0.00985732
1977800.0 0.00951625
1980000.0 0.00937703
1982200.0 0.00878515
1984400.0 0.00864015
1986600.0 0.00837487
1988800.0 0.00748609
1991000.0 0.00783856
1993200.0 0.00779912
1995400.0 0.00772543
1997600.0 0.00754109
1999800.0 0.00716536
2002000.0 0.00712116
2004200.0 0.00728480
2006400.0 0.00735468
2008600.0 0.00726477
2010800.0 0.00696736
2013000.0 0.00768536
2015200.0 0.00761494
2017400.0 0.00717831
2019600.0 0.00709340
2021800.0 0.00440527
2024000.0 0.00463762
2026200.0 0.00676616
2028400.0 0.00687969
2030600.0 0.00687434
2032800.0 0.00680499
2035000.0 0.00670142
2037200.0 0.00657070
2039400.0 0.00613779
2041600.0 0.00411631
2043800.0 0.00000000
2046000.0 0.00380016
2048200.0 0.00583072
2050400.0 0.00607311
2052600.0 0.00599618
2054800.0 0.00582582
2057000.0 0.00534874
2059200.0 0.00549177
2061400.0 0.00541446
2063600.0 0.00530802
2065800.0 0.00520223
2068000.0 0.00487036
2070200.0 0.00493829
2072400.0 0.00481843
2074600.0 0.00463462
2076800.0 0.00433580
2079000.0 0.00416431
2081200.0 0.00293630
2083400.0 0.00310114
2085600.0 0.00408922
2087800.0 0.00390187
2090000.0 0.00392680
2092200.0 0.00382601
2094400.0 0.00360225
2096600.0 0.00369873
2098800.0 0.00366606
2101000.0 0.00340460
2103200.0 0.00256428
