1720800.0 0.00150643
1723400.0 0.00169272
1726000.0 0.00181480
1728600.0 0.00184404
1731200.0 0.00171256
1733800.0 0.00142969
1736400.0 0.00081996
1739000.0 0.00027773
1741600.0 0.00000547
1744200.0 0.00000000
1746800.0 0.00000000
1749400.0 0.00000000
1752000.0 0.00007922
1754600.0 0.00096013
1757200.0 0.00228905
1759800.0 0.00418960
1762400.0 0.00330962
1765000.0 0.00403959
1767600.0 0.00772338
1770200.0 0.00850656
1772800.0 0.00899039
1775400.0 0.00887263
1778000.0 0.00809259
1780600.0 0.00659512
1783200.0 0.00413225
1785800.0 0.00188363
1788400.0 0.00023891
1791000.0 0.00000000
1793600.0 0.00000000
1796200.0 0.00000000
1798800.0 0.00000000
1801400.0 0.00000000
1804000.0 0.00000000
1806600.0 0.00000000
1809200.0 0.00018915
1811800.0 0.00284735
1814400.0 0.00860312
1817000.0 0.00423684
1819600.0 0.01758240
1822200.0 0.02283240
1824800.0 0.02296370
1827400.0 0.03084810
1830000.0 0.03449910
1832600.0 0.03736640
1835200.0 0.02623540
1837800.0 0.03571410
1840400.0 0.04709470
1843000.0 0.04891540
1845600.0 0.05113320
1848200.0 0.05507950
1850800.0 0.05527010
1853400.0 0.04960430
1856000.0 0.06022730
1858600.0 0.06029060
1861200.0 0.05727530
1863800.0 0.04704990
1866400.0 0.02182190
1869000.0 0.00039892
1871600.0 0.00000000
1874200.0 0.00656354
1876800.0 0.04398860
1879400.0 0.06768940
1882000.0 0.05528100
1884600.0 0.00476815
1887200.0 0.09678690
1889800.0 0.10934600
1892400.0 0.11706400
1895000.0 0.05226220
1897600.0 0.10483200
1900200.0 0.09665700
1902800.0 0.14073300
1905400.0 0.15036600
1908000.0 0.15796100
1910600.0 0.16725500
1913200.0 0.00662147
1915800.0 0.18324200
1918400.0 0.19326700
1921000.0 0.19563500
1923600.0 0.17450200
1926200.0 0.21122700
1928800.0 0.22923500
1931400.0 0.23893000
1934000.0 0.24891400
1936600.0 0.25804900
1939200.0 0.26835200
1941800.0 0.26845800
1944400.0 0.01514020
1947000.0 0.29394400
1949600.0 0.31471500
1952200.0 0.32897300
1954800.0 0.33545900
1957400.0 0.26913200
1960000.0 0.31623600
1962600.0 0.34774300
1965200.0 0.03052150
1967800.0 0.33889500
1970400.0 0.40080400
1973000.0 0.42225900
1975600.0 0.42767700
1978200.0 0.44234900
1980800.0 0.45111100
1983400.0 0.46719600
1986000.0 0.48061000
1988600.0 0.46259800
1991200.0 0.48860800
1993800.0 0.51310900
1996400.0 0.51994400
1999000.0 0.50608900
2001600.0 0.49665600
2004200.0 0.52110500
2006800.0 0.52097100
2009400.0 0.48297700
2012000.0 0.54734400
2014600.0 0.54888500
2017200.0 0.55692200
2019800.0 0.54294100
2022400.0 0.04152960
2025000.0 0.52236700
2027600.0 0.58062400
2030200.0 0.58627100
2032800.0 0.58587000
2035400.0 0.55457200
2038000.0 0.55538300
2040600.0 0.46914000
2043200.0 0.00159625
2045800.0 0.28833500
2048400.0 0.53821500
2051000.0 0.58598400
2053600.0 0.60292200
2056200.0 0.60662000
2058800.0 0.60100300
2061400.0 0.61396900
2064000.0 0.61432100
2066600.0 0.60684000
2069200.0 0.61277600
2071800.0 0.60931600
2074400.0 0.60513000
2077000.0 0.58345300
2079600.0 0.51417700
2082200.0 0.55061100
2084800.0 0.59644100
2087400.0 0.56802900
2090000.0 0.59523500
2092600.0 0.57288800
2095200.0 0.57234800
2097800.0 0.56498300
2100400.0 0.53553300
2103000.0 0.42243200
2105600.0 0.00005724
2108200.0 0.34541300
2110800.0 0.43052900
2113400.0 0.37114200
2116000.0 0.27644100
2118600.0 0.14653400
2121200.0 0.01441800
2123800.0 0.00000000
2126400.0 0.00000000
2129000.0 0.00826835
2131600.0 0.00000000
2134200.0 0.25263900
2136800.0 0.29599900
2139400.0 0.43254500
2142000.0 0.45306400
2144600.0 0.11893700
2147200.0 0.41517900
2149800.0 0.35878800
2152400.0 0.46876400
2155000.0 0.50653800
2157600.0 0.53168600
2160200.0 0.57144600
2162800.0 0.56622100
2165400.0 0.57571200
2168000.0 0.57342000
2170600.0 0.54892800
2173200.0 0.35930000
2175800.0 0.56571100
2178400.0 0.57852100
2181000.0 0.58147200
2183600.0 0.55962200
2186200.0 0.57819200
2188800.0 0.54038800
2191400.0 0.56966000
2194000.0 0.56768500
2196600.0 0.53266800
2199200.0 0.02143700
2201800.0 0.53732500
2204400.0 0.56168100
2207000.0 0.56224600
2209600.0 0.44656300
2212200.0 0.56023800
2214800.0 0.55904900
2217400.0 0.56197400
2220000.0 0.55752800
2222600.0 0.55562700
2225200.0 0.55521700
2227800.0 0.53162100
2230400.0 0.53828900
2233000.0 0.36969000
2235600.0 0.54211300
2238200.0 0.54452000
2240800.0 0.54451100
2243400.0 0.54047300
2246000.0 0.53735800
2248600.0 0.53374200
2251200.0 0.45173400
2253800.0 0.51984900
2256400.0 0.51643900
2259000.0 0.50567900
2261600.0 0.48441600
2264200.0 0.42567400
2266800.0 0.09199360
2269400.0 0.26100500
2272000.0 0.39135400
2274600.0 0.46566400
2277200.0 0.45444100
2279800.0 0.11100000
2282400.0 0.37226500
2285000.0 0.47066700
2287600.0 0.47286800
2290200.0 0.47940900
2292800.0 0.47244400
2295400.0 0.31409000
2298000.0 0.46835900
2300600.0 0.47602400
2303200.0 0.47309100
2305800.0 0.46964500
2308400.0 0.46071300
2311000.0 0.43829700
2313600.0 0.39021200
2316200.0 0.45416500
2318800.0 0.45565100
2321400.0 0.44829500
2324000.0 0.44816300
2326600.0 0.44002200
2329200.0 0.40633000
2331800.0 0.43128600
2334400.0 0.42525700
2337000.0 0.41621900
2339600.0 0.36527100
2342200.0 0.40424400
2344800.0 0.34810400
2347400.0 0.38491100
2350000.0 0.39765200
2352600.0 0.39243700
2355200.0 0.38590900
2357800.0 0.38007800
2360400.0 0.33444200
2363000.0 0.37193200
2365600.0 0.35923000
2368200.0 0.35548400
2370800.0 0.32733300
2373400.0 0.34333200
2376000.0 0.33440800
2378600.0 0.32083500
2381200.0 0.30059300
2383800.0 0.23695800
2386400.0 0.00006240
2389000.0 0.06886870
2391600.0 0.24927000
2394200.0 0.27188400
2396800.0 0.27815700
2399400.0 0.21033300
2402000.0 0.26695500
2404600.0 0.25707500
2407200.0 0.15397800
2409800.0 0.24235600
2412400.0 0.23494800
2415000.0 0.22657500
2417600.0 0.21669100
2420200.0 0.20351500
2422800.0 0.18356300
2425400.0 0.16358300
2428000.0 0.12518600
2430600.0 0.09831900
2433200.0 0.04704220
2435800.0 0.00174610
2438400.0 0.00000000
2441000.0 0.00000000
2443600.0 0.00331333
2446200.0 0.03894500
2448800.0 0.07679260
2451400.0 0.09957290
2454000.0 0.11125900
2456600.0 0.07040250
2459200.0 0.11804800
2461800.0 0.11439400
2464400.0 0.10775800
2467000.0 0.09339930
2469600.0 0.00514924
2472200.0 0.03796390
2474800.0 0.02910180
2477400.0 0.01227940
2480000.0 0.00003085
2482600.0 0.00000000
2485200.0 0.00016871
2487800.0 0.01407110
2490400.0 0.03787280
2493000.0 0.05667290
2495600.0 0.06418620
2498200.0 0.06840790
2500800.0 0.06174580
2503400.0 0.06571180
2506000.0 0.03725340
2508600.0 0.04462490
2511200.0 0.06581190
2513800.0 0.06577260
2516400.0 0.06364930
2519000.0 0.06192220
2521600.0 0.05484810
2524200.0 0.05781460
2526800.0 0.05571040
2529400.0 0.05249880
2532000.0 0.05007040
2534600.0 0.04632830
2537200.0 0.03764610
2539800.0 0.00313835
2542400.0 0.01718760
2545000.0 0.03467470
2547600.0 0.03512880
2550200.0 0.03296780
2552800.0 0.02966100
2555400.0 0.02536060
2558000.0 0.00806323
2560600.0 0.01559820
2563200.0 0.01149480
2565800.0 0.00642388
2568400.0 0.00206024
2571000.0 0.00019793
2573600.0 0.00000000
2576200.0 0.00000000
2578800.0 0.00000000
2581400.0 0.00000000
2584000.0 0.00000742
2586600.0 0.00056845
2589200.0 0.00130613
2591800.0 0.00352867
2594400.0 0.00261728
2597000.0 0.00016672
2599600.0 0.00000000
2602200.0 0.00004245
2604800.0 0.00316312
2607400.0 0.00752949
2610000.0 0.00929611
2612600.0 0.00402908
2615200.0 0.00510311
2617800.0 0.00543375
2620400.0 0.01381890
2623000.0 0.01432880
2625600.0 0.01438580
2628200.0 0.01421970
2630800.0 0.01395930
2633400.0 0.01347040
2636000.0 0.01163610
2638600.0 0.01092160
2641200.0 0.01225750
2643800.0 0.01174580
2646400.0 0.01155050
2649000.0 0.01126660
2651600.0 0.01088970
2654200.0 0.01047000
2656800.0 0.00980155
2659400.0 0.00783051
2662000.0 0.00885570
2664600.0 0.00820042
2667200.0 0.00725086
2669800.0 0.00570503
2672400.0 0.00210217
2675000.0 0.00000000
2677600.0 0.00147777
2680200.0 0.00294547
2682800.0 0.00206028
2685400.0 0.00085302
2688000.0 0.00005040
2690600.0 0.00000000
2693200.0 0.00000000
2695800.0 0.00000000
2698400.0 0.00016933
2701000.0 0.00096406
2703600.0 0.00176975
2706200.0 0.00234331
2708800.0 0.00250241
2711400.0 0.00239157
2714000.0 0.00199822
2716600.0 0.00141337
2719200.0 0.00075687
2721800.0 0.00022126
2724400.0 0.00002110
2727000.0 0.00000000
2729600.0 0.00000000
2732200.0 0.00000000
2734800.0 0.00000000
2737400.0 0.00000000
2740000.0 0.00003407
2742600.0 0.00028016
2745200.0 0.00074559
2747800.0 0.00122343
2750400.0 0.00152125
2753000.0 0.00094976
2755600.0 0.00000026
2758200.0 0.00054878
2760800.0 0.00234673
2763400.0 0.00275343
2766000.0 0.00316885
2768600.0 0.00333429
2771200.0 0.00342981
2773800.0 0.00338033
2776400.0 0.00339425
2779000.0 0.00351297
2781600.0 0.00289933
2784200.0 0.00350771
2786800.0 0.00349220
2789400.0 0.00349239
2792000.0 0.00329004
2794600.0 0.00346685
2797200.0 0.00341820
2799800.0 0.00331053
2802400.0 0.00143303
2805000.0 0.00313734
2807600.0 0.00311214
2810200.0 0.00305089
2812800.0 0.00299765
2815400.0 0.00294411
2818000.0 0.00286340
2820600.0 0.00268968
2823200.0 0.00183527
2825800.0 0.00006140
2828400.0 0.00222079
2831000.0 0.00094640
2833600.0 0.00251936
2836200.0 0.00253498
2838800.0 0.00263839
2841400.0 0.00270753
2844000.0 0.00274168
2846600.0 0.00275229
2849200.0 0.00271048
2851800.0 0.00266738
2854400.0 0.00257598
2857000.0 0.00251286
2859600.0 0.00245909
2862200.0 0.00247324
2864800.0 0.00239496
2867400.0 0.00241691
2870000.0 0.00133723
2872600.0 0.00246850
2875200.0 0.00247096
2877800.0 0.00245901
2880400.0 0.00244451
2883000.0 0.00243521
2885600.0 0.00242794
2888200.0 0.00236834
2890800.0 0.00225328
2893400.0 0.00170772
2896000.0 0.00222140
2898600.0 0.00223901
2901200.0 0.00222981
2903800.0 0.00215203
2906400.0 0.00219315
2909000.0 0.00214586
2911600.0 0.00175599
2914200.0 0.00011698
2916800.0 0.00032461
2919400.0 0.00055940
2922000.0 0.00155360
2924600.0 0.00177858
