# FOR_F054
# photon
# calib 0
# SOFIA FORCAST 5.4 micron in photons (SOFIA filter suite)


51340.5 0.00000
51345.5 0.00000
51350.5 0.00000
51355.5 0.00000
51360.5 0.00000
51365.5 0.00000
51370.5 0.00000
51375.5 0.00000
51380.5 0.00000
51385.5 0.00000
51390.5 0.00000
51395.5 0.00000
51400.5 0.00000
51405.5 0.00000
51410.5 0.00000
51415.5 0.00000
51420.5 0.00010
51425.5 0.00010
51430.5 0.00010
51435.5 0.00010
51440.5 0.00010
51445.5 0.00010
51450.5 0.00010
51455.5 0.00010
51460.5 0.00010
51465.5 0.00010
51470.5 0.00010
51475.5 0.00010
51480.5 0.00010
51485.5 0.00010
51490.5 0.00010
51495.5 0.00010
51500.5 0.00010
51505.5 0.00010
51510.5 0.00010
51515.5 0.00010
51520.5 0.00010
51525.5 0.00010
51530.5 0.00010
51535.5 0.00010
51540.5 0.00010
51545.5 0.00010
51550.5 0.00010
51555.5 0.00010
51560.5 0.00010
51565.5 0.00010
51570.5 0.00010
51575.5 0.00010
51580.5 0.00010
51585.5 0.00010
51590.5 0.00010
51595.5 0.00010
51600.5 0.00010
51605.5 0.00020
51610.5 0.00020
51615.5 0.00020
51620.5 0.00020
51625.5 0.00020
51630.5 0.00020
51635.5 0.00020
51640.5 0.00020
51645.5 0.00020
51650.5 0.00020
51655.5 0.00020
51660.5 0.00020
51665.5 0.00020
51670.5 0.00020
51675.5 0.00020
51680.5 0.00020
51685.5 0.00020
51690.5 0.00020
51695.5 0.00020
51700.5 0.00020
51705.5 0.00020
51710.5 0.00020
51715.5 0.00020
51720.5 0.00020
51725.5 0.00020
51730.5 0.00030
51735.5 0.00030
51740.5 0.00030
51745.5 0.00030
51750.5 0.00030
51755.5 0.00030
51760.5 0.00030
51765.5 0.00030
51770.5 0.00030
51775.5 0.00030
51780.5 0.00030
51785.5 0.00030
51790.5 0.00030
51795.5 0.00030
51800.5 0.00030
51805.5 0.00030
51810.5 0.00030
51815.5 0.00030
51820.5 0.00030
51825.5 0.00030
51830.5 0.00040
51835.5 0.00040
51840.5 0.00040
51845.5 0.00040
51850.5 0.00040
51855.5 0.00050
51860.5 0.00050
51865.5 0.00050
51870.5 0.00050
51875.5 0.00050
51880.5 0.00050
51885.5 0.00050
51890.5 0.00050
51895.5 0.00060
51900.5 0.00060
51905.5 0.00060
51910.5 0.00060
51915.5 0.00060
51920.5 0.00060
51925.5 0.00060
51930.5 0.00060
51935.5 0.00070
51940.5 0.00070
51945.5 0.00070
51950.5 0.00070
51955.5 0.00070
51960.5 0.00070
51965.5 0.00070
51970.5 0.00070
51975.5 0.00070
51980.5 0.00070
51985.5 0.00070
51990.5 0.00070
51995.5 0.00070
52000.5 0.00080
52005.5 0.00080
52010.5 0.00080
52015.5 0.00080
52020.5 0.00080
52025.5 0.00080
52030.5 0.00080
52035.5 0.00090
52040.5 0.00090
52045.5 0.00090
52050.5 0.00090
52055.5 0.00100
52060.5 0.00100
52065.5 0.00100
52070.5 0.00100
52075.5 0.00110
52080.5 0.00110
52085.5 0.00110
52090.5 0.00120
52095.5 0.00120
52100.5 0.00120
52105.5 0.00130
52110.5 0.00130
52115.5 0.00140
52120.5 0.00140
52125.5 0.00150
52130.5 0.00160
52135.5 0.00160
52140.5 0.00170
52145.5 0.00180
52150.5 0.00190
52155.5 0.00190
52160.5 0.00200
52165.5 0.00210
52170.5 0.00220
52175.5 0.00220
52180.5 0.00230
52185.5 0.00230
52190.5 0.00240
52195.5 0.00250
52200.5 0.00250
52205.5 0.00260
52210.5 0.00260
52215.5 0.00270
52220.5 0.00280
52225.5 0.00280
52230.5 0.00290
52235.5 0.00300
52240.5 0.00310
52245.5 0.00310
52250.5 0.00320
52255.5 0.00330
52260.5 0.00340
52265.5 0.00350
52270.5 0.00360
52275.5 0.00370
52280.5 0.00380
52285.5 0.00390
52290.5 0.00400
52295.5 0.00410
52300.5 0.00430
52305.5 0.00440
52310.5 0.00450
52315.5 0.00470
52320.5 0.00480
52325.5 0.00500
52330.5 0.00520
52335.5 0.00530
52340.5 0.00550
52345.5 0.00570
52350.5 0.00590
52355.5 0.00610
52360.5 0.00630
52365.5 0.00650
52370.5 0.00670
52375.5 0.00700
52380.5 0.00720
52385.5 0.00750
52390.5 0.00770
52395.5 0.00800
52400.5 0.00830
52405.5 0.00860
52410.5 0.00890
52415.5 0.00920
52420.5 0.00950
52425.5 0.00990
52430.5 0.01020
52435.5 0.01060
52440.5 0.01100
52445.5 0.01140
52450.5 0.01180
52455.5 0.01220
52460.5 0.01260
52465.5 0.01310
52470.5 0.01350
52475.5 0.01400
52480.5 0.01450
52485.5 0.01510
52490.5 0.01560
52495.5 0.01620
52500.5 0.01670
52505.5 0.01730
52510.5 0.01800
52515.5 0.01860
52520.5 0.01930
52525.5 0.02000
52530.5 0.02070
52535.5 0.02140
52540.5 0.02220
52545.5 0.02300
52550.5 0.02380
52555.5 0.02460
52560.5 0.02550
52565.5 0.02640
52570.5 0.02730
52575.5 0.02830
52580.5 0.02930
52585.5 0.03030
52590.5 0.03140
52595.5 0.03250
52600.5 0.03370
52605.5 0.03490
52610.5 0.03610
52615.5 0.03740
52620.5 0.03870
52625.5 0.04000
52630.5 0.04140
52635.5 0.04280
52640.5 0.04430
52645.5 0.04580
52650.5 0.04730
52655.5 0.04890
52660.5 0.05050
52665.5 0.05210
52670.5 0.05380
52675.5 0.05550
52680.5 0.05730
52685.5 0.05900
52690.5 0.06080
52695.5 0.06270
52700.5 0.06450
52705.5 0.06640
52710.5 0.06830
52715.5 0.07020
52720.5 0.07220
52725.5 0.07420
52730.5 0.07620
52735.5 0.07820
52740.5 0.08020
52745.5 0.08220
52750.5 0.08430
52755.5 0.08640
52760.5 0.08840
52765.5 0.09050
52770.5 0.09260
52775.5 0.09470
52780.5 0.09670
52785.5 0.09870
52790.5 0.10070
52795.5 0.10260
52800.5 0.10440
52805.5 0.10620
52810.5 0.10790
52815.5 0.10960
52820.5 0.11120
52825.5 0.11270
52830.5 0.11420
52835.5 0.11560
52840.5 0.11700
52845.5 0.11830
52850.5 0.11960
52855.5 0.12090
52860.5 0.12210
52865.5 0.12330
52870.5 0.12440
52875.5 0.12560
52880.5 0.12660
52885.5 0.12770
52890.5 0.12870
52895.5 0.12970
52900.5 0.13060
52905.5 0.13150
52910.5 0.13230
52915.5 0.13310
52920.5 0.13380
52925.5 0.13450
52930.5 0.13510
52935.5 0.13570
52940.5 0.13630
52945.5 0.13680
52950.5 0.13730
52955.5 0.13770
52960.5 0.13800
52965.5 0.13830
52970.5 0.13860
52975.5 0.13880
52980.5 0.13890
52985.5 0.13910
52990.5 0.13920
52995.5 0.13920
53000.5 0.13920
53005.5 0.13920
53010.5 0.13920
53015.5 0.13920
53020.5 0.13920
53025.5 0.13910
53030.5 0.13900
53035.5 0.13900
53040.5 0.13890
53045.5 0.13880
53050.5 0.13870
53055.5 0.13870
53060.5 0.13860
53065.5 0.13850
53070.5 0.13840
53075.5 0.13840
53080.5 0.13830
53085.5 0.13830
53090.5 0.13820
53095.5 0.13820
53100.5 0.13820
53105.5 0.13820
53110.5 0.13810
53115.5 0.13810
53120.5 0.13810
53125.5 0.13810
53130.5 0.13810
53135.5 0.13810
53140.5 0.13800
53145.5 0.13800
53150.5 0.13800
53155.5 0.13800
53160.5 0.13800
53165.5 0.13800
53170.5 0.13800
53175.5 0.13800
53180.5 0.13800
53185.5 0.13810
53190.5 0.13810
53195.5 0.13820
53200.5 0.13820
53205.5 0.13830
53210.5 0.13840
53215.5 0.13850
53220.5 0.13870
53225.5 0.13880
53230.5 0.13890
53235.5 0.13910
53240.5 0.13930
53245.5 0.13940
53250.5 0.13960
53255.5 0.13980
53260.5 0.14000
53265.5 0.14020
53270.5 0.14050
53275.5 0.14070
53280.5 0.14090
53285.5 0.14120
53290.5 0.14140
53295.5 0.14170
53300.5 0.14190
53305.5 0.14220
53310.5 0.14250
53315.5 0.14270
53320.5 0.14300
53325.5 0.14330
53330.5 0.14360
53335.5 0.14380
53340.5 0.14410
53345.5 0.14440
53350.5 0.14470
53355.5 0.14500
53360.5 0.14530
53365.5 0.14550
53370.5 0.14580
53375.5 0.14610
53380.5 0.14640
53385.5 0.14660
53390.5 0.14690
53395.5 0.14720
53400.5 0.14740
53405.5 0.14760
53410.5 0.14790
53415.5 0.14810
53420.5 0.14830
53425.5 0.14850
53430.5 0.14880
53435.5 0.14900
53440.5 0.14920
53445.5 0.14940
53450.5 0.14970
53455.5 0.14990
53460.5 0.15020
53465.5 0.15040
53470.5 0.15070
53475.5 0.15090
53480.5 0.15120
53485.5 0.15150
53490.5 0.15170
53495.5 0.15190
53500.5 0.15220
53505.5 0.15240
53510.5 0.15260
53515.5 0.15270
53520.5 0.15290
53525.5 0.15300
53530.5 0.15310
53535.5 0.15320
53540.5 0.15330
53545.5 0.15330
53550.5 0.15340
53555.5 0.15340
53560.5 0.15340
53565.5 0.15340
53570.5 0.15340
53575.5 0.15340
53580.5 0.15340
53585.5 0.15340
53590.5 0.15340
53595.5 0.15340
53600.5 0.15340
53605.5 0.15330
53610.5 0.15330
53615.5 0.15330
53620.5 0.15330
53625.5 0.15320
53630.5 0.15320
53635.5 0.15320
53640.5 0.15310
53645.5 0.15310
53650.5 0.15310
53655.5 0.15310
53660.5 0.15300
53665.5 0.15300
53670.5 0.15300
53675.5 0.15290
53680.5 0.15290
53685.5 0.15290
53690.5 0.15280
53695.5 0.15280
53700.5 0.15270
53705.5 0.15270
53710.5 0.15260
53715.5 0.15260
53720.5 0.15250
53725.5 0.15240
53730.5 0.15240
53735.5 0.15230
53740.5 0.15220
53745.5 0.15220
53750.5 0.15210
53755.5 0.15200
53760.5 0.15190
53765.5 0.15180
53770.5 0.15180
53775.5 0.15170
53780.5 0.15160
53785.5 0.15150
53790.5 0.15140
53795.5 0.15130
53800.5 0.15130
53805.5 0.15120
53810.5 0.15110
53815.5 0.15100
53820.5 0.15090
53825.5 0.15080
53830.5 0.15070
53835.5 0.15060
53840.5 0.15050
53845.5 0.15040
53850.5 0.15020
53855.5 0.15010
53860.5 0.14990
53865.5 0.14970
53870.5 0.14960
53875.5 0.14940
53880.5 0.14930
53885.5 0.14910
53890.5 0.14890
53895.5 0.14880
53900.5 0.14870
53905.5 0.14860
53910.5 0.14850
53915.5 0.14840
53920.5 0.14830
53925.5 0.14820
53930.5 0.14810
53935.5 0.14810
53940.5 0.14800
53945.5 0.14790
53950.5 0.14780
53955.5 0.14770
53960.5 0.14760
53965.5 0.14750
53970.5 0.14730
53975.5 0.14720
53980.5 0.14700
53985.5 0.14680
53990.5 0.14660
53995.5 0.14640
54000.5 0.14630
54005.5 0.14610
54010.5 0.14590
54015.5 0.14570
54020.5 0.14550
54025.5 0.14530
54030.5 0.14510
54035.5 0.14490
54040.5 0.14460
54045.5 0.14440
54050.5 0.14410
54055.5 0.14390
54060.5 0.14360
54065.5 0.14320
54070.5 0.14280
54075.5 0.14240
54080.5 0.14200
54085.5 0.14150
54090.5 0.14100
54095.5 0.14040
54100.5 0.13990
54105.5 0.13930
54110.5 0.13880
54115.5 0.13820
54120.5 0.13760
54125.5 0.13700
54130.5 0.13640
54135.5 0.13580
54140.5 0.13520
54145.5 0.13460
54150.5 0.13400
54155.5 0.13330
54160.5 0.13260
54165.5 0.13180
54170.5 0.13100
54175.5 0.13010
54180.5 0.12910
54185.5 0.12810
54190.5 0.12690
54195.5 0.12570
54200.5 0.12440
54205.5 0.12300
54210.5 0.12160
54215.5 0.12010
54220.5 0.11860
54225.5 0.11710
54230.5 0.11550
54235.5 0.11400
54240.5 0.11240
54245.5 0.11090
54250.5 0.10930
54255.5 0.10780
54260.5 0.10630
54265.5 0.10470
54270.5 0.10320
54275.5 0.10170
54280.5 0.10020
54285.5 0.09870
54290.5 0.09720
54295.5 0.09580
54300.5 0.09430
54305.5 0.09290
54310.5 0.09140
54315.5 0.09000
54320.5 0.08850
54325.5 0.08710
54330.5 0.08570
54335.5 0.08420
54340.5 0.08280
54345.5 0.08140
54350.5 0.07990
54355.5 0.07850
54360.5 0.07700
54365.5 0.07550
54370.5 0.07400
54375.5 0.07250
54380.5 0.07100
54385.5 0.06950
54390.5 0.06800
54395.5 0.06660
54400.5 0.06510
54405.5 0.06360
54410.5 0.06210
54415.5 0.06060
54420.5 0.05910
54425.5 0.05770
54430.5 0.05620
54435.5 0.05480
54440.5 0.05340
54445.5 0.05200
54450.5 0.05060
54455.5 0.04930
54460.5 0.04800
54465.5 0.04670
54470.5 0.04550
54475.5 0.04430
54480.5 0.04310
54485.5 0.04200
54490.5 0.04090
54495.5 0.03990
54500.5 0.03890
54505.5 0.03790
54510.5 0.03690
54515.5 0.03600
54520.5 0.03500
54525.5 0.03410
54530.5 0.03320
54535.5 0.03240
54540.5 0.03150
54545.5 0.03070
54550.5 0.02990
54555.5 0.02910
54560.5 0.02840
54565.5 0.02760
54570.5 0.02690
54575.5 0.02620
54580.5 0.02550
54585.5 0.02490
54590.5 0.02420
54595.5 0.02360
54600.5 0.02300
54605.5 0.02240
54610.5 0.02180
54615.5 0.02120
54620.5 0.02060
54625.5 0.02000
54630.5 0.01940
54635.5 0.01890
54640.5 0.01830
54645.5 0.01770
54650.5 0.01710
54655.5 0.01650
54660.5 0.01590
54665.5 0.01530
54670.5 0.01470
54675.5 0.01420
54680.5 0.01370
54685.5 0.01320
54690.5 0.01270
54695.5 0.01230
54700.5 0.01190
54705.5 0.01150
54710.5 0.01120
54715.5 0.01100
54720.5 0.01070
54725.5 0.01050
54730.5 0.01030
54735.5 0.01010
54740.5 0.00990
54745.5 0.00970
54750.5 0.00950
54755.5 0.00930
54760.5 0.00900
54765.5 0.00880
54770.5 0.00860
54775.5 0.00830
54780.5 0.00810
54785.5 0.00780
54790.5 0.00750
54795.5 0.00730
54800.5 0.00710
54805.5 0.00680
54810.5 0.00660
54815.5 0.00640
54820.5 0.00620
54825.5 0.00600
54830.5 0.00590
54835.5 0.00570
54840.5 0.00560
54845.5 0.00540
54850.5 0.00530
54855.5 0.00520
54860.5 0.00500
54865.5 0.00490
54870.5 0.00480
54875.5 0.00470
54880.5 0.00450
54885.5 0.00440
54890.5 0.00430
54895.5 0.00420
54900.5 0.00400
54905.5 0.00390
54910.5 0.00380
54915.5 0.00370
54920.5 0.00360
54925.5 0.00350
54930.5 0.00340
54935.5 0.00330
54940.5 0.00320
54945.5 0.00310
54950.5 0.00310
54955.5 0.00300
54960.5 0.00290
54965.5 0.00290
54970.5 0.00280
54975.5 0.00270
54980.5 0.00270
54985.5 0.00260
54990.5 0.00250
54995.5 0.00250
55000.5 0.00240
55005.5 0.00230
55010.5 0.00230
55015.5 0.00220
55020.5 0.00210
55025.5 0.00210
55030.5 0.00200
55035.5 0.00190
55040.5 0.00190
55045.5 0.00180
55050.5 0.00180
55055.5 0.00180
55060.5 0.00170
55065.5 0.00170
55070.5 0.00170
55075.5 0.00170
55080.5 0.00160
55085.5 0.00160
55090.5 0.00160
55095.5 0.00160
55100.5 0.00160
55105.5 0.00150
55110.5 0.00150
55115.5 0.00150
55120.5 0.00140
55125.5 0.00140
55130.5 0.00140
55135.5 0.00130
55140.5 0.00130
55145.5 0.00120
55150.5 0.00120
55155.5 0.00120
55160.5 0.00110
55165.5 0.00110
55170.5 0.00110
55175.5 0.00110
55180.5 0.00110
55185.5 0.00100
55190.5 0.00100
55195.5 0.00100
55200.5 0.00100
55205.5 0.00100
55210.5 0.00100
55215.5 0.00100
55220.5 0.00100
55225.5 0.00100
55230.5 0.00090
55235.5 0.00090
55240.5 0.00090
55245.5 0.00090
55250.5 0.00090
55255.5 0.00080
55260.5 0.00080
55265.5 0.00080
55270.5 0.00080
55275.5 0.00080
55280.5 0.00070
55285.5 0.00070
55290.5 0.00070
55295.5 0.00070
55300.5 0.00070
55305.5 0.00070
55310.5 0.00070
55315.5 0.00070
55320.5 0.00070
55325.5 0.00070
55330.5 0.00070
55335.5 0.00060
55340.5 0.00060
55345.5 0.00060
55350.5 0.00060
55355.5 0.00060
55360.5 0.00050
55365.5 0.00050
55370.5 0.00050
55375.5 0.00050
55380.5 0.00040
55385.5 0.00040
55390.5 0.00040
55395.5 0.00040
55400.5 0.00030
55405.5 0.00030
55410.5 0.00030
55415.5 0.00030
55420.5 0.00030
55425.5 0.00030
55430.5 0.00030
55435.5 0.00030
55440.5 0.00030
55445.5 0.00030
55450.5 0.00030
55455.5 0.00030
55460.5 0.00030
55465.5 0.00030
55470.5 0.00030
55475.5 0.00020
55480.5 0.00020
55485.5 0.00020
55490.5 0.00020
55495.5 0.00020
55500.5 0.00020
55505.5 0.00020
55510.5 0.00020
55515.5 0.00020
55520.5 0.00020
55525.5 0.00020
55530.5 0.00020
55535.5 0.00020
55540.5 0.00020
55545.5 0.00020
55550.5 0.00020
55555.5 0.00020
55560.5 0.00020
55565.5 0.00020
55570.5 0.00020
55575.5 0.00020
55580.5 0.00020
55585.5 0.00020
55590.5 0.00020
55595.5 0.00010
55600.5 0.00010
55605.5 0.00010
55610.5 0.00010
55615.5 0.00010
55620.5 0.00010
55625.5 0.00010
55630.5 0.00000
55635.5 0.00000
55640.5 0.00000
55645.5 0.00000
55650.5 0.00000
55655.5 0.00000
55660.5 0.00010
55665.5 0.00010
55670.5 0.00010
55675.5 0.00010
55680.5 0.00010
55685.5 0.00010
55690.5 0.00010
55695.5 0.00010
55700.5 0.00010
55705.5 0.00010
55710.5 0.00010
55715.5 0.00010
55720.5 0.00010
55725.5 0.00010
55730.5 0.00010
55735.5 0.00010
55740.5 0.00010
55745.5 0.00010
55750.5 0.00010
55755.5 0.00010
55760.5 0.00010
55765.5 0.00010
55770.5 0.00010
55775.5 0.00010
55780.5 0.00010
55785.5 0.00010
55790.5 0.00010
55795.5 0.00010
55800.5 0.00010
55805.5 0.00010
55810.5 0.00010
55815.5 0.00010
