61878.5 0.00020
61883.5 0.00020
61888.5 0.00030
61893.5 0.00030
61898.5 0.00040
61903.5 0.00040
61908.5 0.00050
61913.5 0.00050
61918.5 0.00050
61923.5 0.00060
61928.5 0.00060
61933.5 0.00060
61938.5 0.00060
61943.5 0.00060
61948.5 0.00060
61953.5 0.00060
61958.5 0.00060
61963.5 0.00060
61968.5 0.00060
61973.5 0.00060
61978.5 0.00060
61983.5 0.00060
61988.5 0.00060
61993.5 0.00060
61998.5 0.00060
62003.5 0.00060
62008.5 0.00050
62013.5 0.00050
62018.5 0.00050
62023.5 0.00050
62028.5 0.00060
62033.5 0.00060
62038.5 0.00060
62043.5 0.00060
62048.5 0.00060
62053.5 0.00070
62058.5 0.00070
62063.5 0.00070
62068.5 0.00080
62073.5 0.00080
62078.5 0.00080
62083.5 0.00090
62088.5 0.00090
62093.5 0.00090
62098.5 0.00090
62103.5 0.00090
62108.5 0.00090
62113.5 0.00090
62118.5 0.00090
62123.5 0.00090
62128.5 0.00090
62133.5 0.00090
62138.5 0.00090
62143.5 0.00090
62148.5 0.00090
62153.5 0.00090
62158.5 0.00090
62163.5 0.00100
62168.5 0.00100
62173.5 0.00100
62178.5 0.00110
62183.5 0.00110
62188.5 0.00120
62193.5 0.00130
62198.5 0.00140
62203.5 0.00140
62208.5 0.00150
62213.5 0.00160
62218.5 0.00170
62223.5 0.00180
62228.5 0.00190
62233.5 0.00200
62238.5 0.00210
62243.5 0.00210
62248.5 0.00220
62253.5 0.00230
62258.5 0.00230
62263.5 0.00240
62268.5 0.00240
62273.5 0.00240
62278.5 0.00250
62283.5 0.00250
62288.5 0.00250
62293.5 0.00260
62298.5 0.00260
62303.5 0.00260
62308.5 0.00270
62313.5 0.00270
62318.5 0.00280
62323.5 0.00280
62328.5 0.00290
62333.5 0.00300
62338.5 0.00310
62343.5 0.00320
62348.5 0.00330
62353.5 0.00340
62358.5 0.00350
62363.5 0.00360
62368.5 0.00370
62373.5 0.00380
62378.5 0.00400
62383.5 0.00410
62388.5 0.00420
62393.5 0.00430
62398.5 0.00440
62403.5 0.00450
62408.5 0.00460
62413.5 0.00470
62418.5 0.00490
62423.5 0.00500
62428.5 0.00510
62433.5 0.00520
62438.5 0.00530
62443.5 0.00540
62448.5 0.00560
62453.5 0.00570
62458.5 0.00580
62463.5 0.00600
62468.5 0.00620
62473.5 0.00640
62478.5 0.00660
62483.5 0.00680
62488.5 0.00700
62493.5 0.00720
62498.5 0.00750
62503.5 0.00780
62508.5 0.00800
62513.5 0.00830
62518.5 0.00860
62523.5 0.00890
62528.5 0.00920
62533.5 0.00950
62538.5 0.00990
62543.5 0.01020
62548.5 0.01050
62553.5 0.01080
62558.5 0.01120
62563.5 0.01150
62568.5 0.01180
62573.5 0.01220
62578.5 0.01250
62583.5 0.01290
62588.5 0.01330
62593.5 0.01370
62598.5 0.01420
62603.5 0.01460
62608.5 0.01510
62613.5 0.01570
62618.5 0.01620
62623.5 0.01680
62628.5 0.01750
62633.5 0.01810
62638.5 0.01890
62643.5 0.01960
62648.5 0.02040
62653.5 0.02130
62658.5 0.02220
62663.5 0.02310
62668.5 0.02400
62673.5 0.02510
62678.5 0.02610
62683.5 0.02720
62688.5 0.02830
62693.5 0.02950
62698.5 0.03080
62703.5 0.03200
62708.5 0.03340
62713.5 0.03470
62718.5 0.03620
62723.5 0.03760
62728.5 0.03920
62733.5 0.04080
62738.5 0.04240
62743.5 0.04410
62748.5 0.04590
62753.5 0.04770
62758.5 0.04960
62763.5 0.05160
62768.5 0.05360
62773.5 0.05570
62778.5 0.05790
62783.5 0.06020
62788.5 0.06260
62793.5 0.06500
62798.5 0.06750
62803.5 0.07000
62808.5 0.07270
62813.5 0.07540
62818.5 0.07810
62823.5 0.08090
62828.5 0.08370
62833.5 0.08660
62838.5 0.08960
62843.5 0.09260
62848.5 0.09560
62853.5 0.09870
62858.5 0.10180
62863.5 0.10500
62868.5 0.10810
62873.5 0.11130
62878.5 0.11450
62883.5 0.11770
62888.5 0.12090
62893.5 0.12400
62898.5 0.12710
62903.5 0.13020
62908.5 0.13330
62913.5 0.13630
62918.5 0.13920
62923.5 0.14200
62928.5 0.14480
62933.5 0.14750
62938.5 0.15000
62943.5 0.15250
62948.5 0.15490
62953.5 0.15720
62958.5 0.15940
62963.5 0.16150
62968.5 0.16350
62973.5 0.16550
62978.5 0.16730
62983.5 0.16900
62988.5 0.17060
62993.5 0.17210
62998.5 0.17350
63003.5 0.17480
63008.5 0.17590
63013.5 0.17690
63018.5 0.17790
63023.5 0.17870
63028.5 0.17940
63033.5 0.18000
63038.5 0.18060
63043.5 0.18100
63048.5 0.18140
63053.5 0.18170
63058.5 0.18200
63063.5 0.18210
63068.5 0.18220
63073.5 0.18230
63078.5 0.18230
63083.5 0.18220
63088.5 0.18210
63093.5 0.18190
63098.5 0.18170
63103.5 0.18150
63108.5 0.18120
63113.5 0.18090
63118.5 0.18060
63123.5 0.18020
63128.5 0.17980
63133.5 0.17940
63138.5 0.17900
63143.5 0.17860
63148.5 0.17820
63153.5 0.17780
63158.5 0.17740
63163.5 0.17690
63168.5 0.17650
63173.5 0.17620
63178.5 0.17580
63183.5 0.17540
63188.5 0.17500
63193.5 0.17470
63198.5 0.17430
63203.5 0.17400
63208.5 0.17370
63213.5 0.17330
63218.5 0.17300
63223.5 0.17270
63228.5 0.17250
63233.5 0.17220
63238.5 0.17190
63243.5 0.17170
63248.5 0.17150
63253.5 0.17130
63258.5 0.17110
63263.5 0.17090
63268.5 0.17070
63273.5 0.17060
63278.5 0.17040
63283.5 0.17030
63288.5 0.17020
63293.5 0.17010
63298.5 0.16990
63303.5 0.16980
63308.5 0.16980
63313.5 0.16970
63318.5 0.16960
63323.5 0.16950
63328.5 0.16950
63333.5 0.16940
63338.5 0.16940
63343.5 0.16940
63348.5 0.16940
63353.5 0.16940
63358.5 0.16940
63363.5 0.16950
63368.5 0.16960
63373.5 0.16970
63378.5 0.16980
63383.5 0.17000
63388.5 0.17020
63393.5 0.17040
63398.5 0.17070
63403.5 0.17100
63408.5 0.17130
63413.5 0.17160
63418.5 0.17190
63423.5 0.17230
63428.5 0.17270
63433.5 0.17310
63438.5 0.17340
63443.5 0.17380
63448.5 0.17420
63453.5 0.17450
63458.5 0.17490
63463.5 0.17520
63468.5 0.17550
63473.5 0.17580
63478.5 0.17600
63483.5 0.17630
63488.5 0.17650
63493.5 0.17660
63498.5 0.17680
63503.5 0.17690
63508.5 0.17710
63513.5 0.17720
63518.5 0.17720
63523.5 0.17730
63528.5 0.17730
63533.5 0.17740
63538.5 0.17740
63543.5 0.17740
63548.5 0.17730
63553.5 0.17730
63558.5 0.17720
63563.5 0.17710
63568.5 0.17700
63573.5 0.17690
63578.5 0.17680
63583.5 0.17670
63588.5 0.17660
63593.5 0.17650
63598.5 0.17640
63603.5 0.17630
63608.5 0.17620
63613.5 0.17610
63618.5 0.17600
63623.5 0.17600
63628.5 0.17590
63633.5 0.17580
63638.5 0.17580
63643.5 0.17580
63648.5 0.17580
63653.5 0.17580
63658.5 0.17580
63663.5 0.17590
63668.5 0.17590
63673.5 0.17600
63678.5 0.17600
63683.5 0.17610
63688.5 0.17620
63693.5 0.17630
63698.5 0.17650
63703.5 0.17660
63708.5 0.17680
63713.5 0.17690
63718.5 0.17710
63723.5 0.17730
63728.5 0.17750
63733.5 0.17770
63738.5 0.17790
63743.5 0.17810
63748.5 0.17840
63753.5 0.17860
63758.5 0.17880
63763.5 0.17900
63768.5 0.17920
63773.5 0.17940
63778.5 0.17960
63783.5 0.17980
63788.5 0.18000
63793.5 0.18020
63798.5 0.18030
63803.5 0.18050
63808.5 0.18060
63813.5 0.18080
63818.5 0.18090
63823.5 0.18110
63828.5 0.18120
63833.5 0.18140
63838.5 0.18150
63843.5 0.18170
63848.5 0.18180
63853.5 0.18200
63858.5 0.18210
63863.5 0.18230
63868.5 0.18250
63873.5 0.18260
63878.5 0.18280
63883.5 0.18290
63888.5 0.18310
63893.5 0.18320
63898.5 0.18330
63903.5 0.18340
63908.5 0.18350
63913.5 0.18350
63918.5 0.18360
63923.5 0.18350
63928.5 0.18350
63933.5 0.18340
63938.5 0.18320
63943.5 0.18300
63948.5 0.18270
63953.5 0.18240
63958.5 0.18210
63963.5 0.18170
63968.5 0.18130
63973.5 0.18090
63978.5 0.18040
63983.5 0.18000
63988.5 0.17950
63993.5 0.17910
63998.5 0.17860
64003.5 0.17820
64008.5 0.17780
64013.5 0.17740
64018.5 0.17700
64023.5 0.17660
64028.5 0.17630
64033.5 0.17590
64038.5 0.17540
64043.5 0.17490
64048.5 0.17420
64053.5 0.17340
64058.5 0.17240
64063.5 0.17120
64068.5 0.16980
64073.5 0.16810
64078.5 0.16610
64083.5 0.16380
64088.5 0.16110
64093.5 0.15800
64098.5 0.15450
64103.5 0.15050
64108.5 0.14610
64113.5 0.14150
64118.5 0.13660
64123.5 0.13140
64128.5 0.12610
64133.5 0.12080
64138.5 0.11530
64143.5 0.10990
64148.5 0.10450
64153.5 0.09930
64158.5 0.09420
64163.5 0.08930
64168.5 0.08470
64173.5 0.08040
64178.5 0.07650
64183.5 0.07290
64188.5 0.06970
64193.5 0.06690
64198.5 0.06430
64203.5 0.06190
64208.5 0.05990
64213.5 0.05800
64218.5 0.05630
64223.5 0.05480
64228.5 0.05340
64233.5 0.05220
64238.5 0.05100
64243.5 0.05000
64248.5 0.04890
64253.5 0.04800
64258.5 0.04700
64263.5 0.04610
64268.5 0.04520
64273.5 0.04420
64278.5 0.04330
64283.5 0.04240
64288.5 0.04150
64293.5 0.04060
64298.5 0.03970
64303.5 0.03880
64308.5 0.03790
64313.5 0.03690
64318.5 0.03600
64323.5 0.03500
64328.5 0.03410
64333.5 0.03310
64338.5 0.03210
64343.5 0.03110
64348.5 0.03010
64353.5 0.02900
64358.5 0.02800
64363.5 0.02700
64368.5 0.02590
64373.5 0.02490
64378.5 0.02390
64383.5 0.02300
64388.5 0.02210
64393.5 0.02120
64398.5 0.02030
64403.5 0.01950
64408.5 0.01880
64413.5 0.01810
64418.5 0.01750
64423.5 0.01690
64428.5 0.01640
64433.5 0.01600
64438.5 0.01560
64443.5 0.01520
64448.5 0.01490
64453.5 0.01460
64458.5 0.01430
64463.5 0.01400
64468.5 0.01370
64473.5 0.01350
64478.5 0.01320
64483.5 0.01300
64488.5 0.01270
64493.5 0.01240
64498.5 0.01210
64503.5 0.01170
64508.5 0.01140
64513.5 0.01100
64518.5 0.01060
64523.5 0.01020
64528.5 0.00980
64533.5 0.00940
64538.5 0.00910
64543.5 0.00870
64548.5 0.00830
64553.5 0.00790
64558.5 0.00760
64563.5 0.00730
64568.5 0.00700
64573.5 0.00670
64578.5 0.00650
64583.5 0.00630
64588.5 0.00620
64593.5 0.00600
64598.5 0.00590
64603.5 0.00580
64608.5 0.00580
64613.5 0.00570
64618.5 0.00570
64623.5 0.00560
64628.5 0.00560
64633.5 0.00550
64638.5 0.00550
64643.5 0.00540
64648.5 0.00530
64653.5 0.00520
64658.5 0.00510
64663.5 0.00500
64668.5 0.00490
64673.5 0.00470
64678.5 0.00460
64683.5 0.00440
64688.5 0.00420
64693.5 0.00410
64698.5 0.00390
64703.5 0.00370
64708.5 0.00350
64713.5 0.00340
64718.5 0.00320
64723.5 0.00310
64728.5 0.00300
64733.5 0.00290
64738.5 0.00280
64743.5 0.00280
64748.5 0.00270
64753.5 0.00270
64758.5 0.00270
64763.5 0.00270
64768.5 0.00280
64773.5 0.00280
64778.5 0.00280
64783.5 0.00280
64788.5 0.00290
64793.5 0.00290
64798.5 0.00290
64803.5 0.00290
64808.5 0.00290
64813.5 0.00280
64818.5 0.00280
64823.5 0.00270
64828.5 0.00260
64833.5 0.00240
64838.5 0.00230
64843.5 0.00220
64848.5 0.00200
64853.5 0.00190
64858.5 0.00170
64863.5 0.00150
64868.5 0.00140
64873.5 0.00130
64878.5 0.00110
64883.5 0.00100
64888.5 0.00090
64893.5 0.00090
64898.5 0.00080
64903.5 0.00080
64908.5 0.00080
64913.5 0.00090
64918.5 0.00090
64923.5 0.00100
64928.5 0.00100
64933.5 0.00110
64938.5 0.00120
64943.5 0.00130
64948.5 0.00140
64953.5 0.00150
64958.5 0.00160
64963.5 0.00160
64968.5 0.00170
64973.5 0.00170
64978.5 0.00180
64983.5 0.00170
64988.5 0.00170
64993.5 0.00170
64998.5 0.00160
65003.5 0.00150
65008.5 0.00140
65013.5 0.00130
65018.5 0.00120
65023.5 0.00110
65028.5 0.00100
65033.5 0.00090
65038.5 0.00080
65043.5 0.00070
65048.5 0.00070
65053.5 0.00060
65058.5 0.00060
65063.5 0.00060
65068.5 0.00060
65073.5 0.00060
65078.5 0.00070
65083.5 0.00070
65088.5 0.00080
65093.5 0.00090
65098.5 0.00100
65103.5 0.00110
65108.5 0.00120
65113.5 0.00130
65118.5 0.00140
65123.5 0.00140
65128.5 0.00150
65133.5 0.00160
65138.5 0.00160
65143.5 0.00160
65148.5 0.00160
65153.5 0.00160
65158.5 0.00150
65163.5 0.00150
65168.5 0.00140
65173.5 0.00130
65178.5 0.00120
65183.5 0.00120
65188.5 0.00110
65193.5 0.00090
65198.5 0.00080
65203.5 0.00070
65208.5 0.00060
65213.5 0.00060
65218.5 0.00050
65223.5 0.00040
65228.5 0.00030
65233.5 0.00030
65238.5 0.00030
65243.5 0.00020
65248.5 0.00020
65253.5 0.00020
65258.5 0.00020
65263.5 0.00020
65268.5 0.00020
65273.5 0.00030
65278.5 0.00030
65283.5 0.00030
65288.5 0.00030
65293.5 0.00030
65298.5 0.00040
65303.5 0.00040
65308.5 0.00040
65313.5 0.00040
65318.5 0.00040
65323.5 0.00040
65328.5 0.00040
65333.5 0.00040
65338.5 0.00040
65343.5 0.00040
65348.5 0.00040
65353.5 0.00040
65358.5 0.00040
65363.5 0.00030
65368.5 0.00030
65373.5 0.00030
65378.5 0.00030
65383.5 0.00030
65388.5 0.00030
