63947.5 0.00000
63952.5 0.00010
63957.5 0.00020
63962.5 0.00020
63967.5 0.00030
63972.5 0.00040
63977.5 0.00040
63982.5 0.00040
63987.5 0.00050
63992.5 0.00050
63997.5 0.00050
64002.5 0.00040
64007.5 0.00040
64012.5 0.00040
64017.5 0.00040
64022.5 0.00040
64027.5 0.00050
64032.5 0.00050
64037.5 0.00060
64042.5 0.00070
64047.5 0.00080
64052.5 0.00090
64057.5 0.00100
64062.5 0.00110
64067.5 0.00120
64072.5 0.00130
64077.5 0.00130
64082.5 0.00140
64087.5 0.00140
64092.5 0.00140
64097.5 0.00150
64102.5 0.00150
64107.5 0.00150
64112.5 0.00140
64117.5 0.00140
64122.5 0.00140
64127.5 0.00140
64132.5 0.00130
64137.5 0.00130
64142.5 0.00130
64147.5 0.00130
64152.5 0.00130
64157.5 0.00130
64162.5 0.00130
64167.5 0.00130
64172.5 0.00140
64177.5 0.00150
64182.5 0.00150
64187.5 0.00160
64192.5 0.00170
64197.5 0.00180
64202.5 0.00190
64207.5 0.00200
64212.5 0.00210
64217.5 0.00220
64222.5 0.00230
64227.5 0.00240
64232.5 0.00250
64237.5 0.00260
64242.5 0.00260
64247.5 0.00270
64252.5 0.00270
64257.5 0.00270
64262.5 0.00270
64267.5 0.00270
64272.5 0.00270
64277.5 0.00260
64282.5 0.00260
64287.5 0.00260
64292.5 0.00260
64297.5 0.00260
64302.5 0.00260
64307.5 0.00260
64312.5 0.00270
64317.5 0.00280
64322.5 0.00290
64327.5 0.00300
64332.5 0.00320
64337.5 0.00340
64342.5 0.00360
64347.5 0.00380
64352.5 0.00400
64357.5 0.00420
64362.5 0.00440
64367.5 0.00450
64372.5 0.00470
64377.5 0.00480
64382.5 0.00490
64387.5 0.00500
64392.5 0.00510
64397.5 0.00520
64402.5 0.00530
64407.5 0.00530
64412.5 0.00540
64417.5 0.00550
64422.5 0.00550
64427.5 0.00560
64432.5 0.00570
64437.5 0.00570
64442.5 0.00580
64447.5 0.00590
64452.5 0.00600
64457.5 0.00620
64462.5 0.00630
64467.5 0.00640
64472.5 0.00660
64477.5 0.00670
64482.5 0.00690
64487.5 0.00710
64492.5 0.00720
64497.5 0.00740
64502.5 0.00760
64507.5 0.00780
64512.5 0.00800
64517.5 0.00820
64522.5 0.00830
64527.5 0.00850
64532.5 0.00870
64537.5 0.00890
64542.5 0.00910
64547.5 0.00930
64552.5 0.00950
64557.5 0.00960
64562.5 0.00980
64567.5 0.01000
64572.5 0.01020
64577.5 0.01040
64582.5 0.01060
64587.5 0.01080
64592.5 0.01100
64597.5 0.01130
64602.5 0.01150
64607.5 0.01170
64612.5 0.01200
64617.5 0.01230
64622.5 0.01260
64627.5 0.01290
64632.5 0.01320
64637.5 0.01350
64642.5 0.01390
64647.5 0.01420
64652.5 0.01460
64657.5 0.01490
64662.5 0.01530
64667.5 0.01570
64672.5 0.01600
64677.5 0.01640
64682.5 0.01680
64687.5 0.01720
64692.5 0.01760
64697.5 0.01800
64702.5 0.01840
64707.5 0.01880
64712.5 0.01920
64717.5 0.01960
64722.5 0.02010
64727.5 0.02050
64732.5 0.02090
64737.5 0.02130
64742.5 0.02180
64747.5 0.02220
64752.5 0.02270
64757.5 0.02310
64762.5 0.02360
64767.5 0.02400
64772.5 0.02450
64777.5 0.02500
64782.5 0.02540
64787.5 0.02590
64792.5 0.02640
64797.5 0.02690
64802.5 0.02740
64807.5 0.02790
64812.5 0.02840
64817.5 0.02900
64822.5 0.02950
64827.5 0.03010
64832.5 0.03060
64837.5 0.03120
64842.5 0.03180
64847.5 0.03240
64852.5 0.03300
64857.5 0.03370
64862.5 0.03430
64867.5 0.03500
64872.5 0.03560
64877.5 0.03630
64882.5 0.03700
64887.5 0.03770
64892.5 0.03840
64897.5 0.03910
64902.5 0.03990
64907.5 0.04060
64912.5 0.04140
64917.5 0.04220
64922.5 0.04300
64927.5 0.04380
64932.5 0.04470
64937.5 0.04550
64942.5 0.04640
64947.5 0.04730
64952.5 0.04820
64957.5 0.04920
64962.5 0.05020
64967.5 0.05120
64972.5 0.05220
64977.5 0.05330
64982.5 0.05440
64987.5 0.05550
64992.5 0.05670
64997.5 0.05780
65002.5 0.05900
65007.5 0.06020
65012.5 0.06140
65017.5 0.06260
65022.5 0.06370
65027.5 0.06490
65032.5 0.06610
65037.5 0.06730
65042.5 0.06850
65047.5 0.06990
65052.5 0.07130
65057.5 0.07280
65062.5 0.07440
65067.5 0.07620
65072.5 0.07810
65077.5 0.07990
65082.5 0.08170
65087.5 0.08350
65092.5 0.08510
65097.5 0.08660
65102.5 0.08810
65107.5 0.08960
65112.5 0.09110
65117.5 0.09260
65122.5 0.09420
65127.5 0.09580
65132.5 0.09740
65137.5 0.09910
65142.5 0.10090
65147.5 0.10260
65152.5 0.10440
65157.5 0.10620
65162.5 0.10800
65167.5 0.10980
65172.5 0.11160
65177.5 0.11330
65182.5 0.11510
65187.5 0.11680
65192.5 0.11850
65197.5 0.12020
65202.5 0.12190
65207.5 0.12350
65212.5 0.12510
65217.5 0.12680
65222.5 0.12840
65227.5 0.13020
65232.5 0.13200
65237.5 0.13410
65242.5 0.13620
65247.5 0.13840
65252.5 0.14060
65257.5 0.14270
65262.5 0.14470
65267.5 0.14660
65272.5 0.14840
65277.5 0.15020
65282.5 0.15200
65287.5 0.15370
65292.5 0.15550
65297.5 0.15720
65302.5 0.15900
65307.5 0.16070
65312.5 0.16230
65317.5 0.16390
65322.5 0.16540
65327.5 0.16670
65332.5 0.16800
65337.5 0.16920
65342.5 0.17040
65347.5 0.17160
65352.5 0.17270
65357.5 0.17390
65362.5 0.17520
65367.5 0.17640
65372.5 0.17770
65377.5 0.17900
65382.5 0.18020
65387.5 0.18140
65392.5 0.18260
65397.5 0.18370
65402.5 0.18470
65407.5 0.18570
65412.5 0.18660
65417.5 0.18740
65422.5 0.18820
65427.5 0.18890
65432.5 0.18960
65437.5 0.19020
65442.5 0.19070
65447.5 0.19120
65452.5 0.19160
65457.5 0.19200
65462.5 0.19230
65467.5 0.19260
65472.5 0.19290
65477.5 0.19320
65482.5 0.19340
65487.5 0.19360
65492.5 0.19370
65497.5 0.19380
65502.5 0.19390
65507.5 0.19390
65512.5 0.19380
65517.5 0.19380
65522.5 0.19360
65527.5 0.19340
65532.5 0.19320
65537.5 0.19300
65542.5 0.19270
65547.5 0.19230
65552.5 0.19200
65557.5 0.19160
65562.5 0.19120
65567.5 0.19070
65572.5 0.19030
65577.5 0.18980
65582.5 0.18930
65587.5 0.18880
65592.5 0.18830
65597.5 0.18770
65602.5 0.18720
65607.5 0.18660
65612.5 0.18610
65617.5 0.18550
65622.5 0.18500
65627.5 0.18440
65632.5 0.18380
65637.5 0.18320
65642.5 0.18260
65647.5 0.18200
65652.5 0.18140
65657.5 0.18080
65662.5 0.18010
65667.5 0.17950
65672.5 0.17880
65677.5 0.17810
65682.5 0.17740
65687.5 0.17670
65692.5 0.17590
65697.5 0.17520
65702.5 0.17440
65707.5 0.17360
65712.5 0.17270
65717.5 0.17190
65722.5 0.17110
65727.5 0.17030
65732.5 0.16950
65737.5 0.16880
65742.5 0.16810
65747.5 0.16740
65752.5 0.16680
65757.5 0.16620
65762.5 0.16570
65767.5 0.16530
65772.5 0.16480
65777.5 0.16440
65782.5 0.16400
65787.5 0.16360
65792.5 0.16320
65797.5 0.16280
65802.5 0.16240
65807.5 0.16200
65812.5 0.16160
65817.5 0.16120
65822.5 0.16080
65827.5 0.16030
65832.5 0.15990
65837.5 0.15940
65842.5 0.15900
65847.5 0.15860
65852.5 0.15810
65857.5 0.15770
65862.5 0.15730
65867.5 0.15690
65872.5 0.15660
65877.5 0.15620
65882.5 0.15590
65887.5 0.15570
65892.5 0.15540
65897.5 0.15520
65902.5 0.15500
65907.5 0.15490
65912.5 0.15480
65917.5 0.15470
65922.5 0.15460
65927.5 0.15450
65932.5 0.15440
65937.5 0.15440
65942.5 0.15430
65947.5 0.15430
65952.5 0.15430
65957.5 0.15420
65962.5 0.15420
65967.5 0.15420
65972.5 0.15410
65977.5 0.15410
65982.5 0.15400
65987.5 0.15400
65992.5 0.15390
65997.5 0.15380
66002.5 0.15370
66007.5 0.15370
66012.5 0.15360
66017.5 0.15350
66022.5 0.15350
66027.5 0.15340
66032.5 0.15340
66037.5 0.15340
66042.5 0.15340
66047.5 0.15340
66052.5 0.15340
66057.5 0.15350
66062.5 0.15360
66067.5 0.15370
66072.5 0.15380
66077.5 0.15390
66082.5 0.15410
66087.5 0.15430
66092.5 0.15450
66097.5 0.15470
66102.5 0.15490
66107.5 0.15510
66112.5 0.15540
66117.5 0.15560
66122.5 0.15590
66127.5 0.15620
66132.5 0.15640
66137.5 0.15670
66142.5 0.15700
66147.5 0.15730
66152.5 0.15750
66157.5 0.15780
66162.5 0.15810
66167.5 0.15840
66172.5 0.15870
66177.5 0.15900
66182.5 0.15930
66187.5 0.15960
66192.5 0.16000
66197.5 0.16030
66202.5 0.16060
66207.5 0.16100
66212.5 0.16140
66217.5 0.16170
66222.5 0.16210
66227.5 0.16250
66232.5 0.16290
66237.5 0.16340
66242.5 0.16380
66247.5 0.16420
66252.5 0.16470
66257.5 0.16520
66262.5 0.16570
66267.5 0.16620
66272.5 0.16660
66277.5 0.16710
66282.5 0.16760
66287.5 0.16810
66292.5 0.16860
66297.5 0.16910
66302.5 0.16960
66307.5 0.17000
66312.5 0.17050
66317.5 0.17090
66322.5 0.17140
66327.5 0.17180
66332.5 0.17220
66337.5 0.17270
66342.5 0.17310
66347.5 0.17350
66352.5 0.17400
66357.5 0.17440
66362.5 0.17480
66367.5 0.17530
66372.5 0.17580
66377.5 0.17630
66382.5 0.17680
66387.5 0.17730
66392.5 0.17780
66397.5 0.17840
66402.5 0.17890
66407.5 0.17950
66412.5 0.18000
66417.5 0.18060
66422.5 0.18120
66427.5 0.18170
66432.5 0.18230
66437.5 0.18280
66442.5 0.18330
66447.5 0.18390
66452.5 0.18440
66457.5 0.18480
66462.5 0.18530
66467.5 0.18570
66472.5 0.18620
66477.5 0.18660
66482.5 0.18700
66487.5 0.18730
66492.5 0.18770
66497.5 0.18810
66502.5 0.18840
66507.5 0.18880
66512.5 0.18910
66517.5 0.18940
66522.5 0.18970
66527.5 0.19000
66532.5 0.19030
66537.5 0.19060
66542.5 0.19090
66547.5 0.19120
66552.5 0.19140
66557.5 0.19170
66562.5 0.19190
66567.5 0.19210
66572.5 0.19230
66577.5 0.19250
66582.5 0.19270
66587.5 0.19280
66592.5 0.19300
66597.5 0.19310
66602.5 0.19320
66607.5 0.19330
66612.5 0.19340
66617.5 0.19340
66622.5 0.19340
66627.5 0.19350
66632.5 0.19340
66637.5 0.19340
66642.5 0.19340
66647.5 0.19330
66652.5 0.19330
66657.5 0.19320
66662.5 0.19310
66667.5 0.19300
66672.5 0.19290
66677.5 0.19280
66682.5 0.19270
66687.5 0.19250
66692.5 0.19230
66697.5 0.19210
66702.5 0.19190
66707.5 0.19170
66712.5 0.19150
66717.5 0.19120
66722.5 0.19090
66727.5 0.19060
66732.5 0.19020
66737.5 0.18980
66742.5 0.18940
66747.5 0.18890
66752.5 0.18850
66757.5 0.18790
66762.5 0.18740
66767.5 0.18670
66772.5 0.18610
66777.5 0.18540
66782.5 0.18470
66787.5 0.18400
66792.5 0.18320
66797.5 0.18240
66802.5 0.18160
66807.5 0.18070
66812.5 0.17980
66817.5 0.17890
66822.5 0.17800
66827.5 0.17700
66832.5 0.17600
66837.5 0.17500
66842.5 0.17400
66847.5 0.17290
66852.5 0.17180
66857.5 0.17070
66862.5 0.16960
66867.5 0.16840
66872.5 0.16720
66877.5 0.16600
66882.5 0.16470
66887.5 0.16350
66892.5 0.16210
66897.5 0.16080
66902.5 0.15940
66907.5 0.15800
66912.5 0.15660
66917.5 0.15520
66922.5 0.15370
66927.5 0.15220
66932.5 0.15070
66937.5 0.14920
66942.5 0.14760
66947.5 0.14610
66952.5 0.14450
66957.5 0.14290
66962.5 0.14130
66967.5 0.13960
66972.5 0.13800
66977.5 0.13630
66982.5 0.13470
66987.5 0.13300
66992.5 0.13130
66997.5 0.12970
67002.5 0.12800
67007.5 0.12640
67012.5 0.12480
67017.5 0.12320
67022.5 0.12160
67027.5 0.12000
67032.5 0.11840
67037.5 0.11690
67042.5 0.11530
67047.5 0.11380
67052.5 0.11230
67057.5 0.11070
67062.5 0.10910
67067.5 0.10760
67072.5 0.10600
67077.5 0.10440
67082.5 0.10280
67087.5 0.10110
67092.5 0.09950
67097.5 0.09790
67102.5 0.09620
67107.5 0.09460
67112.5 0.09290
67117.5 0.09130
67122.5 0.08970
67127.5 0.08800
67132.5 0.08640
67137.5 0.08490
67142.5 0.08330
67147.5 0.08170
67152.5 0.08020
67157.5 0.07870
67162.5 0.07720
67167.5 0.07570
67172.5 0.07420
67177.5 0.07280
67182.5 0.07140
67187.5 0.07000
67192.5 0.06860
67197.5 0.06730
67202.5 0.06600
67207.5 0.06470
67212.5 0.06340
67217.5 0.06220
67222.5 0.06090
67227.5 0.05970
67232.5 0.05850
67237.5 0.05730
67242.5 0.05610
67247.5 0.05490
67252.5 0.05370
67257.5 0.05260
67262.5 0.05140
67267.5 0.05030
67272.5 0.04910
67277.5 0.04800
67282.5 0.04690
67287.5 0.04590
67292.5 0.04480
67297.5 0.04380
67302.5 0.04290
67307.5 0.04190
67312.5 0.04100
67317.5 0.04020
67322.5 0.03940
67327.5 0.03860
67332.5 0.03790
67337.5 0.03720
67342.5 0.03650
67347.5 0.03580
67352.5 0.03520
67357.5 0.03460
67362.5 0.03390
67367.5 0.03330
67372.5 0.03280
67377.5 0.03220
67382.5 0.03160
67387.5 0.03100
67392.5 0.03040
67397.5 0.02980
67402.5 0.02930
67407.5 0.02870
67412.5 0.02810
67417.5 0.02750
67422.5 0.02690
67427.5 0.02640
67432.5 0.02580
67437.5 0.02520
67442.5 0.02470
67447.5 0.02410
67452.5 0.02360
67457.5 0.02310
67462.5 0.02260
67467.5 0.02200
67472.5 0.02160
67477.5 0.02110
67482.5 0.02060
67487.5 0.02020
67492.5 0.01970
67497.5 0.01930
67502.5 0.01890
67507.5 0.01850
67512.5 0.01810
67517.5 0.01770
67522.5 0.01740
67527.5 0.01700
67532.5 0.01670
67537.5 0.01630
67542.5 0.01600
67547.5 0.01570
67552.5 0.01540
67557.5 0.01500
67562.5 0.01470
67567.5 0.01440
67572.5 0.01420
67577.5 0.01390
67582.5 0.01360
67587.5 0.01340
67592.5 0.01310
67597.5 0.01290
67602.5 0.01260
67607.5 0.01240
67612.5 0.01220
67617.5 0.01200
67622.5 0.01170
67627.5 0.01150
67632.5 0.01130
67637.5 0.01110
67642.5 0.01090
67647.5 0.01080
67652.5 0.01060
67657.5 0.01040
67662.5 0.01020
67667.5 0.01000
67672.5 0.00980
67677.5 0.00970
67682.5 0.00950
67687.5 0.00930
67692.5 0.00920
67697.5 0.00900
67702.5 0.00880
67707.5 0.00860
67712.5 0.00850
67717.5 0.00830
67722.5 0.00820
67727.5 0.00800
67732.5 0.00780
67737.5 0.00770
67742.5 0.00750
67747.5 0.00740
67752.5 0.00730
67757.5 0.00710
67762.5 0.00700
67767.5 0.00690
67772.5 0.00670
67777.5 0.00660
67782.5 0.00650
67787.5 0.00640
67792.5 0.00630
67797.5 0.00610
67802.5 0.00600
67807.5 0.00590
67812.5 0.00580
67817.5 0.00570
67822.5 0.00560
67827.5 0.00550
67832.5 0.00550
67837.5 0.00540
67842.5 0.00530
67847.5 0.00520
67852.5 0.00510
67857.5 0.00500
67862.5 0.00500
67867.5 0.00490
67872.5 0.00480
67877.5 0.00470
67882.5 0.00470
67887.5 0.00460
67892.5 0.00450
67897.5 0.00450
67902.5 0.00440
67907.5 0.00430
67912.5 0.00430
67917.5 0.00420
67922.5 0.00420
67927.5 0.00410
67932.5 0.00400
67937.5 0.00400
67942.5 0.00390
67947.5 0.00390
67952.5 0.00380
67957.5 0.00380
67962.5 0.00370
67967.5 0.00370
67972.5 0.00360
67977.5 0.00360
67982.5 0.00350
67987.5 0.00340
67992.5 0.00340
67997.5 0.00330
68002.5 0.00330
68007.5 0.00320
68012.5 0.00320
68017.5 0.00310
68022.5 0.00310
68027.5 0.00300
68032.5 0.00290
68037.5 0.00290
68042.5 0.00280
68047.5 0.00280
68052.5 0.00270
68057.5 0.00260
68062.5 0.00260
68067.5 0.00250
68072.5 0.00240
68077.5 0.00240
68082.5 0.00230
68087.5 0.00230
68092.5 0.00220
68097.5 0.00220
68102.5 0.00210
68107.5 0.00210
68112.5 0.00200
68117.5 0.00200
68122.5 0.00190
68127.5 0.00190
68132.5 0.00190
68137.5 0.00180
68142.5 0.00180
68147.5 0.00180
68152.5 0.00170
68157.5 0.00170
68162.5 0.00170
68167.5 0.00170
68172.5 0.00170
68177.5 0.00160
68182.5 0.00160
68187.5 0.00160
68192.5 0.00160
68197.5 0.00150
68202.5 0.00150
68207.5 0.00150
68212.5 0.00150
68217.5 0.00150
68222.5 0.00140
68227.5 0.00140
68232.5 0.00140
68237.5 0.00130
68242.5 0.00130
68247.5 0.00130
68252.5 0.00120
68257.5 0.00120
68262.5 0.00120
68267.5 0.00110
68272.5 0.00110
68277.5 0.00110
68282.5 0.00110
68287.5 0.00100
68292.5 0.00100
68297.5 0.00100
68302.5 0.00100
68307.5 0.00090
68312.5 0.00090
68317.5 0.00090
68322.5 0.00090
68327.5 0.00090
68332.5 0.00090
68337.5 0.00090
68342.5 0.00090
68347.5 0.00090
68352.5 0.00090
68357.5 0.00090
68362.5 0.00090
68367.5 0.00090
68372.5 0.00090
68377.5 0.00090
68382.5 0.00090
68387.5 0.00090
68392.5 0.00090
68397.5 0.00090
68402.5 0.00090
68407.5 0.00090
68412.5 0.00090
68417.5 0.00090
68422.5 0.00090
68427.5 0.00090
68432.5 0.00090
68437.5 0.00090
68442.5 0.00090
68447.5 0.00090
68452.5 0.00090
68457.5 0.00090
68462.5 0.00090
68467.5 0.00090
68472.5 0.00090
68477.5 0.00090
68482.5 0.00090
68487.5 0.00090
68492.5 0.00090
68497.5 0.00090
68502.5 0.00080
68507.5 0.00080
68512.5 0.00080
68517.5 0.00070
68522.5 0.00070
68527.5 0.00070
68532.5 0.00060
68537.5 0.00060
68542.5 0.00050
68547.5 0.00050
68552.5 0.00040
68557.5 0.00040
