73447.5 0.00010
73452.5 0.00100
73457.5 0.00190
73462.5 0.00280
73467.5 0.00370
73472.5 0.00450
73477.5 0.00530
73482.5 0.00600
73487.5 0.00680
73492.5 0.00750
73497.5 0.00810
73502.5 0.00880
73507.5 0.00940
73512.5 0.01000
73517.5 0.01050
73522.5 0.01110
73527.5 0.01160
73532.5 0.01210
73537.5 0.01250
73542.5 0.01290
73547.5 0.01330
73552.5 0.01360
73557.5 0.01400
73562.5 0.01420
73567.5 0.01450
73572.5 0.01470
73577.5 0.01490
73582.5 0.01510
73587.5 0.01520
73592.5 0.01530
73597.5 0.01540
73602.5 0.01550
73607.5 0.01550
73612.5 0.01550
73617.5 0.01550
73622.5 0.01540
73627.5 0.01530
73632.5 0.01520
73637.5 0.01510
73642.5 0.01500
73647.5 0.01480
73652.5 0.01460
73657.5 0.01430
73662.5 0.01410
73667.5 0.01380
73672.5 0.01350
73677.5 0.01320
73682.5 0.01290
73687.5 0.01260
73692.5 0.01230
73697.5 0.01200
73702.5 0.01170
73707.5 0.01140
73712.5 0.01120
73717.5 0.01100
73722.5 0.01080
73727.5 0.01060
73732.5 0.01050
73737.5 0.01050
73742.5 0.01050
73747.5 0.01050
73752.5 0.01060
73757.5 0.01080
73762.5 0.01100
73767.5 0.01130
73772.5 0.01170
73777.5 0.01220
73782.5 0.01270
73787.5 0.01340
73792.5 0.01400
73797.5 0.01480
73802.5 0.01560
73807.5 0.01650
73812.5 0.01750
73817.5 0.01850
73822.5 0.01960
73827.5 0.02080
73832.5 0.02200
73837.5 0.02330
73842.5 0.02470
73847.5 0.02610
73852.5 0.02760
73857.5 0.02920
73862.5 0.03090
73867.5 0.03260
73872.5 0.03440
73877.5 0.03630
73882.5 0.03820
73887.5 0.04020
73892.5 0.04210
73897.5 0.04410
73902.5 0.04610
73907.5 0.04810
73912.5 0.05010
73917.5 0.05200
73922.5 0.05390
73927.5 0.05580
73932.5 0.05760
73937.5 0.05930
73942.5 0.06090
73947.5 0.06240
73952.5 0.06380
73957.5 0.06500
73962.5 0.06610
73967.5 0.06710
73972.5 0.06790
73977.5 0.06850
73982.5 0.06900
73987.5 0.06930
73992.5 0.06940
73997.5 0.06950
74002.5 0.06940
74007.5 0.06920
74012.5 0.06890
74017.5 0.06850
74022.5 0.06800
74027.5 0.06750
74032.5 0.06690
74037.5 0.06620
74042.5 0.06550
74047.5 0.06480
74052.5 0.06400
74057.5 0.06320
74062.5 0.06240
74067.5 0.06160
74072.5 0.06080
74077.5 0.06010
74082.5 0.05930
74087.5 0.05860
74092.5 0.05790
74097.5 0.05730
74102.5 0.05660
74107.5 0.05600
74112.5 0.05540
74117.5 0.05490
74122.5 0.05440
74127.5 0.05390
74132.5 0.05340
74137.5 0.05300
74142.5 0.05260
74147.5 0.05230
74152.5 0.05200
74157.5 0.05170
74162.5 0.05140
74167.5 0.05130
74172.5 0.05110
74177.5 0.05100
74182.5 0.05100
74187.5 0.05100
74192.5 0.05100
74197.5 0.05110
74202.5 0.05120
74207.5 0.05140
74212.5 0.05170
74217.5 0.05190
74222.5 0.05230
74227.5 0.05260
74232.5 0.05310
74237.5 0.05350
74242.5 0.05400
74247.5 0.05460
74252.5 0.05520
74257.5 0.05580
74262.5 0.05650
74267.5 0.05720
74272.5 0.05800
74277.5 0.05880
74282.5 0.05970
74287.5 0.06060
74292.5 0.06160
74297.5 0.06260
74302.5 0.06360
74307.5 0.06470
74312.5 0.06580
74317.5 0.06700
74322.5 0.06820
74327.5 0.06940
74332.5 0.07060
74337.5 0.07190
74342.5 0.07320
74347.5 0.07440
74352.5 0.07570
74357.5 0.07700
74362.5 0.07830
74367.5 0.07960
74372.5 0.08090
74377.5 0.08210
74382.5 0.08340
74387.5 0.08460
74392.5 0.08590
74397.5 0.08710
74402.5 0.08820
74407.5 0.08940
74412.5 0.09060
74417.5 0.09170
74422.5 0.09280
74427.5 0.09390
74432.5 0.09500
74437.5 0.09610
74442.5 0.09710
74447.5 0.09820
74452.5 0.09930
74457.5 0.10040
74462.5 0.10150
74467.5 0.10260
74472.5 0.10370
74477.5 0.10480
74482.5 0.10590
74487.5 0.10710
74492.5 0.10830
74497.5 0.10950
74502.5 0.11070
74507.5 0.11190
74512.5 0.11320
74517.5 0.11450
74522.5 0.11580
74527.5 0.11720
74532.5 0.11850
74537.5 0.11990
74542.5 0.12130
74547.5 0.12260
74552.5 0.12400
74557.5 0.12540
74562.5 0.12680
74567.5 0.12820
74572.5 0.12960
74577.5 0.13100
74582.5 0.13230
74587.5 0.13370
74592.5 0.13500
74597.5 0.13640
74602.5 0.13770
74607.5 0.13900
74612.5 0.14020
74617.5 0.14150
74622.5 0.14270
74627.5 0.14390
74632.5 0.14500
74637.5 0.14620
74642.5 0.14730
74647.5 0.14840
74652.5 0.14950
74657.5 0.15060
74662.5 0.15170
74667.5 0.15270
74672.5 0.15380
74677.5 0.15480
74682.5 0.15580
74687.5 0.15680
74692.5 0.15780
74697.5 0.15880
74702.5 0.15980
74707.5 0.16080
74712.5 0.16170
74717.5 0.16270
74722.5 0.16360
74727.5 0.16460
74732.5 0.16550
74737.5 0.16650
74742.5 0.16740
74747.5 0.16830
74752.5 0.16920
74757.5 0.17010
74762.5 0.17100
74767.5 0.17190
74772.5 0.17280
74777.5 0.17370
74782.5 0.17450
74787.5 0.17540
74792.5 0.17620
74797.5 0.17700
74802.5 0.17780
74807.5 0.17860
74812.5 0.17940
74817.5 0.18020
74822.5 0.18090
74827.5 0.18170
74832.5 0.18240
74837.5 0.18310
74842.5 0.18380
74847.5 0.18450
74852.5 0.18520
74857.5 0.18580
74862.5 0.18650
74867.5 0.18710
74872.5 0.18770
74877.5 0.18830
74882.5 0.18890
74887.5 0.18940
74892.5 0.19000
74897.5 0.19050
74902.5 0.19110
74907.5 0.19160
74912.5 0.19210
74917.5 0.19250
74922.5 0.19300
74927.5 0.19350
74932.5 0.19390
74937.5 0.19430
74942.5 0.19470
74947.5 0.19510
74952.5 0.19540
74957.5 0.19580
74962.5 0.19610
74967.5 0.19640
74972.5 0.19670
74977.5 0.19700
74982.5 0.19730
74987.5 0.19750
74992.5 0.19780
74997.5 0.19800
75002.5 0.19830
75007.5 0.19850
75012.5 0.19870
75017.5 0.19890
75022.5 0.19900
75027.5 0.19920
75032.5 0.19940
75037.5 0.19950
75042.5 0.19970
75047.5 0.19980
75052.5 0.19990
75057.5 0.20000
75062.5 0.20010
75067.5 0.20020
75072.5 0.20030
75077.5 0.20040
75082.5 0.20050
75087.5 0.20060
75092.5 0.20060
75097.5 0.20070
75102.5 0.20070
75107.5 0.20080
75112.5 0.20080
75117.5 0.20090
75122.5 0.20090
75127.5 0.20090
75132.5 0.20090
75137.5 0.20100
75142.5 0.20100
75147.5 0.20100
75152.5 0.20100
75157.5 0.20100
75162.5 0.20100
75167.5 0.20100
75172.5 0.20100
75177.5 0.20100
75182.5 0.20100
75187.5 0.20100
75192.5 0.20100
75197.5 0.20100
75202.5 0.20100
75207.5 0.20090
75212.5 0.20090
75217.5 0.20090
75222.5 0.20090
75227.5 0.20080
75232.5 0.20080
75237.5 0.20070
75242.5 0.20070
75247.5 0.20060
75252.5 0.20050
75257.5 0.20050
75262.5 0.20040
75267.5 0.20030
75272.5 0.20020
75277.5 0.20010
75282.5 0.20000
75287.5 0.19990
75292.5 0.19980
75297.5 0.19970
75302.5 0.19960
75307.5 0.19950
75312.5 0.19940
75317.5 0.19930
75322.5 0.19930
75327.5 0.19920
75332.5 0.19910
75337.5 0.19900
75342.5 0.19900
75347.5 0.19890
75352.5 0.19890
75357.5 0.19890
75362.5 0.19890
75367.5 0.19890
75372.5 0.19890
75377.5 0.19890
75382.5 0.19900
75387.5 0.19900
75392.5 0.19910
75397.5 0.19910
75402.5 0.19920
75407.5 0.19930
75412.5 0.19940
75417.5 0.19950
75422.5 0.19960
75427.5 0.19970
75432.5 0.19980
75437.5 0.19990
75442.5 0.20000
75447.5 0.20010
75452.5 0.20030
75457.5 0.20040
75462.5 0.20040
75467.5 0.20050
75472.5 0.20060
75477.5 0.20070
75482.5 0.20080
75487.5 0.20080
75492.5 0.20090
75497.5 0.20090
75502.5 0.20100
75507.5 0.20100
75512.5 0.20100
75517.5 0.20110
75522.5 0.20110
75527.5 0.20110
75532.5 0.20110
75537.5 0.20120
75542.5 0.20120
75547.5 0.20120
75552.5 0.20130
75557.5 0.20130
75562.5 0.20140
75567.5 0.20150
75572.5 0.20150
75577.5 0.20160
75582.5 0.20170
75587.5 0.20180
75592.5 0.20190
75597.5 0.20200
75602.5 0.20220
75607.5 0.20230
75612.5 0.20250
75617.5 0.20270
75622.5 0.20280
75627.5 0.20300
75632.5 0.20320
75637.5 0.20340
75642.5 0.20360
75647.5 0.20380
75652.5 0.20400
75657.5 0.20410
75662.5 0.20430
75667.5 0.20450
75672.5 0.20470
75677.5 0.20490
75682.5 0.20500
75687.5 0.20520
75692.5 0.20530
75697.5 0.20550
75702.5 0.20560
75707.5 0.20570
75712.5 0.20580
75717.5 0.20590
75722.5 0.20600
75727.5 0.20610
75732.5 0.20610
75737.5 0.20620
75742.5 0.20630
75747.5 0.20630
75752.5 0.20640
75757.5 0.20650
75762.5 0.20660
75767.5 0.20660
75772.5 0.20670
75777.5 0.20680
75782.5 0.20690
75787.5 0.20700
75792.5 0.20710
75797.5 0.20730
75802.5 0.20740
75807.5 0.20760
75812.5 0.20780
75817.5 0.20800
75822.5 0.20820
75827.5 0.20840
75832.5 0.20860
75837.5 0.20890
75842.5 0.20920
75847.5 0.20940
75852.5 0.20970
75857.5 0.21000
75862.5 0.21020
75867.5 0.21050
75872.5 0.21070
75877.5 0.21100
75882.5 0.21120
75887.5 0.21150
75892.5 0.21170
75897.5 0.21190
75902.5 0.21210
75907.5 0.21230
75912.5 0.21240
75917.5 0.21250
75922.5 0.21260
75927.5 0.21270
75932.5 0.21280
75937.5 0.21280
75942.5 0.21280
75947.5 0.21280
75952.5 0.21270
75957.5 0.21270
75962.5 0.21260
75967.5 0.21250
75972.5 0.21240
75977.5 0.21230
75982.5 0.21220
75987.5 0.21200
75992.5 0.21190
75997.5 0.21170
76002.5 0.21160
76007.5 0.21140
76012.5 0.21120
76017.5 0.21110
76022.5 0.21090
76027.5 0.21070
76032.5 0.21060
76037.5 0.21040
76042.5 0.21030
76047.5 0.21010
76052.5 0.21000
76057.5 0.20980
76062.5 0.20970
76067.5 0.20960
76072.5 0.20950
76077.5 0.20950
76082.5 0.20940
76087.5 0.20940
76092.5 0.20940
76097.5 0.20940
76102.5 0.20950
76107.5 0.20960
76112.5 0.20970
76117.5 0.20990
76122.5 0.21010
76127.5 0.21040
76132.5 0.21070
76137.5 0.21100
76142.5 0.21140
76147.5 0.21190
76152.5 0.21240
76157.5 0.21300
76162.5 0.21360
76167.5 0.21430
76172.5 0.21500
76177.5 0.21580
76182.5 0.21660
76187.5 0.21750
76192.5 0.21850
76197.5 0.21940
76202.5 0.22050
76207.5 0.22160
76212.5 0.22270
76217.5 0.22390
76222.5 0.22520
76227.5 0.22650
76232.5 0.22780
76237.5 0.22920
76242.5 0.23070
76247.5 0.23220
76252.5 0.23380
76257.5 0.23540
76262.5 0.23710
76267.5 0.23890
76272.5 0.24060
76277.5 0.24240
76282.5 0.24430
76287.5 0.24610
76292.5 0.24790
76297.5 0.24980
76302.5 0.25160
76307.5 0.25330
76312.5 0.25510
76317.5 0.25680
76322.5 0.25850
76327.5 0.26010
76332.5 0.26160
76337.5 0.26310
76342.5 0.26440
76347.5 0.26570
76352.5 0.26690
76357.5 0.26790
76362.5 0.26890
76367.5 0.26970
76372.5 0.27030
76377.5 0.27090
76382.5 0.27130
76387.5 0.27160
76392.5 0.27180
76397.5 0.27190
76402.5 0.27190
76407.5 0.27180
76412.5 0.27170
76417.5 0.27160
76422.5 0.27140
76427.5 0.27120
76432.5 0.27090
76437.5 0.27070
76442.5 0.27040
76447.5 0.27020
76452.5 0.27000
76457.5 0.26980
76462.5 0.26960
76467.5 0.26950
76472.5 0.26940
76477.5 0.26950
76482.5 0.26950
76487.5 0.26970
76492.5 0.27000
76497.5 0.27030
76502.5 0.27060
76507.5 0.27110
76512.5 0.27150
76517.5 0.27200
76522.5 0.27260
76527.5 0.27310
76532.5 0.27370
76537.5 0.27420
76542.5 0.27480
76547.5 0.27540
76552.5 0.27590
76557.5 0.27650
76562.5 0.27700
76567.5 0.27740
76572.5 0.27790
76577.5 0.27830
76582.5 0.27860
76587.5 0.27880
76592.5 0.27900
76597.5 0.27910
76602.5 0.27920
76607.5 0.27910
76612.5 0.27900
76617.5 0.27890
76622.5 0.27870
76627.5 0.27850
76632.5 0.27820
76637.5 0.27790
76642.5 0.27750
76647.5 0.27720
76652.5 0.27680
76657.5 0.27650
76662.5 0.27610
76667.5 0.27580
76672.5 0.27540
76677.5 0.27510
76682.5 0.27480
76687.5 0.27450
76692.5 0.27430
76697.5 0.27410
76702.5 0.27400
76707.5 0.27400
76712.5 0.27400
76717.5 0.27400
76722.5 0.27420
76727.5 0.27430
76732.5 0.27450
76737.5 0.27470
76742.5 0.27500
76747.5 0.27530
76752.5 0.27550
76757.5 0.27580
76762.5 0.27610
76767.5 0.27640
76772.5 0.27670
76777.5 0.27690
76782.5 0.27710
76787.5 0.27730
76792.5 0.27750
76797.5 0.27760
76802.5 0.27760
76807.5 0.27760
76812.5 0.27750
76817.5 0.27740
76822.5 0.27710
76827.5 0.27680
76832.5 0.27650
76837.5 0.27600
76842.5 0.27550
76847.5 0.27490
76852.5 0.27430
76857.5 0.27370
76862.5 0.27300
76867.5 0.27230
76872.5 0.27160
76877.5 0.27080
76882.5 0.27010
76887.5 0.26930
76892.5 0.26860
76897.5 0.26780
76902.5 0.26710
76907.5 0.26640
76912.5 0.26570
76917.5 0.26510
76922.5 0.26440
76927.5 0.26390
76932.5 0.26340
76937.5 0.26290
76942.5 0.26250
76947.5 0.26220
76952.5 0.26190
76957.5 0.26170
76962.5 0.26140
76967.5 0.26130
76972.5 0.26110
76977.5 0.26100
76982.5 0.26090
76987.5 0.26090
76992.5 0.26080
76997.5 0.26080
77002.5 0.26080
77007.5 0.26070
77012.5 0.26070
77017.5 0.26070
77022.5 0.26060
77027.5 0.26060
77032.5 0.26050
77037.5 0.26040
77042.5 0.26030
77047.5 0.26010
77052.5 0.26000
77057.5 0.25970
77062.5 0.25950
77067.5 0.25920
77072.5 0.25890
77077.5 0.25860
77082.5 0.25830
77087.5 0.25790
77092.5 0.25750
77097.5 0.25720
77102.5 0.25680
77107.5 0.25640
77112.5 0.25600
77117.5 0.25560
77122.5 0.25520
77127.5 0.25480
77132.5 0.25440
77137.5 0.25400
77142.5 0.25360
77147.5 0.25320
77152.5 0.25290
77157.5 0.25260
77162.5 0.25230
77167.5 0.25200
77172.5 0.25170
77177.5 0.25150
77182.5 0.25130
77187.5 0.25110
77192.5 0.25090
77197.5 0.25070
77202.5 0.25060
77207.5 0.25040
77212.5 0.25030
77217.5 0.25020
77222.5 0.25010
77227.5 0.25010
77232.5 0.25000
77237.5 0.25000
77242.5 0.24990
77247.5 0.24990
77252.5 0.24990
77257.5 0.24980
77262.5 0.24980
77267.5 0.24980
77272.5 0.24980
77277.5 0.24980
77282.5 0.24990
77287.5 0.24990
77292.5 0.24990
77297.5 0.24990
77302.5 0.24990
77307.5 0.25000
77312.5 0.25000
77317.5 0.25000
77322.5 0.25010
77327.5 0.25010
77332.5 0.25020
77337.5 0.25020
77342.5 0.25030
77347.5 0.25030
77352.5 0.25040
77357.5 0.25040
77362.5 0.25050
77367.5 0.25050
77372.5 0.25060
77377.5 0.25060
77382.5 0.25070
77387.5 0.25070
77392.5 0.25080
77397.5 0.25080
77402.5 0.25090
77407.5 0.25090
77412.5 0.25100
77417.5 0.25100
77422.5 0.25110
77427.5 0.25110
77432.5 0.25110
77437.5 0.25120
77442.5 0.25120
77447.5 0.25120
77452.5 0.25120
77457.5 0.25120
77462.5 0.25120
77467.5 0.25120
77472.5 0.25120
77477.5 0.25120
77482.5 0.25110
77487.5 0.25110
77492.5 0.25100
77497.5 0.25090
77502.5 0.25080
77507.5 0.25070
77512.5 0.25060
77517.5 0.25050
77522.5 0.25030
77527.5 0.25020
77532.5 0.25000
77537.5 0.24980
77542.5 0.24960
77547.5 0.24940
77552.5 0.24920
77557.5 0.24900
77562.5 0.24880
77567.5 0.24860
77572.5 0.24840
77577.5 0.24820
77582.5 0.24800
77587.5 0.24780
77592.5 0.24760
77597.5 0.24740
77602.5 0.24720
77607.5 0.24700
77612.5 0.24690
77617.5 0.24670
77622.5 0.24660
77627.5 0.24650
77632.5 0.24640
77637.5 0.24630
77642.5 0.24620
77647.5 0.24620
77652.5 0.24610
77657.5 0.24610
77662.5 0.24600
77667.5 0.24600
77672.5 0.24590
77677.5 0.24590
77682.5 0.24590
77687.5 0.24590
77692.5 0.24580
77697.5 0.24580
77702.5 0.24580
77707.5 0.24570
77712.5 0.24570
77717.5 0.24570
77722.5 0.24560
77727.5 0.24550
77732.5 0.24540
77737.5 0.24530
77742.5 0.24520
77747.5 0.24510
77752.5 0.24500
77757.5 0.24480
77762.5 0.24470
77767.5 0.24450
77772.5 0.24430
77777.5 0.24410
77782.5 0.24390
77787.5 0.24370
77792.5 0.24360
77797.5 0.24340
77802.5 0.24320
77807.5 0.24300
77812.5 0.24280
77817.5 0.24260
77822.5 0.24240
77827.5 0.24230
77832.5 0.24210
77837.5 0.24200
77842.5 0.24180
77847.5 0.24170
77852.5 0.24160
77857.5 0.24150
77862.5 0.24150
77867.5 0.24140
77872.5 0.24140
77877.5 0.24140
77882.5 0.24140
77887.5 0.24140
77892.5 0.24140
77897.5 0.24150
77902.5 0.24150
77907.5 0.24160
77912.5 0.24160
77917.5 0.24170
77922.5 0.24180
77927.5 0.24190
77932.5 0.24190
77937.5 0.24200
77942.5 0.24210
77947.5 0.24220
77952.5 0.24220
77957.5 0.24230
77962.5 0.24230
77967.5 0.24240
77972.5 0.24240
77977.5 0.24240
77982.5 0.24250
77987.5 0.24250
77992.5 0.24250
77997.5 0.24240
78002.5 0.24240
78007.5 0.24240
78012.5 0.24240
78017.5 0.24230
78022.5 0.24230
78027.5 0.24230
78032.5 0.24220
78037.5 0.24220
78042.5 0.24210
78047.5 0.24210
78052.5 0.24210
78057.5 0.24200
78062.5 0.24200
78067.5 0.24200
78072.5 0.24200
78077.5 0.24190
78082.5 0.24200
78087.5 0.24200
78092.5 0.24200
78097.5 0.24200
78102.5 0.24210
78107.5 0.24210
78112.5 0.24220
78117.5 0.24230
78122.5 0.24230
78127.5 0.24240
78132.5 0.24250
78137.5 0.24260
78142.5 0.24270
78147.5 0.24280
78152.5 0.24300
78157.5 0.24310
78162.5 0.24320
78167.5 0.24330
78172.5 0.24340
78177.5 0.24360
78182.5 0.24370
78187.5 0.24380
78192.5 0.24390
78197.5 0.24400
78202.5 0.24420
78207.5 0.24430
78212.5 0.24440
78217.5 0.24450
78222.5 0.24460
78227.5 0.24470
78232.5 0.24470
78237.5 0.24480
78242.5 0.24490
78247.5 0.24500
78252.5 0.24510
78257.5 0.24510
78262.5 0.24520
78267.5 0.24530
78272.5 0.24530
78277.5 0.24540
78282.5 0.24550
78287.5 0.24550
78292.5 0.24560
78297.5 0.24560
78302.5 0.24570
78307.5 0.24580
78312.5 0.24580
78317.5 0.24590
78322.5 0.24590
78327.5 0.24600
78332.5 0.24610
78337.5 0.24610
78342.5 0.24620
78347.5 0.24630
78352.5 0.24630
78357.5 0.24640
78362.5 0.24640
78367.5 0.24650
78372.5 0.24650
78377.5 0.24660
78382.5 0.24660
78387.5 0.24670
78392.5 0.24670
78397.5 0.24670
78402.5 0.24680
78407.5 0.24680
78412.5 0.24680
78417.5 0.24680
78422.5 0.24680
78427.5 0.24680
78432.5 0.24670
78437.5 0.24670
78442.5 0.24660
78447.5 0.24660
78452.5 0.24650
78457.5 0.24640
78462.5 0.24630
78467.5 0.24620
78472.5 0.24610
78477.5 0.24590
78482.5 0.24580
78487.5 0.24560
78492.5 0.24550
78497.5 0.24530
78502.5 0.24510
78507.5 0.24490
78512.5 0.24470
78517.5 0.24450
78522.5 0.24430
78527.5 0.24410
78532.5 0.24380
78537.5 0.24360
78542.5 0.24340
78547.5 0.24310
78552.5 0.24280
78557.5 0.24260
78562.5 0.24230
78567.5 0.24200
78572.5 0.24170
78577.5 0.24150
78582.5 0.24120
78587.5 0.24090
78592.5 0.24050
78597.5 0.24020
78602.5 0.23990
78607.5 0.23960
78612.5 0.23930
78617.5 0.23890
78622.5 0.23860
78627.5 0.23830
78632.5 0.23790
78637.5 0.23760
78642.5 0.23720
78647.5 0.23690
78652.5 0.23650
78657.5 0.23620
78662.5 0.23580
78667.5 0.23550
78672.5 0.23510
78677.5 0.23470
78682.5 0.23440
78687.5 0.23400
78692.5 0.23360
78697.5 0.23330
78702.5 0.23290
78707.5 0.23250
78712.5 0.23210
78717.5 0.23180
78722.5 0.23140
78727.5 0.23100
78732.5 0.23060
78737.5 0.23030
78742.5 0.22990
78747.5 0.22950
78752.5 0.22920
78757.5 0.22880
78762.5 0.22840
78767.5 0.22810
78772.5 0.22770
78777.5 0.22740
78782.5 0.22700
78787.5 0.22670
78792.5 0.22630
78797.5 0.22600
78802.5 0.22570
78807.5 0.22540
78812.5 0.22500
78817.5 0.22470
78822.5 0.22440
78827.5 0.22410
78832.5 0.22390
78837.5 0.22360
78842.5 0.22330
78847.5 0.22300
78852.5 0.22270
78857.5 0.22250
78862.5 0.22220
78867.5 0.22190
78872.5 0.22170
78877.5 0.22140
78882.5 0.22110
78887.5 0.22090
78892.5 0.22060
78897.5 0.22040
78902.5 0.22010
78907.5 0.21990
78912.5 0.21960
78917.5 0.21940
78922.5 0.21910
78927.5 0.21890
78932.5 0.21860
78937.5 0.21840
78942.5 0.21810
78947.5 0.21790
78952.5 0.21760
78957.5 0.21740
78962.5 0.21710
78967.5 0.21690
78972.5 0.21670
78977.5 0.21640
78982.5 0.21620
78987.5 0.21600
78992.5 0.21570
78997.5 0.21550
79002.5 0.21530
79007.5 0.21510
79012.5 0.21490
79017.5 0.21470
79022.5 0.21450
79027.5 0.21430
79032.5 0.21410
79037.5 0.21390
79042.5 0.21380
79047.5 0.21360
79052.5 0.21350
79057.5 0.21330
79062.5 0.21320
79067.5 0.21310
79072.5 0.21300
79077.5 0.21280
79082.5 0.21270
79087.5 0.21260
79092.5 0.21250
79097.5 0.21240
79102.5 0.21230
79107.5 0.21220
79112.5 0.21210
79117.5 0.21200
79122.5 0.21190
79127.5 0.21180
79132.5 0.21170
79137.5 0.21160
79142.5 0.21150
79147.5 0.21140
79152.5 0.21130
79157.5 0.21110
79162.5 0.21100
79167.5 0.21090
79172.5 0.21070
79177.5 0.21050
79182.5 0.21040
79187.5 0.21020
79192.5 0.21000
79197.5 0.20980
79202.5 0.20960
79207.5 0.20930
79212.5 0.20910
79217.5 0.20880
79222.5 0.20860
79227.5 0.20830
79232.5 0.20790
79237.5 0.20760
79242.5 0.20720
79247.5 0.20680
79252.5 0.20640
79257.5 0.20600
79262.5 0.20550
79267.5 0.20500
79272.5 0.20450
79277.5 0.20390
79282.5 0.20340
79287.5 0.20270
79292.5 0.20210
79297.5 0.20140
79302.5 0.20060
79307.5 0.19990
79312.5 0.19910
79317.5 0.19820
79322.5 0.19740
79327.5 0.19650
79332.5 0.19550
79337.5 0.19460
79342.5 0.19360
79347.5 0.19250
79352.5 0.19150
79357.5 0.19040
79362.5 0.18920
79367.5 0.18810
79372.5 0.18690
79377.5 0.18570
79382.5 0.18440
79387.5 0.18310
79392.5 0.18180
79397.5 0.18040
79402.5 0.17910
79407.5 0.17760
79412.5 0.17620
79417.5 0.17460
79422.5 0.17310
79427.5 0.17150
79432.5 0.16990
79437.5 0.16830
79442.5 0.16660
79447.5 0.16500
79452.5 0.16320
79457.5 0.16150
79462.5 0.15970
79467.5 0.15790
79472.5 0.15610
79477.5 0.15430
79482.5 0.15250
79487.5 0.15060
79492.5 0.14870
79497.5 0.14680
79502.5 0.14490
79507.5 0.14300
79512.5 0.14100
79517.5 0.13900
79522.5 0.13710
79527.5 0.13510
79532.5 0.13310
79537.5 0.13110
79542.5 0.12910
79547.5 0.12710
79552.5 0.12500
79557.5 0.12300
79562.5 0.12100
79567.5 0.11900
79572.5 0.11690
79577.5 0.11490
79582.5 0.11290
79587.5 0.11080
79592.5 0.10880
79597.5 0.10680
79602.5 0.10480
79607.5 0.10280
79612.5 0.10080
79617.5 0.09880
79622.5 0.09690
79627.5 0.09490
79632.5 0.09300
79637.5 0.09110
79642.5 0.08920
79647.5 0.08730
79652.5 0.08550
79657.5 0.08360
79662.5 0.08180
79667.5 0.08000
79672.5 0.07830
79677.5 0.07660
79682.5 0.07480
79687.5 0.07320
79692.5 0.07150
79697.5 0.06990
79702.5 0.06830
79707.5 0.06670
79712.5 0.06510
79717.5 0.06360
79722.5 0.06210
79727.5 0.06060
79732.5 0.05910
79737.5 0.05770
79742.5 0.05630
79747.5 0.05490
79752.5 0.05350
79757.5 0.05220
79762.5 0.05090
79767.5 0.04970
79772.5 0.04840
79777.5 0.04720
79782.5 0.04610
79787.5 0.04490
79792.5 0.04380
79797.5 0.04270
79802.5 0.04170
79807.5 0.04060
79812.5 0.03960
79817.5 0.03860
79822.5 0.03770
79827.5 0.03680
79832.5 0.03580
79837.5 0.03500
79842.5 0.03410
79847.5 0.03330
79852.5 0.03240
79857.5 0.03160
79862.5 0.03090
79867.5 0.03010
79872.5 0.02940
79877.5 0.02860
79882.5 0.02790
79887.5 0.02730
79892.5 0.02660
79897.5 0.02600
79902.5 0.02540
79907.5 0.02480
79912.5 0.02420
79917.5 0.02360
79922.5 0.02310
79927.5 0.02250
79932.5 0.02200
79937.5 0.02150
79942.5 0.02110
79947.5 0.02060
79952.5 0.02010
79957.5 0.01970
79962.5 0.01930
79967.5 0.01880
79972.5 0.01840
79977.5 0.01800
79982.5 0.01770
79987.5 0.01730
79992.5 0.01690
79997.5 0.01660
80002.5 0.01620
80007.5 0.01590
80012.5 0.01560
80017.5 0.01520
80022.5 0.01490
80027.5 0.01460
80032.5 0.01430
80037.5 0.01410
80042.5 0.01380
80047.5 0.01350
80052.5 0.01320
80057.5 0.01300
80062.5 0.01270
80067.5 0.01250
80072.5 0.01220
80077.5 0.01200
80082.5 0.01180
80087.5 0.01160
80092.5 0.01130
80097.5 0.01110
80102.5 0.01090
80107.5 0.01070
80112.5 0.01050
80117.5 0.01030
80122.5 0.01010
80127.5 0.01000
80132.5 0.00980
80137.5 0.00960
80142.5 0.00940
80147.5 0.00930
80152.5 0.00910
80157.5 0.00900
80162.5 0.00880
80167.5 0.00860
80172.5 0.00850
80177.5 0.00840
80182.5 0.00820
80187.5 0.00810
80192.5 0.00790
80197.5 0.00780
80202.5 0.00770
80207.5 0.00760
80212.5 0.00740
80217.5 0.00730
80222.5 0.00720
80227.5 0.00710
80232.5 0.00700
80237.5 0.00680
80242.5 0.00670
80247.5 0.00660
80252.5 0.00650
80257.5 0.00640
80262.5 0.00630
80267.5 0.00620
80272.5 0.00610
80277.5 0.00600
80282.5 0.00590
80287.5 0.00570
80292.5 0.00560
80297.5 0.00550
80302.5 0.00540
80307.5 0.00530
80312.5 0.00520
80317.5 0.00510
80322.5 0.00500
80327.5 0.00490
80332.5 0.00490
80337.5 0.00480
80342.5 0.00470
80347.5 0.00460
80352.5 0.00450
80357.5 0.00440
80362.5 0.00430
80367.5 0.00420
80372.5 0.00420
80377.5 0.00410
80382.5 0.00400
80387.5 0.00390
80392.5 0.00380
80397.5 0.00380
80402.5 0.00370
80407.5 0.00360
80412.5 0.00360
80417.5 0.00350
80422.5 0.00350
80427.5 0.00340
80432.5 0.00330
80437.5 0.00330
80442.5 0.00320
80447.5 0.00320
80452.5 0.00310
80457.5 0.00310
80462.5 0.00300
80467.5 0.00300
80472.5 0.00290
80477.5 0.00290
80482.5 0.00290
80487.5 0.00280
80492.5 0.00280
80497.5 0.00270
80502.5 0.00270
80507.5 0.00270
80512.5 0.00260
80517.5 0.00260
80522.5 0.00260
80527.5 0.00250
80532.5 0.00250
80537.5 0.00250
80542.5 0.00240
80547.5 0.00240
80552.5 0.00240
80557.5 0.00240
80562.5 0.00230
80567.5 0.00230
80572.5 0.00230
80577.5 0.00230
80582.5 0.00230
80587.5 0.00220
80592.5 0.00220
80597.5 0.00220
80602.5 0.00220
80607.5 0.00210
80612.5 0.00210
80617.5 0.00210
80622.5 0.00210
80627.5 0.00200
80632.5 0.00200
80637.5 0.00200
80642.5 0.00200
80647.5 0.00190
80652.5 0.00190
80657.5 0.00190
80662.5 0.00190
80667.5 0.00180
80672.5 0.00180
80677.5 0.00180
80682.5 0.00170
80687.5 0.00170
80692.5 0.00170
80697.5 0.00160
80702.5 0.00160
80707.5 0.00160
80712.5 0.00150
80717.5 0.00150
80722.5 0.00150
80727.5 0.00140
80732.5 0.00140
80737.5 0.00140
80742.5 0.00130
80747.5 0.00130
80752.5 0.00130
80757.5 0.00120
80762.5 0.00120
80767.5 0.00120
80772.5 0.00120
80777.5 0.00110
80782.5 0.00110
80787.5 0.00110
80792.5 0.00100
80797.5 0.00100
80802.5 0.00100
80807.5 0.00090
80812.5 0.00090
80817.5 0.00090
80822.5 0.00090
80827.5 0.00080
80832.5 0.00080
80837.5 0.00080
80842.5 0.00080
80847.5 0.00070
80852.5 0.00070
80857.5 0.00070
80862.5 0.00070
80867.5 0.00070
80872.5 0.00060
80877.5 0.00060
80882.5 0.00060
80887.5 0.00060
80892.5 0.00060
80897.5 0.00060
80902.5 0.00060
80907.5 0.00050
80912.5 0.00050
80917.5 0.00050
80922.5 0.00050
80927.5 0.00050
80932.5 0.00050
80937.5 0.00050
80942.5 0.00050
80947.5 0.00050
80952.5 0.00050
80957.5 0.00050
80962.5 0.00050
80967.5 0.00050
80972.5 0.00050
80977.5 0.00050
80982.5 0.00050
80987.5 0.00050
80992.5 0.00050
80997.5 0.00050
81002.5 0.00050
81007.5 0.00050
81012.5 0.00050
81017.5 0.00050
81022.5 0.00050
81027.5 0.00050
81032.5 0.00050
81037.5 0.00050
81042.5 0.00050
81047.5 0.00050
81052.5 0.00050
81057.5 0.00050
81062.5 0.00050
81067.5 0.00050
81072.5 0.00050
81077.5 0.00050
81082.5 0.00050
81087.5 0.00050
81092.5 0.00050
81097.5 0.00050
81102.5 0.00050
81107.5 0.00050
81112.5 0.00050
81117.5 0.00050
81122.5 0.00050
81127.5 0.00050
81132.5 0.00050
81137.5 0.00050
81142.5 0.00050
81147.5 0.00050
