103501.0 0.00020
103506.0 0.00020
103511.0 0.00020
103516.0 0.00020
103521.0 0.00020
103526.0 0.00020
103531.0 0.00020
103536.0 0.00030
103541.0 0.00030
103546.0 0.00030
103551.0 0.00030
103556.0 0.00030
103561.0 0.00030
103566.0 0.00030
103571.0 0.00030
103576.0 0.00030
103581.0 0.00030
103586.0 0.00040
103591.0 0.00040
103596.0 0.00040
103601.0 0.00040
103606.0 0.00040
103611.0 0.00040
103616.0 0.00040
103621.0 0.00040
103626.0 0.00040
103631.0 0.00040
103636.0 0.00050
103641.0 0.00050
103646.0 0.00050
103651.0 0.00050
103656.0 0.00050
103661.0 0.00050
103666.0 0.00050
103671.0 0.00050
103676.0 0.00060
103681.0 0.00060
103686.0 0.00060
103691.0 0.00060
103696.0 0.00060
103701.0 0.00060
103706.0 0.00060
103711.0 0.00060
103716.0 0.00070
103721.0 0.00070
103726.0 0.00070
103731.0 0.00070
103736.0 0.00070
103741.0 0.00070
103746.0 0.00070
103751.0 0.00080
103756.0 0.00080
103761.0 0.00080
103766.0 0.00080
103771.0 0.00080
103776.0 0.00080
103781.0 0.00080
103786.0 0.00090
103791.0 0.00090
103796.0 0.00090
103801.0 0.00090
103806.0 0.00090
103811.0 0.00090
103816.0 0.00090
103821.0 0.00100
103826.0 0.00100
103831.0 0.00100
103836.0 0.00100
103841.0 0.00100
103846.0 0.00100
103851.0 0.00100
103856.0 0.00110
103861.0 0.00110
103866.0 0.00110
103871.0 0.00110
103876.0 0.00110
103881.0 0.00110
103886.0 0.00120
103891.0 0.00120
103896.0 0.00120
103901.0 0.00120
103906.0 0.00120
103911.0 0.00120
103916.0 0.00120
103921.0 0.00130
103926.0 0.00130
103931.0 0.00130
103936.0 0.00130
103941.0 0.00130
103946.0 0.00130
103951.0 0.00130
103956.0 0.00130
103961.0 0.00140
103966.0 0.00140
103971.0 0.00140
103976.0 0.00140
103981.0 0.00140
103986.0 0.00140
103991.0 0.00140
103996.0 0.00150
104001.0 0.00150
104006.0 0.00150
104011.0 0.00150
104016.0 0.00150
104021.0 0.00150
104026.0 0.00150
104031.0 0.00150
104036.0 0.00160
104041.0 0.00160
104046.0 0.00160
104051.0 0.00160
104056.0 0.00160
104061.0 0.00160
104066.0 0.00160
104071.0 0.00170
104076.0 0.00170
104081.0 0.00170
104086.0 0.00170
104091.0 0.00170
104096.0 0.00170
104101.0 0.00170
104106.0 0.00170
104111.0 0.00180
104116.0 0.00180
104121.0 0.00180
104126.0 0.00180
104131.0 0.00180
104136.0 0.00180
104141.0 0.00180
104146.0 0.00190
104151.0 0.00190
104156.0 0.00190
104161.0 0.00190
104166.0 0.00190
104171.0 0.00190
104176.0 0.00190
104181.0 0.00200
104186.0 0.00200
104191.0 0.00200
104196.0 0.00200
104201.0 0.00200
104206.0 0.00200
104211.0 0.00210
104216.0 0.00210
104221.0 0.00210
104226.0 0.00210
104231.0 0.00210
104236.0 0.00210
104241.0 0.00210
104246.0 0.00220
104251.0 0.00220
104256.0 0.00220
104261.0 0.00220
104266.0 0.00220
104271.0 0.00220
104276.0 0.00220
104281.0 0.00230
104286.0 0.00230
104291.0 0.00230
104296.0 0.00230
104301.0 0.00230
104306.0 0.00230
104311.0 0.00240
104316.0 0.00240
104321.0 0.00240
104326.0 0.00240
104331.0 0.00240
104336.0 0.00240
104341.0 0.00240
104346.0 0.00250
104351.0 0.00250
104356.0 0.00250
104361.0 0.00250
104366.0 0.00250
104371.0 0.00250
104376.0 0.00250
104381.0 0.00260
104386.0 0.00260
104391.0 0.00260
104396.0 0.00260
104401.0 0.00260
104406.0 0.00260
104411.0 0.00270
104416.0 0.00270
104421.0 0.00270
104426.0 0.00270
104431.0 0.00270
104436.0 0.00270
104441.0 0.00280
104446.0 0.00280
104451.0 0.00280
104456.0 0.00280
104461.0 0.00280
104466.0 0.00280
104471.0 0.00290
104476.0 0.00290
104481.0 0.00290
104486.0 0.00290
104491.0 0.00290
104496.0 0.00300
104501.0 0.00300
104506.0 0.00300
104511.0 0.00300
104516.0 0.00310
104521.0 0.00310
104526.0 0.00310
104531.0 0.00310
104536.0 0.00320
104541.0 0.00320
104546.0 0.00320
104551.0 0.00320
104556.0 0.00330
104561.0 0.00330
104566.0 0.00330
104571.0 0.00340
104576.0 0.00340
104581.0 0.00340
104586.0 0.00350
104591.0 0.00350
104596.0 0.00350
104601.0 0.00360
104606.0 0.00360
104611.0 0.00360
104616.0 0.00370
104621.0 0.00370
104626.0 0.00380
104631.0 0.00380
104636.0 0.00380
104641.0 0.00390
104646.0 0.00390
104651.0 0.00400
104656.0 0.00400
104661.0 0.00410
104666.0 0.00410
104671.0 0.00420
104676.0 0.00420
104681.0 0.00430
104686.0 0.00430
104691.0 0.00440
104696.0 0.00440
104701.0 0.00450
104706.0 0.00460
104711.0 0.00460
104716.0 0.00470
104721.0 0.00480
104726.0 0.00480
104731.0 0.00490
104736.0 0.00500
104741.0 0.00500
104746.0 0.00510
104751.0 0.00520
104756.0 0.00520
104761.0 0.00530
104766.0 0.00540
104771.0 0.00550
104776.0 0.00560
104781.0 0.00570
104786.0 0.00570
104791.0 0.00580
104796.0 0.00590
104801.0 0.00600
104806.0 0.00610
104811.0 0.00620
104816.0 0.00630
104821.0 0.00640
104826.0 0.00650
104831.0 0.00660
104836.0 0.00670
104841.0 0.00680
104846.0 0.00690
104851.0 0.00700
104856.0 0.00710
104861.0 0.00720
104866.0 0.00740
104871.0 0.00750
104876.0 0.00760
104881.0 0.00770
104886.0 0.00780
104891.0 0.00790
104896.0 0.00810
104901.0 0.00820
104906.0 0.00830
104911.0 0.00840
104916.0 0.00860
104921.0 0.00870
104926.0 0.00880
104931.0 0.00900
104936.0 0.00910
104941.0 0.00920
104946.0 0.00940
104951.0 0.00950
104956.0 0.00960
104961.0 0.00980
104966.0 0.00990
104971.0 0.01010
104976.0 0.01020
104981.0 0.01040
104986.0 0.01050
104991.0 0.01070
104996.0 0.01080
105001.0 0.01100
105006.0 0.01110
105011.0 0.01130
105016.0 0.01140
105021.0 0.01160
105026.0 0.01180
105031.0 0.01190
105036.0 0.01210
105041.0 0.01230
105046.0 0.01240
105051.0 0.01260
105056.0 0.01280
105061.0 0.01300
105066.0 0.01310
105071.0 0.01330
105076.0 0.01350
105081.0 0.01370
105086.0 0.01390
105091.0 0.01410
105096.0 0.01430
105101.0 0.01450
105106.0 0.01460
105111.0 0.01480
105116.0 0.01500
105121.0 0.01520
105126.0 0.01550
105131.0 0.01570
105136.0 0.01590
105141.0 0.01610
105146.0 0.01630
105151.0 0.01650
105156.0 0.01670
105161.0 0.01700
105166.0 0.01720
105171.0 0.01740
105176.0 0.01760
105181.0 0.01790
105186.0 0.01810
105191.0 0.01840
105196.0 0.01860
105201.0 0.01880
105206.0 0.01910
105211.0 0.01930
105216.0 0.01960
105221.0 0.01990
105226.0 0.02010
105231.0 0.02040
105236.0 0.02070
105241.0 0.02090
105246.0 0.02120
105251.0 0.02150
105256.0 0.02180
105261.0 0.02200
105266.0 0.02230
105271.0 0.02260
105276.0 0.02290
105281.0 0.02320
105286.0 0.02350
105291.0 0.02380
105296.0 0.02410
105301.0 0.02450
105306.0 0.02480
105311.0 0.02510
105316.0 0.02540
105321.0 0.02580
105326.0 0.02610
105331.0 0.02640
105336.0 0.02680
105341.0 0.02710
105346.0 0.02750
105351.0 0.02790
105356.0 0.02820
105361.0 0.02860
105366.0 0.02900
105371.0 0.02930
105376.0 0.02970
105381.0 0.03010
105386.0 0.03050
105391.0 0.03090
105396.0 0.03130
105401.0 0.03170
105406.0 0.03210
105411.0 0.03260
105416.0 0.03300
105421.0 0.03340
105426.0 0.03390
105431.0 0.03430
105436.0 0.03480
105441.0 0.03520
105446.0 0.03570
105451.0 0.03610
105456.0 0.03660
105461.0 0.03710
105466.0 0.03760
105471.0 0.03810
105476.0 0.03860
105481.0 0.03910
105486.0 0.03960
105491.0 0.04010
105496.0 0.04060
105501.0 0.04110
105506.0 0.04170
105511.0 0.04220
105516.0 0.04280
105521.0 0.04330
105526.0 0.04390
105531.0 0.04440
105536.0 0.04500
105541.0 0.04560
105546.0 0.04620
105551.0 0.04670
105556.0 0.04730
105561.0 0.04790
105566.0 0.04860
105571.0 0.04920
105576.0 0.04980
105581.0 0.05040
105586.0 0.05110
105591.0 0.05170
105596.0 0.05240
105601.0 0.05300
105606.0 0.05370
105611.0 0.05440
105616.0 0.05510
105621.0 0.05580
105626.0 0.05650
105631.0 0.05720
105636.0 0.05790
105641.0 0.05860
105646.0 0.05930
105651.0 0.06010
105656.0 0.06080
105661.0 0.06160
105666.0 0.06230
105671.0 0.06310
105676.0 0.06390
105681.0 0.06470
105686.0 0.06550
105691.0 0.06630
105696.0 0.06710
105701.0 0.06790
105706.0 0.06870
105711.0 0.06950
105716.0 0.07040
105721.0 0.07120
105726.0 0.07210
105731.0 0.07290
105736.0 0.07380
105741.0 0.07470
105746.0 0.07550
105751.0 0.07640
105756.0 0.07730
105761.0 0.07820
105766.0 0.07910
105771.0 0.08000
105776.0 0.08100
105781.0 0.08190
105786.0 0.08280
105791.0 0.08380
105796.0 0.08470
105801.0 0.08570
105806.0 0.08670
105811.0 0.08760
105816.0 0.08860
105821.0 0.08960
105826.0 0.09060
105831.0 0.09160
105836.0 0.09260
105841.0 0.09370
105846.0 0.09470
105851.0 0.09570
105856.0 0.09680
105861.0 0.09780
105866.0 0.09890
105871.0 0.10000
105876.0 0.10100
105881.0 0.10210
105886.0 0.10320
105891.0 0.10430
105896.0 0.10540
105901.0 0.10650
105906.0 0.10760
105911.0 0.10870
105916.0 0.10980
105921.0 0.11100
105926.0 0.11210
105931.0 0.11320
105936.0 0.11440
105941.0 0.11550
105946.0 0.11670
105951.0 0.11790
105956.0 0.11900
105961.0 0.12020
105966.0 0.12140
105971.0 0.12260
105976.0 0.12370
105981.0 0.12490
105986.0 0.12610
105991.0 0.12730
105996.0 0.12850
106001.0 0.12980
106006.0 0.13100
106011.0 0.13220
106016.0 0.13340
106021.0 0.13460
106026.0 0.13590
106031.0 0.13710
106036.0 0.13830
106041.0 0.13960
106046.0 0.14080
106051.0 0.14210
106056.0 0.14330
106061.0 0.14460
106066.0 0.14580
106071.0 0.14710
106076.0 0.14840
106081.0 0.14960
106086.0 0.15090
106091.0 0.15220
106096.0 0.15340
106101.0 0.15470
106106.0 0.15600
106111.0 0.15730
106116.0 0.15860
106121.0 0.15980
106126.0 0.16110
106131.0 0.16240
106136.0 0.16370
106141.0 0.16500
106146.0 0.16630
106151.0 0.16750
106156.0 0.16880
106161.0 0.17010
106166.0 0.17140
106171.0 0.17270
106176.0 0.17390
106181.0 0.17520
106186.0 0.17650
106191.0 0.17780
106196.0 0.17900
106201.0 0.18030
106206.0 0.18160
106211.0 0.18280
106216.0 0.18410
106221.0 0.18540
106226.0 0.18660
106231.0 0.18790
106236.0 0.18910
106241.0 0.19040
106246.0 0.19160
106251.0 0.19280
106256.0 0.19410
106261.0 0.19530
106266.0 0.19650
106271.0 0.19770
106276.0 0.19900
106281.0 0.20020
106286.0 0.20140
106291.0 0.20260
106296.0 0.20380
106301.0 0.20490
106306.0 0.20610
106311.0 0.20730
106316.0 0.20850
106321.0 0.20960
106326.0 0.21080
106331.0 0.21190
106336.0 0.21310
106341.0 0.21420
106346.0 0.21540
106351.0 0.21650
106356.0 0.21760
106361.0 0.21870
106366.0 0.21980
106371.0 0.22090
106376.0 0.22200
106381.0 0.22310
106386.0 0.22420
106391.0 0.22530
106396.0 0.22630
106401.0 0.22740
106406.0 0.22840
106411.0 0.22950
106416.0 0.23050
106421.0 0.23150
106426.0 0.23250
106431.0 0.23350
106436.0 0.23450
106441.0 0.23550
106446.0 0.23650
106451.0 0.23750
106456.0 0.23840
106461.0 0.23940
106466.0 0.24030
106471.0 0.24120
106476.0 0.24210
106481.0 0.24310
106486.0 0.24390
106491.0 0.24480
106496.0 0.24570
106501.0 0.24660
106506.0 0.24740
106511.0 0.24830
106516.0 0.24910
106521.0 0.24990
106526.0 0.25070
106531.0 0.25150
106536.0 0.25230
106541.0 0.25310
106546.0 0.25390
106551.0 0.25460
106556.0 0.25540
106561.0 0.25610
106566.0 0.25690
106571.0 0.25760
106576.0 0.25830
106581.0 0.25900
106586.0 0.25970
106591.0 0.26040
106596.0 0.26110
106601.0 0.26180
106606.0 0.26240
106611.0 0.26310
106616.0 0.26370
106621.0 0.26440
106626.0 0.26500
106631.0 0.26560
106636.0 0.26620
106641.0 0.26680
106646.0 0.26740
106651.0 0.26800
106656.0 0.26860
106661.0 0.26910
106666.0 0.26970
106671.0 0.27020
106676.0 0.27080
106681.0 0.27130
106686.0 0.27180
106691.0 0.27230
106696.0 0.27280
106701.0 0.27330
106706.0 0.27380
106711.0 0.27430
106716.0 0.27470
106721.0 0.27520
106726.0 0.27570
106731.0 0.27610
106736.0 0.27650
106741.0 0.27690
106746.0 0.27740
106751.0 0.27780
106756.0 0.27820
106761.0 0.27860
106766.0 0.27900
106771.0 0.27930
106776.0 0.27970
106781.0 0.28010
106786.0 0.28040
106791.0 0.28080
106796.0 0.28110
106801.0 0.28140
106806.0 0.28180
106811.0 0.28210
106816.0 0.28240
106821.0 0.28270
106826.0 0.28300
106831.0 0.28330
106836.0 0.28360
106841.0 0.28390
106846.0 0.28420
106851.0 0.28440
106856.0 0.28470
106861.0 0.28500
106866.0 0.28520
106871.0 0.28550
106876.0 0.28570
106881.0 0.28600
106886.0 0.28620
106891.0 0.28640
106896.0 0.28660
106901.0 0.28680
106906.0 0.28710
106911.0 0.28730
106916.0 0.28750
106921.0 0.28760
106926.0 0.28780
106931.0 0.28800
106936.0 0.28820
106941.0 0.28840
106946.0 0.28850
106951.0 0.28870
106956.0 0.28890
106961.0 0.28900
106966.0 0.28920
106971.0 0.28930
106976.0 0.28940
106981.0 0.28960
106986.0 0.28970
106991.0 0.28980
106996.0 0.29000
107001.0 0.29010
107006.0 0.29020
107011.0 0.29030
107016.0 0.29040
107021.0 0.29050
107026.0 0.29070
107031.0 0.29080
107036.0 0.29090
107041.0 0.29100
107046.0 0.29100
107051.0 0.29110
107056.0 0.29120
107061.0 0.29130
107066.0 0.29140
107071.0 0.29150
107076.0 0.29160
107081.0 0.29170
107086.0 0.29170
107091.0 0.29180
107096.0 0.29190
107101.0 0.29200
107106.0 0.29200
107111.0 0.29210
107116.0 0.29220
107121.0 0.29220
107126.0 0.29230
107131.0 0.29240
107136.0 0.29240
107141.0 0.29250
107146.0 0.29260
107151.0 0.29260
107156.0 0.29270
107161.0 0.29270
107166.0 0.29280
107171.0 0.29290
107176.0 0.29290
107181.0 0.29300
107186.0 0.29300
107191.0 0.29310
107196.0 0.29320
107201.0 0.29320
107206.0 0.29330
107211.0 0.29330
107216.0 0.29340
107221.0 0.29340
107226.0 0.29350
107231.0 0.29360
107236.0 0.29360
107241.0 0.29370
107246.0 0.29370
107251.0 0.29380
107256.0 0.29380
107261.0 0.29390
107266.0 0.29390
107271.0 0.29400
107276.0 0.29400
107281.0 0.29410
107286.0 0.29410
107291.0 0.29420
107296.0 0.29430
107301.0 0.29430
107306.0 0.29440
107311.0 0.29440
107316.0 0.29450
107321.0 0.29450
107326.0 0.29460
107331.0 0.29460
107336.0 0.29470
107341.0 0.29480
107346.0 0.29480
107351.0 0.29490
107356.0 0.29490
107361.0 0.29500
107366.0 0.29510
107371.0 0.29510
107376.0 0.29520
107381.0 0.29520
107386.0 0.29530
107391.0 0.29540
107396.0 0.29540
107401.0 0.29550
107406.0 0.29560
107411.0 0.29560
107416.0 0.29570
107421.0 0.29570
107426.0 0.29580
107431.0 0.29590
107436.0 0.29590
107441.0 0.29600
107446.0 0.29610
107451.0 0.29610
107456.0 0.29620
107461.0 0.29630
107466.0 0.29640
107471.0 0.29640
107476.0 0.29650
107481.0 0.29660
107486.0 0.29660
107491.0 0.29670
107496.0 0.29680
107501.0 0.29680
107506.0 0.29690
107511.0 0.29700
107516.0 0.29710
107521.0 0.29710
107526.0 0.29720
107531.0 0.29730
107536.0 0.29730
107541.0 0.29740
107546.0 0.29750
107551.0 0.29760
107556.0 0.29760
107561.0 0.29770
107566.0 0.29780
107571.0 0.29790
107576.0 0.29790
107581.0 0.29800
107586.0 0.29810
107591.0 0.29820
107596.0 0.29820
107601.0 0.29830
107606.0 0.29840
107611.0 0.29850
107616.0 0.29850
107621.0 0.29860
107626.0 0.29870
107631.0 0.29880
107636.0 0.29880
107641.0 0.29890
107646.0 0.29900
107651.0 0.29900
107656.0 0.29910
107661.0 0.29920
107666.0 0.29930
107671.0 0.29930
107676.0 0.29940
107681.0 0.29950
107686.0 0.29960
107691.0 0.29960
107696.0 0.29970
107701.0 0.29980
107706.0 0.29990
107711.0 0.29990
107716.0 0.30000
107721.0 0.30010
107726.0 0.30020
107731.0 0.30020
107736.0 0.30030
107741.0 0.30040
107746.0 0.30050
107751.0 0.30050
107756.0 0.30060
107761.0 0.30070
107766.0 0.30070
107771.0 0.30080
107776.0 0.30090
107781.0 0.30100
107786.0 0.30100
107791.0 0.30110
107796.0 0.30120
107801.0 0.30120
107806.0 0.30130
107811.0 0.30140
107816.0 0.30140
107821.0 0.30150
107826.0 0.30160
107831.0 0.30160
107836.0 0.30170
107841.0 0.30180
107846.0 0.30180
107851.0 0.30190
107856.0 0.30200
107861.0 0.30200
107866.0 0.30210
107871.0 0.30220
107876.0 0.30220
107881.0 0.30230
107886.0 0.30230
107891.0 0.30240
107896.0 0.30250
107901.0 0.30250
107906.0 0.30260
107911.0 0.30260
107916.0 0.30270
107921.0 0.30270
107926.0 0.30280
107931.0 0.30280
107936.0 0.30290
107941.0 0.30290
107946.0 0.30300
107951.0 0.30300
107956.0 0.30310
107961.0 0.30310
107966.0 0.30320
107971.0 0.30320
107976.0 0.30330
107981.0 0.30330
107986.0 0.30330
107991.0 0.30340
107996.0 0.30340
108001.0 0.30340
108006.0 0.30350
108011.0 0.30350
108016.0 0.30350
108021.0 0.30360
108026.0 0.30360
108031.0 0.30360
108036.0 0.30360
108041.0 0.30370
108046.0 0.30370
108051.0 0.30370
108056.0 0.30370
108061.0 0.30370
108066.0 0.30370
108071.0 0.30370
108076.0 0.30370
108081.0 0.30370
108086.0 0.30370
108091.0 0.30370
108096.0 0.30370
108101.0 0.30370
108106.0 0.30370
108111.0 0.30370
108116.0 0.30370
108121.0 0.30370
108126.0 0.30370
108131.0 0.30370
108136.0 0.30370
108141.0 0.30370
108146.0 0.30360
108151.0 0.30360
108156.0 0.30360
108161.0 0.30360
108166.0 0.30350
108171.0 0.30350
108176.0 0.30350
108181.0 0.30340
108186.0 0.30340
108191.0 0.30340
108196.0 0.30330
108201.0 0.30330
108206.0 0.30320
108211.0 0.30320
108216.0 0.30310
108221.0 0.30310
108226.0 0.30300
108231.0 0.30300
108236.0 0.30290
108241.0 0.30280
108246.0 0.30280
108251.0 0.30270
108256.0 0.30260
108261.0 0.30250
108266.0 0.30250
108271.0 0.30240
108276.0 0.30230
108281.0 0.30220
108286.0 0.30210
108291.0 0.30200
108296.0 0.30200
108301.0 0.30190
108306.0 0.30180
108311.0 0.30170
108316.0 0.30160
108321.0 0.30150
108326.0 0.30140
108331.0 0.30120
108336.0 0.30110
108341.0 0.30100
108346.0 0.30090
108351.0 0.30080
108356.0 0.30070
108361.0 0.30060
108366.0 0.30040
108371.0 0.30030
108376.0 0.30020
108381.0 0.30010
108386.0 0.29990
108391.0 0.29980
108396.0 0.29970
108401.0 0.29960
108406.0 0.29940
108411.0 0.29930
108416.0 0.29920
108421.0 0.29900
108426.0 0.29890
108431.0 0.29870
108436.0 0.29860
108441.0 0.29850
108446.0 0.29830
108451.0 0.29820
108456.0 0.29800
108461.0 0.29790
108466.0 0.29770
108471.0 0.29760
108476.0 0.29740
108481.0 0.29730
108486.0 0.29710
108491.0 0.29700
108496.0 0.29680
108501.0 0.29670
108506.0 0.29650
108511.0 0.29640
108516.0 0.29620
108521.0 0.29610
108526.0 0.29590
108531.0 0.29570
108536.0 0.29560
108541.0 0.29540
108546.0 0.29530
108551.0 0.29510
108556.0 0.29490
108561.0 0.29480
108566.0 0.29460
108571.0 0.29450
108576.0 0.29430
108581.0 0.29410
108586.0 0.29400
108591.0 0.29380
108596.0 0.29360
108601.0 0.29350
108606.0 0.29330
108611.0 0.29310
108616.0 0.29300
108621.0 0.29280
108626.0 0.29260
108631.0 0.29240
108636.0 0.29230
108641.0 0.29210
108646.0 0.29190
108651.0 0.29180
108656.0 0.29160
108661.0 0.29140
108666.0 0.29120
108671.0 0.29110
108676.0 0.29090
108681.0 0.29070
108686.0 0.29050
108691.0 0.29040
108696.0 0.29020
108701.0 0.29000
108706.0 0.28980
108711.0 0.28960
108716.0 0.28950
108721.0 0.28930
108726.0 0.28910
108731.0 0.28890
108736.0 0.28880
108741.0 0.28860
108746.0 0.28840
108751.0 0.28820
108756.0 0.28800
108761.0 0.28790
108766.0 0.28770
108771.0 0.28750
108776.0 0.28730
108781.0 0.28710
108786.0 0.28700
108791.0 0.28680
108796.0 0.28660
108801.0 0.28640
108806.0 0.28630
108811.0 0.28610
108816.0 0.28590
108821.0 0.28570
108826.0 0.28550
108831.0 0.28540
108836.0 0.28520
108841.0 0.28500
108846.0 0.28480
108851.0 0.28460
108856.0 0.28450
108861.0 0.28430
108866.0 0.28410
108871.0 0.28390
108876.0 0.28380
108881.0 0.28360
108886.0 0.28340
108891.0 0.28320
108896.0 0.28310
108901.0 0.28290
108906.0 0.28270
108911.0 0.28250
108916.0 0.28240
108921.0 0.28220
108926.0 0.28200
108931.0 0.28180
108936.0 0.28170
108941.0 0.28150
108946.0 0.28130
108951.0 0.28120
108956.0 0.28100
108961.0 0.28080
108966.0 0.28070
108971.0 0.28050
108976.0 0.28030
108981.0 0.28020
108986.0 0.28000
108991.0 0.27980
108996.0 0.27970
109001.0 0.27950
109006.0 0.27940
109011.0 0.27920
109016.0 0.27910
109021.0 0.27890
109026.0 0.27870
109031.0 0.27860
109036.0 0.27840
109041.0 0.27830
109046.0 0.27810
109051.0 0.27800
109056.0 0.27780
109061.0 0.27770
109066.0 0.27750
109071.0 0.27740
109076.0 0.27720
109081.0 0.27710
109086.0 0.27700
109091.0 0.27680
109096.0 0.27670
109101.0 0.27650
109106.0 0.27640
109111.0 0.27630
109116.0 0.27610
109121.0 0.27600
109126.0 0.27590
109131.0 0.27580
109136.0 0.27560
109141.0 0.27550
109146.0 0.27540
109151.0 0.27530
109156.0 0.27510
109161.0 0.27500
109166.0 0.27490
109171.0 0.27480
109176.0 0.27470
109181.0 0.27460
109186.0 0.27450
109191.0 0.27440
109196.0 0.27430
109201.0 0.27420
109206.0 0.27410
109211.0 0.27400
109216.0 0.27390
109221.0 0.27380
109226.0 0.27370
109231.0 0.27360
109236.0 0.27350
109241.0 0.27340
109246.0 0.27340
109251.0 0.27330
109256.0 0.27320
109261.0 0.27310
109266.0 0.27300
109271.0 0.27300
109276.0 0.27290
109281.0 0.27280
109286.0 0.27280
109291.0 0.27270
109296.0 0.27260
109301.0 0.27260
109306.0 0.27250
109311.0 0.27240
109316.0 0.27240
109321.0 0.27230
109326.0 0.27230
109331.0 0.27220
109336.0 0.27210
109341.0 0.27210
109346.0 0.27200
109351.0 0.27200
109356.0 0.27200
109361.0 0.27190
109366.0 0.27190
109371.0 0.27180
109376.0 0.27180
109381.0 0.27170
109386.0 0.27170
109391.0 0.27170
109396.0 0.27160
109401.0 0.27160
109406.0 0.27160
109411.0 0.27150
109416.0 0.27150
109421.0 0.27150
109426.0 0.27150
109431.0 0.27150
109436.0 0.27140
109441.0 0.27140
109446.0 0.27140
109451.0 0.27140
109456.0 0.27140
109461.0 0.27140
109466.0 0.27130
109471.0 0.27130
109476.0 0.27130
109481.0 0.27130
109486.0 0.27130
109491.0 0.27130
109496.0 0.27130
109501.0 0.27130
109506.0 0.27130
109511.0 0.27130
109516.0 0.27130
109521.0 0.27130
109526.0 0.27140
109531.0 0.27140
109536.0 0.27140
109541.0 0.27140
109546.0 0.27140
109551.0 0.27140
109556.0 0.27140
109561.0 0.27150
109566.0 0.27150
109571.0 0.27150
109576.0 0.27150
109581.0 0.27160
109586.0 0.27160
109591.0 0.27160
109596.0 0.27170
109601.0 0.27170
109606.0 0.27170
109611.0 0.27180
109616.0 0.27180
109621.0 0.27190
109626.0 0.27190
109631.0 0.27190
109636.0 0.27200
109641.0 0.27200
109646.0 0.27210
109651.0 0.27210
109656.0 0.27220
109661.0 0.27230
109666.0 0.27230
109671.0 0.27240
109676.0 0.27240
109681.0 0.27250
109686.0 0.27260
109691.0 0.27260
109696.0 0.27270
109701.0 0.27280
109706.0 0.27280
109711.0 0.27290
109716.0 0.27300
109721.0 0.27310
109726.0 0.27310
109731.0 0.27320
109736.0 0.27330
109741.0 0.27340
109746.0 0.27350
109751.0 0.27360
109756.0 0.27360
109761.0 0.27370
109766.0 0.27380
109771.0 0.27390
109776.0 0.27400
109781.0 0.27410
109786.0 0.27420
109791.0 0.27430
109796.0 0.27440
109801.0 0.27450
109806.0 0.27460
109811.0 0.27470
109816.0 0.27480
109821.0 0.27490
109826.0 0.27500
109831.0 0.27510
109836.0 0.27520
109841.0 0.27540
109846.0 0.27550
109851.0 0.27560
109856.0 0.27570
109861.0 0.27580
109866.0 0.27590
109871.0 0.27610
109876.0 0.27620
109881.0 0.27630
109886.0 0.27640
109891.0 0.27660
109896.0 0.27670
109901.0 0.27680
109906.0 0.27700
109911.0 0.27710
109916.0 0.27720
109921.0 0.27730
109926.0 0.27750
109931.0 0.27760
109936.0 0.27780
109941.0 0.27790
109946.0 0.27800
109951.0 0.27820
109956.0 0.27830
109961.0 0.27850
109966.0 0.27860
109971.0 0.27870
109976.0 0.27890
109981.0 0.27900
109986.0 0.27920
109991.0 0.27930
109996.0 0.27950
110001.0 0.27960
110006.0 0.27980
110011.0 0.27990
110016.0 0.28000
110021.0 0.28020
110026.0 0.28030
110031.0 0.28050
110036.0 0.28060
110041.0 0.28080
110046.0 0.28090
110051.0 0.28110
110056.0 0.28120
110061.0 0.28140
110066.0 0.28150
110071.0 0.28170
110076.0 0.28180
110081.0 0.28200
110086.0 0.28210
110091.0 0.28230
110096.0 0.28240
110101.0 0.28260
110106.0 0.28270
110111.0 0.28290
110116.0 0.28300
110121.0 0.28320
110126.0 0.28330
110131.0 0.28350
110136.0 0.28360
110141.0 0.28370
110146.0 0.28390
110151.0 0.28400
110156.0 0.28420
110161.0 0.28430
110166.0 0.28450
110171.0 0.28460
110176.0 0.28480
110181.0 0.28490
110186.0 0.28500
110191.0 0.28520
110196.0 0.28530
110201.0 0.28550
110206.0 0.28560
110211.0 0.28580
110216.0 0.28590
110221.0 0.28610
110226.0 0.28620
110231.0 0.28630
110236.0 0.28650
110241.0 0.28660
110246.0 0.28680
110251.0 0.28690
110256.0 0.28710
110261.0 0.28720
110266.0 0.28730
110271.0 0.28750
110276.0 0.28760
110281.0 0.28780
110286.0 0.28790
110291.0 0.28800
110296.0 0.28820
110301.0 0.28830
110306.0 0.28850
110311.0 0.28860
110316.0 0.28870
110321.0 0.28890
110326.0 0.28900
110331.0 0.28920
110336.0 0.28930
110341.0 0.28940
110346.0 0.28960
110351.0 0.28970
110356.0 0.28990
110361.0 0.29000
110366.0 0.29010
110371.0 0.29030
110376.0 0.29040
110381.0 0.29050
110386.0 0.29070
110391.0 0.29080
110396.0 0.29100
110401.0 0.29110
110406.0 0.29120
110411.0 0.29140
110416.0 0.29150
110421.0 0.29160
110426.0 0.29180
110431.0 0.29190
110436.0 0.29210
110441.0 0.29220
110446.0 0.29230
110451.0 0.29250
110456.0 0.29260
110461.0 0.29270
110466.0 0.29290
110471.0 0.29300
110476.0 0.29310
110481.0 0.29330
110486.0 0.29340
110491.0 0.29350
110496.0 0.29370
110501.0 0.29380
110506.0 0.29390
110511.0 0.29410
110516.0 0.29420
110521.0 0.29430
110526.0 0.29440
110531.0 0.29460
110536.0 0.29470
110541.0 0.29480
110546.0 0.29500
110551.0 0.29510
110556.0 0.29520
110561.0 0.29540
110566.0 0.29550
110571.0 0.29560
110576.0 0.29570
110581.0 0.29590
110586.0 0.29600
110591.0 0.29610
110596.0 0.29620
110601.0 0.29640
110606.0 0.29650
110611.0 0.29660
110616.0 0.29670
110621.0 0.29690
110626.0 0.29700
110631.0 0.29710
110636.0 0.29720
110641.0 0.29730
110646.0 0.29750
110651.0 0.29760
110656.0 0.29770
110661.0 0.29780
110666.0 0.29790
110671.0 0.29800
110676.0 0.29820
110681.0 0.29830
110686.0 0.29840
110691.0 0.29850
110696.0 0.29860
110701.0 0.29870
110706.0 0.29880
110711.0 0.29890
110716.0 0.29910
110721.0 0.29920
110726.0 0.29930
110731.0 0.29940
110736.0 0.29950
110741.0 0.29960
110746.0 0.29970
110751.0 0.29980
110756.0 0.29990
110761.0 0.30000
110766.0 0.30010
110771.0 0.30020
110776.0 0.30030
110781.0 0.30040
110786.0 0.30050
110791.0 0.30060
110796.0 0.30070
110801.0 0.30080
110806.0 0.30080
110811.0 0.30090
110816.0 0.30100
110821.0 0.30110
110826.0 0.30120
110831.0 0.30130
110836.0 0.30130
110841.0 0.30140
110846.0 0.30150
110851.0 0.30160
110856.0 0.30170
110861.0 0.30170
110866.0 0.30180
110871.0 0.30190
110876.0 0.30200
110881.0 0.30200
110886.0 0.30210
110891.0 0.30220
110896.0 0.30220
110901.0 0.30230
110906.0 0.30240
110911.0 0.30240
110916.0 0.30250
110921.0 0.30260
110926.0 0.30260
110931.0 0.30270
110936.0 0.30270
110941.0 0.30280
110946.0 0.30290
110951.0 0.30290
110956.0 0.30300
110961.0 0.30300
110966.0 0.30310
110971.0 0.30310
110976.0 0.30320
110981.0 0.30330
110986.0 0.30330
110991.0 0.30340
110996.0 0.30340
111001.0 0.30350
111006.0 0.30350
111011.0 0.30360
111016.0 0.30360
111021.0 0.30370
111026.0 0.30370
111031.0 0.30380
111036.0 0.30380
111041.0 0.30380
111046.0 0.30390
111051.0 0.30390
111056.0 0.30400
111061.0 0.30400
111066.0 0.30410
111071.0 0.30410
111076.0 0.30420
111081.0 0.30420
111086.0 0.30420
111091.0 0.30430
111096.0 0.30430
111101.0 0.30440
111106.0 0.30440
111111.0 0.30440
111116.0 0.30450
111121.0 0.30450
111126.0 0.30450
111131.0 0.30460
111136.0 0.30460
111141.0 0.30470
111146.0 0.30470
111151.0 0.30470
111156.0 0.30480
111161.0 0.30480
111166.0 0.30480
111171.0 0.30490
111176.0 0.30490
111181.0 0.30500
111186.0 0.30500
111191.0 0.30500
111196.0 0.30510
111201.0 0.30510
111206.0 0.30510
111211.0 0.30520
111216.0 0.30520
111221.0 0.30530
111226.0 0.30530
111231.0 0.30530
111236.0 0.30540
111241.0 0.30540
111246.0 0.30540
111251.0 0.30550
111256.0 0.30550
111261.0 0.30560
111266.0 0.30560
111271.0 0.30560
111276.0 0.30570
111281.0 0.30570
111286.0 0.30580
111291.0 0.30580
111296.0 0.30580
111301.0 0.30590
111306.0 0.30590
111311.0 0.30600
111316.0 0.30600
111321.0 0.30610
111326.0 0.30610
111331.0 0.30620
111336.0 0.30620
111341.0 0.30620
111346.0 0.30630
111351.0 0.30630
111356.0 0.30640
111361.0 0.30640
111366.0 0.30650
111371.0 0.30650
111376.0 0.30660
111381.0 0.30660
111386.0 0.30670
111391.0 0.30670
111396.0 0.30680
111401.0 0.30680
111406.0 0.30680
111411.0 0.30690
111416.0 0.30690
111421.0 0.30700
111426.0 0.30700
111431.0 0.30710
111436.0 0.30710
111441.0 0.30720
111446.0 0.30720
111451.0 0.30730
111456.0 0.30730
111461.0 0.30740
111466.0 0.30740
111471.0 0.30750
111476.0 0.30750
111481.0 0.30760
111486.0 0.30760
111491.0 0.30770
111496.0 0.30770
111501.0 0.30780
111506.0 0.30780
111511.0 0.30790
111516.0 0.30790
111521.0 0.30800
111526.0 0.30800
111531.0 0.30800
111536.0 0.30810
111541.0 0.30810
111546.0 0.30820
111551.0 0.30820
111556.0 0.30830
111561.0 0.30830
111566.0 0.30840
111571.0 0.30840
111576.0 0.30850
111581.0 0.30850
111586.0 0.30860
111591.0 0.30860
111596.0 0.30870
111601.0 0.30870
111606.0 0.30870
111611.0 0.30880
111616.0 0.30880
111621.0 0.30890
111626.0 0.30890
111631.0 0.30900
111636.0 0.30900
111641.0 0.30910
111646.0 0.30910
111651.0 0.30910
111656.0 0.30920
111661.0 0.30920
111666.0 0.30930
111671.0 0.30930
111676.0 0.30940
111681.0 0.30940
111686.0 0.30940
111691.0 0.30950
111696.0 0.30950
111701.0 0.30960
111706.0 0.30960
111711.0 0.30960
111716.0 0.30970
111721.0 0.30970
111726.0 0.30980
111731.0 0.30980
111736.0 0.30980
111741.0 0.30990
111746.0 0.30990
111751.0 0.30990
111756.0 0.31000
111761.0 0.31000
111766.0 0.31000
111771.0 0.31010
111776.0 0.31010
111781.0 0.31020
111786.0 0.31020
111791.0 0.31020
111796.0 0.31030
111801.0 0.31030
111806.0 0.31030
111811.0 0.31040
111816.0 0.31040
111821.0 0.31040
111826.0 0.31050
111831.0 0.31050
111836.0 0.31050
111841.0 0.31050
111846.0 0.31060
111851.0 0.31060
111856.0 0.31060
111861.0 0.31070
111866.0 0.31070
111871.0 0.31070
111876.0 0.31080
111881.0 0.31080
111886.0 0.31080
111891.0 0.31090
111896.0 0.31090
111901.0 0.31090
111906.0 0.31100
111911.0 0.31100
111916.0 0.31100
111921.0 0.31110
111926.0 0.31110
111931.0 0.31110
111936.0 0.31120
111941.0 0.31120
111946.0 0.31120
111951.0 0.31130
111956.0 0.31130
111961.0 0.31130
111966.0 0.31140
111971.0 0.31140
111976.0 0.31150
111981.0 0.31150
111986.0 0.31150
111991.0 0.31160
111996.0 0.31160
112001.0 0.31170
112006.0 0.31170
112011.0 0.31170
112016.0 0.31180
112021.0 0.31180
112026.0 0.31190
112031.0 0.31190
112036.0 0.31200
112041.0 0.31200
112046.0 0.31200
112051.0 0.31210
112056.0 0.31210
112061.0 0.31220
112066.0 0.31220
112071.0 0.31230
112076.0 0.31230
112081.0 0.31240
112086.0 0.31240
112091.0 0.31250
112096.0 0.31250
112101.0 0.31260
112106.0 0.31260
112111.0 0.31270
112116.0 0.31270
112121.0 0.31280
112126.0 0.31280
112131.0 0.31290
112136.0 0.31290
112141.0 0.31300
112146.0 0.31300
112151.0 0.31310
112156.0 0.31320
112161.0 0.31320
112166.0 0.31330
112171.0 0.31330
112176.0 0.31340
112181.0 0.31340
112186.0 0.31350
112191.0 0.31350
112196.0 0.31360
112201.0 0.31370
112206.0 0.31370
112211.0 0.31380
112216.0 0.31380
112221.0 0.31390
112226.0 0.31400
112231.0 0.31400
112236.0 0.31410
112241.0 0.31410
112246.0 0.31420
112251.0 0.31430
112256.0 0.31430
112261.0 0.31440
112266.0 0.31440
112271.0 0.31450
112276.0 0.31460
112281.0 0.31460
112286.0 0.31470
112291.0 0.31480
112296.0 0.31480
112301.0 0.31490
112306.0 0.31490
112311.0 0.31500
112316.0 0.31510
112321.0 0.31510
112326.0 0.31520
112331.0 0.31530
112336.0 0.31530
112341.0 0.31540
112346.0 0.31540
112351.0 0.31550
112356.0 0.31560
112361.0 0.31560
112366.0 0.31570
112371.0 0.31580
112376.0 0.31580
112381.0 0.31590
112386.0 0.31590
112391.0 0.31600
112396.0 0.31610
112401.0 0.31610
112406.0 0.31620
112411.0 0.31620
112416.0 0.31630
112421.0 0.31640
112426.0 0.31640
112431.0 0.31650
112436.0 0.31650
112441.0 0.31660
112446.0 0.31660
112451.0 0.31670
112456.0 0.31680
112461.0 0.31680
112466.0 0.31690
112471.0 0.31690
112476.0 0.31700
112481.0 0.31700
112486.0 0.31710
112491.0 0.31710
112496.0 0.31720
112501.0 0.31720
112506.0 0.31730
112511.0 0.31730
112516.0 0.31740
112521.0 0.31740
112526.0 0.31750
112531.0 0.31750
112536.0 0.31750
112541.0 0.31760
112546.0 0.31760
112551.0 0.31770
112556.0 0.31770
112561.0 0.31780
112566.0 0.31780
112571.0 0.31780
112576.0 0.31790
112581.0 0.31790
112586.0 0.31800
112591.0 0.31800
112596.0 0.31800
112601.0 0.31810
112606.0 0.31810
112611.0 0.31820
112616.0 0.31820
112621.0 0.31820
112626.0 0.31830
112631.0 0.31830
112636.0 0.31830
112641.0 0.31840
112646.0 0.31840
112651.0 0.31840
112656.0 0.31850
112661.0 0.31850
112666.0 0.31850
112671.0 0.31860
112676.0 0.31860
112681.0 0.31860
112686.0 0.31870
112691.0 0.31870
112696.0 0.31870
112701.0 0.31880
112706.0 0.31880
112711.0 0.31880
112716.0 0.31880
112721.0 0.31890
112726.0 0.31890
112731.0 0.31890
112736.0 0.31900
112741.0 0.31900
112746.0 0.31900
112751.0 0.31900
112756.0 0.31910
112761.0 0.31910
112766.0 0.31910
112771.0 0.31910
112776.0 0.31920
112781.0 0.31920
112786.0 0.31920
112791.0 0.31930
112796.0 0.31930
112801.0 0.31930
112806.0 0.31930
112811.0 0.31940
112816.0 0.31940
112821.0 0.31940
112826.0 0.31940
112831.0 0.31950
112836.0 0.31950
112841.0 0.31950
112846.0 0.31950
112851.0 0.31960
112856.0 0.31960
112861.0 0.31960
112866.0 0.31960
112871.0 0.31970
112876.0 0.31970
112881.0 0.31970
112886.0 0.31970
112891.0 0.31970
112896.0 0.31980
112901.0 0.31980
112906.0 0.31980
112911.0 0.31980
112916.0 0.31990
112921.0 0.31990
112926.0 0.31990
112931.0 0.31990
112936.0 0.32000
112941.0 0.32000
112946.0 0.32000
112951.0 0.32000
112956.0 0.32010
112961.0 0.32010
112966.0 0.32010
112971.0 0.32010
112976.0 0.32020
112981.0 0.32020
112986.0 0.32020
112991.0 0.32020
112996.0 0.32030
113001.0 0.32030
113006.0 0.32030
113011.0 0.32030
113016.0 0.32040
113021.0 0.32040
113026.0 0.32040
113031.0 0.32040
113036.0 0.32050
113041.0 0.32050
113046.0 0.32050
113051.0 0.32050
113056.0 0.32060
113061.0 0.32060
113066.0 0.32060
113071.0 0.32060
113076.0 0.32060
113081.0 0.32070
113086.0 0.32070
113091.0 0.32070
113096.0 0.32070
113101.0 0.32080
113106.0 0.32080
113111.0 0.32080
113116.0 0.32080
113121.0 0.32080
113126.0 0.32090
113131.0 0.32090
113136.0 0.32090
113141.0 0.32090
113146.0 0.32090
113151.0 0.32100
113156.0 0.32100
113161.0 0.32100
113166.0 0.32100
113171.0 0.32100
113176.0 0.32100
113181.0 0.32100
113186.0 0.32110
113191.0 0.32110
113196.0 0.32110
113201.0 0.32110
113206.0 0.32110
113211.0 0.32110
113216.0 0.32110
113221.0 0.32110
113226.0 0.32110
113231.0 0.32110
113236.0 0.32110
113241.0 0.32110
113246.0 0.32110
113251.0 0.32120
113256.0 0.32120
113261.0 0.32120
113266.0 0.32120
113271.0 0.32120
113276.0 0.32120
113281.0 0.32120
113286.0 0.32120
113291.0 0.32110
113296.0 0.32110
113301.0 0.32110
113306.0 0.32110
113311.0 0.32110
113316.0 0.32110
113321.0 0.32110
113326.0 0.32110
113331.0 0.32110
113336.0 0.32110
113341.0 0.32110
113346.0 0.32110
113351.0 0.32110
113356.0 0.32110
113361.0 0.32110
113366.0 0.32110
113371.0 0.32110
113376.0 0.32100
113381.0 0.32100
113386.0 0.32100
113391.0 0.32100
113396.0 0.32100
113401.0 0.32100
113406.0 0.32100
113411.0 0.32100
113416.0 0.32100
113421.0 0.32100
113426.0 0.32100
113431.0 0.32100
113436.0 0.32100
113441.0 0.32090
113446.0 0.32090
113451.0 0.32090
113456.0 0.32090
113461.0 0.32090
113466.0 0.32090
113471.0 0.32090
113476.0 0.32090
113481.0 0.32090
113486.0 0.32090
113491.0 0.32090
113496.0 0.32090
113501.0 0.32090
113506.0 0.32090
113511.0 0.32090
113516.0 0.32080
113521.0 0.32080
113526.0 0.32080
113531.0 0.32080
113536.0 0.32080
113541.0 0.32080
113546.0 0.32080
113551.0 0.32080
113556.0 0.32080
113561.0 0.32080
113566.0 0.32080
113571.0 0.32080
113576.0 0.32080
113581.0 0.32080
113586.0 0.32080
113591.0 0.32080
113596.0 0.32080
113601.0 0.32080
113606.0 0.32080
113611.0 0.32080
113616.0 0.32080
113621.0 0.32080
113626.0 0.32090
113631.0 0.32090
113636.0 0.32090
113641.0 0.32090
113646.0 0.32090
113651.0 0.32090
113656.0 0.32090
113661.0 0.32090
113666.0 0.32090
113671.0 0.32090
113676.0 0.32100
113681.0 0.32100
113686.0 0.32100
113691.0 0.32100
113696.0 0.32100
113701.0 0.32110
113706.0 0.32110
113711.0 0.32110
113716.0 0.32110
113721.0 0.32120
113726.0 0.32120
113731.0 0.32120
113736.0 0.32120
113741.0 0.32130
113746.0 0.32130
113751.0 0.32130
113756.0 0.32140
113761.0 0.32140
113766.0 0.32140
113771.0 0.32150
113776.0 0.32150
113781.0 0.32160
113786.0 0.32160
113791.0 0.32160
113796.0 0.32170
113801.0 0.32170
113806.0 0.32180
113811.0 0.32180
113816.0 0.32180
113821.0 0.32190
113826.0 0.32190
113831.0 0.32200
113836.0 0.32200
113841.0 0.32210
113846.0 0.32210
113851.0 0.32220
113856.0 0.32220
113861.0 0.32230
113866.0 0.32230
113871.0 0.32240
113876.0 0.32240
113881.0 0.32250
113886.0 0.32250
113891.0 0.32260
113896.0 0.32260
113901.0 0.32260
113906.0 0.32270
113911.0 0.32270
113916.0 0.32280
113921.0 0.32280
113926.0 0.32290
113931.0 0.32290
113936.0 0.32300
113941.0 0.32300
113946.0 0.32310
113951.0 0.32310
113956.0 0.32320
113961.0 0.32320
113966.0 0.32330
113971.0 0.32330
113976.0 0.32340
113981.0 0.32340
113986.0 0.32340
113991.0 0.32350
113996.0 0.32350
114001.0 0.32360
114006.0 0.32360
114011.0 0.32370
114016.0 0.32370
114021.0 0.32370
114026.0 0.32380
114031.0 0.32380
114036.0 0.32380
114041.0 0.32390
114046.0 0.32390
114051.0 0.32400
114056.0 0.32400
114061.0 0.32400
114066.0 0.32410
114071.0 0.32410
114076.0 0.32410
114081.0 0.32420
114086.0 0.32420
114091.0 0.32420
114096.0 0.32430
114101.0 0.32430
114106.0 0.32430
114111.0 0.32440
114116.0 0.32440
114121.0 0.32440
114126.0 0.32440
114131.0 0.32450
114136.0 0.32450
114141.0 0.32450
114146.0 0.32450
114151.0 0.32460
114156.0 0.32460
114161.0 0.32460
114166.0 0.32460
114171.0 0.32460
114176.0 0.32460
114181.0 0.32470
114186.0 0.32470
114191.0 0.32470
114196.0 0.32470
114201.0 0.32470
114206.0 0.32470
114211.0 0.32470
114216.0 0.32470
114221.0 0.32480
114226.0 0.32480
114231.0 0.32480
114236.0 0.32480
114241.0 0.32480
114246.0 0.32480
114251.0 0.32480
114256.0 0.32480
114261.0 0.32480
114266.0 0.32470
114271.0 0.32470
114276.0 0.32470
114281.0 0.32470
114286.0 0.32470
114291.0 0.32470
114296.0 0.32470
114301.0 0.32460
114306.0 0.32460
114311.0 0.32460
114316.0 0.32460
114321.0 0.32450
114326.0 0.32450
114331.0 0.32450
114336.0 0.32440
114341.0 0.32440
114346.0 0.32430
114351.0 0.32430
114356.0 0.32420
114361.0 0.32420
114366.0 0.32410
114371.0 0.32410
114376.0 0.32400
114381.0 0.32390
114386.0 0.32390
114391.0 0.32380
114396.0 0.32370
114401.0 0.32360
114406.0 0.32360
114411.0 0.32350
114416.0 0.32340
114421.0 0.32330
114426.0 0.32320
114431.0 0.32310
114436.0 0.32300
114441.0 0.32290
114446.0 0.32270
114451.0 0.32260
114456.0 0.32250
114461.0 0.32230
114466.0 0.32220
114471.0 0.32210
114476.0 0.32190
114481.0 0.32180
114486.0 0.32160
114491.0 0.32140
114496.0 0.32130
114501.0 0.32110
114506.0 0.32090
114511.0 0.32070
114516.0 0.32050
114521.0 0.32030
114526.0 0.32010
114531.0 0.31990
114536.0 0.31970
114541.0 0.31950
114546.0 0.31920
114551.0 0.31900
114556.0 0.31870
114561.0 0.31850
114566.0 0.31820
114571.0 0.31800
114576.0 0.31770
114581.0 0.31740
114586.0 0.31710
114591.0 0.31680
114596.0 0.31650
114601.0 0.31620
114606.0 0.31590
114611.0 0.31560
114616.0 0.31530
114621.0 0.31490
114626.0 0.31460
114631.0 0.31420
114636.0 0.31390
114641.0 0.31350
114646.0 0.31310
114651.0 0.31270
114656.0 0.31230
114661.0 0.31190
114666.0 0.31150
114671.0 0.31110
114676.0 0.31060
114681.0 0.31020
114686.0 0.30970
114691.0 0.30930
114696.0 0.30880
114701.0 0.30830
114706.0 0.30780
114711.0 0.30730
114716.0 0.30680
114721.0 0.30620
114726.0 0.30570
114731.0 0.30510
114736.0 0.30460
114741.0 0.30400
114746.0 0.30340
114751.0 0.30280
114756.0 0.30220
114761.0 0.30150
114766.0 0.30090
114771.0 0.30030
114776.0 0.29960
114781.0 0.29890
114786.0 0.29830
114791.0 0.29760
114796.0 0.29690
114801.0 0.29620
114806.0 0.29540
114811.0 0.29470
114816.0 0.29400
114821.0 0.29320
114826.0 0.29250
114831.0 0.29170
114836.0 0.29090
114841.0 0.29010
114846.0 0.28930
114851.0 0.28850
114856.0 0.28770
114861.0 0.28690
114866.0 0.28600
114871.0 0.28520
114876.0 0.28430
114881.0 0.28340
114886.0 0.28260
114891.0 0.28170
114896.0 0.28080
114901.0 0.27990
114906.0 0.27900
114911.0 0.27800
114916.0 0.27710
114921.0 0.27610
114926.0 0.27520
114931.0 0.27420
114936.0 0.27320
114941.0 0.27220
114946.0 0.27120
114951.0 0.27020
114956.0 0.26920
114961.0 0.26820
114966.0 0.26710
114971.0 0.26610
114976.0 0.26500
114981.0 0.26390
114986.0 0.26290
114991.0 0.26180
114996.0 0.26070
115001.0 0.25950
115006.0 0.25840
115011.0 0.25730
115016.0 0.25610
115021.0 0.25500
115026.0 0.25380
115031.0 0.25270
115036.0 0.25150
115041.0 0.25030
115046.0 0.24910
115051.0 0.24790
115056.0 0.24670
115061.0 0.24550
115066.0 0.24430
115071.0 0.24310
115076.0 0.24180
115081.0 0.24060
115086.0 0.23930
115091.0 0.23810
115096.0 0.23680
115101.0 0.23560
115106.0 0.23430
115111.0 0.23300
115116.0 0.23180
115121.0 0.23050
115126.0 0.22920
115131.0 0.22790
115136.0 0.22660
115141.0 0.22530
115146.0 0.22400
115151.0 0.22270
115156.0 0.22140
115161.0 0.22010
115166.0 0.21880
115171.0 0.21750
115176.0 0.21620
115181.0 0.21490
115186.0 0.21350
115191.0 0.21220
115196.0 0.21090
115201.0 0.20960
115206.0 0.20830
115211.0 0.20690
115216.0 0.20560
115221.0 0.20430
115226.0 0.20290
115231.0 0.20160
115236.0 0.20030
115241.0 0.19900
115246.0 0.19760
115251.0 0.19630
115256.0 0.19500
115261.0 0.19360
115266.0 0.19230
115271.0 0.19100
115276.0 0.18970
115281.0 0.18830
115286.0 0.18700
115291.0 0.18570
115296.0 0.18440
115301.0 0.18300
115306.0 0.18170
115311.0 0.18040
115316.0 0.17910
115321.0 0.17780
115326.0 0.17650
115331.0 0.17510
115336.0 0.17380
115341.0 0.17250
115346.0 0.17120
115351.0 0.16990
115356.0 0.16860
115361.0 0.16730
115366.0 0.16610
115371.0 0.16480
115376.0 0.16350
115381.0 0.16220
115386.0 0.16090
115391.0 0.15970
115396.0 0.15840
115401.0 0.15710
115406.0 0.15590
115411.0 0.15460
115416.0 0.15340
115421.0 0.15210
115426.0 0.15090
115431.0 0.14970
115436.0 0.14840
115441.0 0.14720
115446.0 0.14600
115451.0 0.14480
115456.0 0.14360
115461.0 0.14240
115466.0 0.14120
115471.0 0.14000
115476.0 0.13880
115481.0 0.13770
115486.0 0.13650
115491.0 0.13530
115496.0 0.13420
115501.0 0.13300
115506.0 0.13190
115511.0 0.13080
115516.0 0.12970
115521.0 0.12860
115526.0 0.12750
115531.0 0.12640
115536.0 0.12530
115541.0 0.12420
115546.0 0.12310
115551.0 0.12200
115556.0 0.12100
115561.0 0.11990
115566.0 0.11890
115571.0 0.11780
115576.0 0.11680
115581.0 0.11580
115586.0 0.11480
115591.0 0.11380
115596.0 0.11280
115601.0 0.11180
115606.0 0.11080
115611.0 0.10980
115616.0 0.10880
115621.0 0.10780
115626.0 0.10690
115631.0 0.10590
115636.0 0.10500
115641.0 0.10400
115646.0 0.10310
115651.0 0.10220
115656.0 0.10120
115661.0 0.10030
115666.0 0.09940
115671.0 0.09850
115676.0 0.09760
115681.0 0.09670
115686.0 0.09590
115691.0 0.09500
115696.0 0.09410
115701.0 0.09330
115706.0 0.09240
115711.0 0.09160
115716.0 0.09080
115721.0 0.08990
115726.0 0.08910
115731.0 0.08830
115736.0 0.08750
115741.0 0.08670
115746.0 0.08590
115751.0 0.08520
115756.0 0.08440
115761.0 0.08360
115766.0 0.08290
115771.0 0.08210
115776.0 0.08140
115781.0 0.08070
115786.0 0.07990
115791.0 0.07920
115796.0 0.07850
115801.0 0.07780
115806.0 0.07710
115811.0 0.07640
115816.0 0.07580
115821.0 0.07510
115826.0 0.07440
115831.0 0.07380
115836.0 0.07310
115841.0 0.07250
115846.0 0.07180
115851.0 0.07120
115856.0 0.07060
115861.0 0.06990
115866.0 0.06930
115871.0 0.06870
115876.0 0.06810
115881.0 0.06750
115886.0 0.06690
115891.0 0.06630
115896.0 0.06570
115901.0 0.06520
115906.0 0.06460
115911.0 0.06400
115916.0 0.06350
115921.0 0.06290
115926.0 0.06240
115931.0 0.06180
115936.0 0.06130
115941.0 0.06080
115946.0 0.06020
115951.0 0.05970
115956.0 0.05920
115961.0 0.05870
115966.0 0.05820
115971.0 0.05770
115976.0 0.05720
115981.0 0.05670
115986.0 0.05620
115991.0 0.05570
115996.0 0.05520
116001.0 0.05480
116006.0 0.05430
116011.0 0.05380
116016.0 0.05340
116021.0 0.05290
116026.0 0.05250
116031.0 0.05200
116036.0 0.05160
116041.0 0.05120
116046.0 0.05070
116051.0 0.05030
116056.0 0.04990
116061.0 0.04950
116066.0 0.04910
116071.0 0.04870
116076.0 0.04830
116081.0 0.04790
116086.0 0.04750
116091.0 0.04710
116096.0 0.04670
116101.0 0.04630
116106.0 0.04590
116111.0 0.04560
116116.0 0.04520
116121.0 0.04480
116126.0 0.04450
116131.0 0.04410
116136.0 0.04370
116141.0 0.04340
116146.0 0.04300
116151.0 0.04270
116156.0 0.04230
116161.0 0.04200
116166.0 0.04170
116171.0 0.04130
116176.0 0.04100
116181.0 0.04070
116186.0 0.04040
116191.0 0.04000
116196.0 0.03970
116201.0 0.03940
116206.0 0.03910
116211.0 0.03880
116216.0 0.03850
116221.0 0.03820
116226.0 0.03790
116231.0 0.03760
116236.0 0.03730
116241.0 0.03700
116246.0 0.03670
116251.0 0.03650
116256.0 0.03620
116261.0 0.03590
116266.0 0.03560
116271.0 0.03540
116276.0 0.03510
116281.0 0.03480
116286.0 0.03460
116291.0 0.03430
116296.0 0.03410
116301.0 0.03380
116306.0 0.03360
116311.0 0.03330
116316.0 0.03310
116321.0 0.03290
116326.0 0.03260
116331.0 0.03240
116336.0 0.03210
116341.0 0.03190
116346.0 0.03170
116351.0 0.03150
116356.0 0.03120
116361.0 0.03100
116366.0 0.03080
116371.0 0.03060
116376.0 0.03040
116381.0 0.03020
116386.0 0.03000
116391.0 0.02970
116396.0 0.02950
116401.0 0.02930
116406.0 0.02910
116411.0 0.02890
116416.0 0.02870
116421.0 0.02850
116426.0 0.02830
116431.0 0.02810
116436.0 0.02790
116441.0 0.02780
116446.0 0.02760
116451.0 0.02740
116456.0 0.02720
116461.0 0.02700
116466.0 0.02680
116471.0 0.02660
116476.0 0.02650
116481.0 0.02630
116486.0 0.02610
116491.0 0.02590
116496.0 0.02580
116501.0 0.02560
116506.0 0.02540
116511.0 0.02520
116516.0 0.02510
116521.0 0.02490
116526.0 0.02470
116531.0 0.02460
116536.0 0.02440
116541.0 0.02420
116546.0 0.02410
116551.0 0.02390
116556.0 0.02380
116561.0 0.02360
116566.0 0.02340
116571.0 0.02330
116576.0 0.02310
116581.0 0.02300
116586.0 0.02280
116591.0 0.02270
116596.0 0.02250
116601.0 0.02240
116606.0 0.02220
116611.0 0.02210
116616.0 0.02190
116621.0 0.02180
116626.0 0.02160
116631.0 0.02150
116636.0 0.02130
116641.0 0.02120
116646.0 0.02110
116651.0 0.02090
116656.0 0.02080
116661.0 0.02060
116666.0 0.02050
116671.0 0.02040
116676.0 0.02020
116681.0 0.02010
116686.0 0.02000
116691.0 0.01980
116696.0 0.01970
116701.0 0.01960
116706.0 0.01940
116711.0 0.01930
116716.0 0.01920
116721.0 0.01900
116726.0 0.01890
116731.0 0.01880
116736.0 0.01870
116741.0 0.01850
116746.0 0.01840
116751.0 0.01830
116756.0 0.01820
116761.0 0.01800
116766.0 0.01790
116771.0 0.01780
116776.0 0.01770
116781.0 0.01760
116786.0 0.01740
116791.0 0.01730
116796.0 0.01720
116801.0 0.01710
116806.0 0.01700
116811.0 0.01690
116816.0 0.01670
116821.0 0.01660
116826.0 0.01650
116831.0 0.01640
116836.0 0.01630
116841.0 0.01620
116846.0 0.01610
116851.0 0.01600
116856.0 0.01590
116861.0 0.01570
116866.0 0.01560
116871.0 0.01550
116876.0 0.01540
116881.0 0.01530
116886.0 0.01520
116891.0 0.01510
116896.0 0.01500
116901.0 0.01490
116906.0 0.01480
116911.0 0.01470
116916.0 0.01460
116921.0 0.01450
116926.0 0.01440
116931.0 0.01430
116936.0 0.01420
116941.0 0.01410
116946.0 0.01400
116951.0 0.01390
116956.0 0.01380
116961.0 0.01370
116966.0 0.01360
116971.0 0.01350
116976.0 0.01340
116981.0 0.01330
116986.0 0.01320
116991.0 0.01310
116996.0 0.01300
117001.0 0.01290
117006.0 0.01290
117011.0 0.01280
117016.0 0.01270
117021.0 0.01260
117026.0 0.01250
117031.0 0.01240
117036.0 0.01230
117041.0 0.01220
117046.0 0.01210
117051.0 0.01200
117056.0 0.01190
117061.0 0.01180
117066.0 0.01170
117071.0 0.01170
117076.0 0.01160
117081.0 0.01150
117086.0 0.01140
117091.0 0.01130
117096.0 0.01120
117101.0 0.01110
117106.0 0.01100
117111.0 0.01090
117116.0 0.01090
117121.0 0.01080
117126.0 0.01070
117131.0 0.01060
117136.0 0.01050
117141.0 0.01040
117146.0 0.01030
117151.0 0.01030
117156.0 0.01020
117161.0 0.01010
117166.0 0.01000
117171.0 0.00990
117176.0 0.00980
117181.0 0.00980
117186.0 0.00970
117191.0 0.00960
117196.0 0.00950
117201.0 0.00940
117206.0 0.00940
117211.0 0.00930
117216.0 0.00920
117221.0 0.00910
117226.0 0.00900
117231.0 0.00900
117236.0 0.00890
117241.0 0.00880
117246.0 0.00870
117251.0 0.00870
117256.0 0.00860
117261.0 0.00850
117266.0 0.00840
117271.0 0.00840
117276.0 0.00830
117281.0 0.00820
117286.0 0.00820
117291.0 0.00810
117296.0 0.00800
117301.0 0.00800
117306.0 0.00790
117311.0 0.00780
117316.0 0.00780
117321.0 0.00770
117326.0 0.00760
117331.0 0.00760
117336.0 0.00750
117341.0 0.00740
117346.0 0.00740
117351.0 0.00730
117356.0 0.00730
117361.0 0.00720
117366.0 0.00710
117371.0 0.00710
117376.0 0.00700
117381.0 0.00700
117386.0 0.00690
117391.0 0.00690
117396.0 0.00680
117401.0 0.00680
117406.0 0.00670
117411.0 0.00670
117416.0 0.00660
117421.0 0.00650
117426.0 0.00650
117431.0 0.00640
117436.0 0.00640
117441.0 0.00630
117446.0 0.00630
117451.0 0.00620
117456.0 0.00620
117461.0 0.00610
117466.0 0.00610
117471.0 0.00600
117476.0 0.00600
117481.0 0.00590
117486.0 0.00590
117491.0 0.00580
117496.0 0.00580
117501.0 0.00580
117506.0 0.00570
117511.0 0.00570
117516.0 0.00560
117521.0 0.00560
117526.0 0.00550
117531.0 0.00550
117536.0 0.00540
117541.0 0.00540
117546.0 0.00530
117551.0 0.00530
117556.0 0.00520
117561.0 0.00520
117566.0 0.00520
117571.0 0.00510
117576.0 0.00510
117581.0 0.00500
117586.0 0.00500
117591.0 0.00490
117596.0 0.00490
117601.0 0.00480
117606.0 0.00480
117611.0 0.00470
117616.0 0.00470
117621.0 0.00470
117626.0 0.00460
117631.0 0.00460
117636.0 0.00450
117641.0 0.00450
117646.0 0.00440
117651.0 0.00440
117656.0 0.00430
117661.0 0.00430
117666.0 0.00420
117671.0 0.00420
117676.0 0.00420
117681.0 0.00410
117686.0 0.00410
117691.0 0.00400
117696.0 0.00400
117701.0 0.00390
117706.0 0.00390
117711.0 0.00390
117716.0 0.00380
117721.0 0.00380
117726.0 0.00370
117731.0 0.00370
117736.0 0.00360
117741.0 0.00360
117746.0 0.00360
117751.0 0.00350
117756.0 0.00350
117761.0 0.00340
117766.0 0.00340
117771.0 0.00340
117776.0 0.00330
117781.0 0.00330
117786.0 0.00320
117791.0 0.00320
117796.0 0.00320
117801.0 0.00310
117806.0 0.00310
117811.0 0.00310
117816.0 0.00300
117821.0 0.00300
117826.0 0.00300
117831.0 0.00290
117836.0 0.00290
117841.0 0.00290
117846.0 0.00280
117851.0 0.00280
117856.0 0.00280
117861.0 0.00270
117866.0 0.00270
117871.0 0.00270
117876.0 0.00260
117881.0 0.00260
117886.0 0.00260
117891.0 0.00260
117896.0 0.00250
117901.0 0.00250
117906.0 0.00250
117911.0 0.00250
117916.0 0.00240
117921.0 0.00240
117926.0 0.00240
117931.0 0.00240
117936.0 0.00230
117941.0 0.00230
117946.0 0.00230
117951.0 0.00230
117956.0 0.00220
117961.0 0.00220
117966.0 0.00220
117971.0 0.00220
117976.0 0.00220
117981.0 0.00210
117986.0 0.00210
117991.0 0.00210
117996.0 0.00210
118001.0 0.00210
118006.0 0.00200
118011.0 0.00200
118016.0 0.00200
118021.0 0.00200
118026.0 0.00200
118031.0 0.00190
118036.0 0.00190
118041.0 0.00190
118046.0 0.00190
118051.0 0.00190
118056.0 0.00180
118061.0 0.00180
118066.0 0.00180
118071.0 0.00180
118076.0 0.00180
118081.0 0.00170
118086.0 0.00170
118091.0 0.00170
118096.0 0.00170
118101.0 0.00170
118106.0 0.00160
118111.0 0.00160
118116.0 0.00160
118121.0 0.00160
118126.0 0.00160
118131.0 0.00150
118136.0 0.00150
118141.0 0.00150
118146.0 0.00150
118151.0 0.00150
118156.0 0.00140
118161.0 0.00140
118166.0 0.00140
118171.0 0.00140
118176.0 0.00140
118181.0 0.00130
118186.0 0.00130
118191.0 0.00130
118196.0 0.00130
118201.0 0.00130
118206.0 0.00120
118211.0 0.00120
118216.0 0.00120
118221.0 0.00120
118226.0 0.00120
118231.0 0.00110
118236.0 0.00110
118241.0 0.00110
118246.0 0.00110
118251.0 0.00110
118256.0 0.00100
118261.0 0.00100
118266.0 0.00100
118271.0 0.00100
118276.0 0.00100
118281.0 0.00090
118286.0 0.00090
118291.0 0.00090
118296.0 0.00090
118301.0 0.00090
118306.0 0.00080
118311.0 0.00080
118316.0 0.00080
118321.0 0.00080
118326.0 0.00080
118331.0 0.00080
118336.0 0.00070
118341.0 0.00070
118346.0 0.00070
118351.0 0.00070
118356.0 0.00070
118361.0 0.00060
118366.0 0.00060
118371.0 0.00060
118376.0 0.00060
118381.0 0.00060
118386.0 0.00060
118391.0 0.00060
118396.0 0.00050
118401.0 0.00050
118406.0 0.00050
118411.0 0.00050
118416.0 0.00050
118421.0 0.00050
118426.0 0.00050
118431.0 0.00040
118436.0 0.00040
118441.0 0.00040
118446.0 0.00040
118451.0 0.00040
118456.0 0.00040
118461.0 0.00040
118466.0 0.00040
118471.0 0.00030
118476.0 0.00030
118481.0 0.00030
118486.0 0.00030
118491.0 0.00030
118496.0 0.00030
118501.0 0.00030
118506.0 0.00030
118511.0 0.00030
118516.0 0.00020
118521.0 0.00020
118526.0 0.00020
118531.0 0.00020
118536.0 0.00020
118541.0 0.00020
118546.0 0.00020
118551.0 0.00020
118556.0 0.00020
118561.0 0.00020
118566.0 0.00020
118571.0 0.00020
118576.0 0.00020
118581.0 0.00010
118586.0 0.00010
118591.0 0.00010
118596.0 0.00010
118601.0 0.00010
118606.0 0.00010
118611.0 0.00010
118616.0 0.00010
118621.0 0.00010
118626.0 0.00010
118631.0 0.00010
118636.0 0.00010
118641.0 0.00010
118646.0 0.00010
118651.0 0.00010
118656.0 0.00010
118661.0 0.00010
