110093.5 0.00010
110098.5 0.00010
110103.5 0.00010
110108.5 0.00010
110113.5 0.00010
110118.5 0.00010
110123.5 0.00010
110128.5 0.00010
110133.5 0.00010
110138.5 0.00010
110143.5 0.00010
110148.5 0.00020
110153.5 0.00020
110158.5 0.00020
110163.5 0.00020
110168.5 0.00020
110173.5 0.00020
110178.5 0.00020
110183.5 0.00020
110188.5 0.00020
110193.5 0.00020
110198.5 0.00020
110203.5 0.00020
110208.5 0.00020
110213.5 0.00020
110218.5 0.00020
110223.5 0.00020
110228.5 0.00020
110233.5 0.00030
110238.5 0.00030
110243.5 0.00030
110248.5 0.00030
110253.5 0.00030
110258.5 0.00030
110263.5 0.00030
110268.5 0.00030
110273.5 0.00030
110278.5 0.00030
110283.5 0.00030
110288.5 0.00030
110293.5 0.00030
110298.5 0.00030
110303.5 0.00040
110308.5 0.00040
110313.5 0.00040
110318.5 0.00040
110323.5 0.00040
110328.5 0.00040
110333.5 0.00040
110338.5 0.00040
110343.5 0.00040
110348.5 0.00040
110353.5 0.00040
110358.5 0.00040
110363.5 0.00050
110368.5 0.00050
110373.5 0.00050
110378.5 0.00050
110383.5 0.00050
110388.5 0.00050
110393.5 0.00050
110398.5 0.00050
110403.5 0.00050
110408.5 0.00050
110413.5 0.00060
110418.5 0.00060
110423.5 0.00060
110428.5 0.00060
110433.5 0.00060
110438.5 0.00060
110443.5 0.00060
110448.5 0.00060
110453.5 0.00060
110458.5 0.00060
110463.5 0.00060
110468.5 0.00060
110473.5 0.00070
110478.5 0.00070
110483.5 0.00070
110488.5 0.00070
110493.5 0.00070
110498.5 0.00070
110503.5 0.00070
110508.5 0.00070
110513.5 0.00070
110518.5 0.00070
110523.5 0.00070
110528.5 0.00070
110533.5 0.00070
110538.5 0.00070
110543.5 0.00070
110548.5 0.00070
110553.5 0.00070
110558.5 0.00070
110563.5 0.00070
110568.5 0.00070
110573.5 0.00070
110578.5 0.00070
110583.5 0.00070
110588.5 0.00070
110593.5 0.00070
110598.5 0.00070
110603.5 0.00070
110608.5 0.00070
110613.5 0.00070
110618.5 0.00070
110623.5 0.00070
110628.5 0.00070
110633.5 0.00070
110638.5 0.00070
110643.5 0.00060
110648.5 0.00060
110653.5 0.00060
110658.5 0.00060
110663.5 0.00060
110668.5 0.00060
110673.5 0.00060
110678.5 0.00060
110683.5 0.00060
110688.5 0.00060
110693.5 0.00060
110698.5 0.00060
110703.5 0.00060
110708.5 0.00060
110713.5 0.00060
110718.5 0.00060
110723.5 0.00050
110728.5 0.00050
110733.5 0.00050
110738.5 0.00050
110743.5 0.00050
110748.5 0.00050
110753.5 0.00050
110758.5 0.00050
110763.5 0.00050
110768.5 0.00050
110773.5 0.00050
110778.5 0.00050
110783.5 0.00050
110788.5 0.00050
110793.5 0.00050
110798.5 0.00050
110803.5 0.00050
110808.5 0.00050
110813.5 0.00060
110818.5 0.00060
110823.5 0.00060
110828.5 0.00060
110833.5 0.00060
110838.5 0.00060
110843.5 0.00060
110848.5 0.00060
110853.5 0.00060
110858.5 0.00060
110863.5 0.00070
110868.5 0.00070
110873.5 0.00070
110878.5 0.00070
110883.5 0.00070
110888.5 0.00070
110893.5 0.00070
110898.5 0.00080
110903.5 0.00080
110908.5 0.00080
110913.5 0.00080
110918.5 0.00080
110923.5 0.00080
110928.5 0.00090
110933.5 0.00090
110938.5 0.00090
110943.5 0.00090
110948.5 0.00090
110953.5 0.00090
110958.5 0.00090
110963.5 0.00100
110968.5 0.00100
110973.5 0.00100
110978.5 0.00100
110983.5 0.00100
110988.5 0.00100
110993.5 0.00110
110998.5 0.00110
111003.5 0.00110
111008.5 0.00110
111013.5 0.00110
111018.5 0.00110
111023.5 0.00110
111028.5 0.00120
111033.5 0.00120
111038.5 0.00120
111043.5 0.00120
111048.5 0.00120
111053.5 0.00120
111058.5 0.00120
111063.5 0.00120
111068.5 0.00120
111073.5 0.00120
111078.5 0.00130
111083.5 0.00130
111088.5 0.00130
111093.5 0.00130
111098.5 0.00130
111103.5 0.00130
111108.5 0.00130
111113.5 0.00130
111118.5 0.00130
111123.5 0.00130
111128.5 0.00130
111133.5 0.00130
111138.5 0.00130
111143.5 0.00130
111148.5 0.00130
111153.5 0.00130
111158.5 0.00140
111163.5 0.00140
111168.5 0.00140
111173.5 0.00140
111178.5 0.00140
111183.5 0.00140
111188.5 0.00140
111193.5 0.00140
111198.5 0.00140
111203.5 0.00140
111208.5 0.00140
111213.5 0.00140
111218.5 0.00140
111223.5 0.00150
111228.5 0.00150
111233.5 0.00150
111238.5 0.00150
111243.5 0.00150
111248.5 0.00150
111253.5 0.00150
111258.5 0.00150
111263.5 0.00150
111268.5 0.00160
111273.5 0.00160
111278.5 0.00160
111283.5 0.00160
111288.5 0.00160
111293.5 0.00160
111298.5 0.00170
111303.5 0.00170
111308.5 0.00170
111313.5 0.00170
111318.5 0.00170
111323.5 0.00180
111328.5 0.00180
111333.5 0.00180
111338.5 0.00180
111343.5 0.00180
111348.5 0.00190
111353.5 0.00190
111358.5 0.00190
111363.5 0.00200
111368.5 0.00200
111373.5 0.00200
111378.5 0.00200
111383.5 0.00210
111388.5 0.00210
111393.5 0.00210
111398.5 0.00220
111403.5 0.00220
111408.5 0.00220
111413.5 0.00230
111418.5 0.00230
111423.5 0.00230
111428.5 0.00240
111433.5 0.00240
111438.5 0.00250
111443.5 0.00250
111448.5 0.00250
111453.5 0.00260
111458.5 0.00260
111463.5 0.00270
111468.5 0.00270
111473.5 0.00280
111478.5 0.00280
111483.5 0.00290
111488.5 0.00290
111493.5 0.00290
111498.5 0.00300
111503.5 0.00310
111508.5 0.00310
111513.5 0.00320
111518.5 0.00320
111523.5 0.00330
111528.5 0.00330
111533.5 0.00340
111538.5 0.00340
111543.5 0.00350
111548.5 0.00360
111553.5 0.00360
111558.5 0.00370
111563.5 0.00380
111568.5 0.00380
111573.5 0.00390
111578.5 0.00400
111583.5 0.00400
111588.5 0.00410
111593.5 0.00420
111598.5 0.00430
111603.5 0.00430
111608.5 0.00440
111613.5 0.00450
111618.5 0.00460
111623.5 0.00470
111628.5 0.00480
111633.5 0.00480
111638.5 0.00490
111643.5 0.00500
111648.5 0.00510
111653.5 0.00520
111658.5 0.00530
111663.5 0.00540
111668.5 0.00550
111673.5 0.00560
111678.5 0.00570
111683.5 0.00580
111688.5 0.00590
111693.5 0.00610
111698.5 0.00620
111703.5 0.00630
111708.5 0.00640
111713.5 0.00650
111718.5 0.00660
111723.5 0.00680
111728.5 0.00690
111733.5 0.00700
111738.5 0.00720
111743.5 0.00730
111748.5 0.00750
111753.5 0.00760
111758.5 0.00770
111763.5 0.00790
111768.5 0.00800
111773.5 0.00820
111778.5 0.00840
111783.5 0.00850
111788.5 0.00870
111793.5 0.00890
111798.5 0.00900
111803.5 0.00920
111808.5 0.00940
111813.5 0.00960
111818.5 0.00980
111823.5 0.01000
111828.5 0.01020
111833.5 0.01040
111838.5 0.01070
111843.5 0.01090
111848.5 0.01110
111853.5 0.01140
111858.5 0.01160
111863.5 0.01190
111868.5 0.01220
111873.5 0.01250
111878.5 0.01270
111883.5 0.01300
111888.5 0.01330
111893.5 0.01370
111898.5 0.01400
111903.5 0.01430
111908.5 0.01470
111913.5 0.01500
111918.5 0.01540
111923.5 0.01580
111928.5 0.01620
111933.5 0.01660
111938.5 0.01700
111943.5 0.01740
111948.5 0.01780
111953.5 0.01830
111958.5 0.01880
111963.5 0.01930
111968.5 0.01970
111973.5 0.02030
111978.5 0.02080
111983.5 0.02130
111988.5 0.02190
111993.5 0.02250
111998.5 0.02310
112003.5 0.02370
112008.5 0.02430
112013.5 0.02490
112018.5 0.02560
112023.5 0.02630
112028.5 0.02700
112033.5 0.02770
112038.5 0.02840
112043.5 0.02920
112048.5 0.02990
112053.5 0.03070
112058.5 0.03150
112063.5 0.03240
112068.5 0.03320
112073.5 0.03410
112078.5 0.03500
112083.5 0.03590
112088.5 0.03680
112093.5 0.03780
112098.5 0.03880
112103.5 0.03980
112108.5 0.04080
112113.5 0.04190
112118.5 0.04290
112123.5 0.04400
112128.5 0.04510
112133.5 0.04630
112138.5 0.04750
112143.5 0.04870
112148.5 0.04990
112153.5 0.05110
112158.5 0.05240
112163.5 0.05370
112168.5 0.05500
112173.5 0.05640
112178.5 0.05780
112183.5 0.05920
112188.5 0.06070
112193.5 0.06210
112198.5 0.06370
112203.5 0.06520
112208.5 0.06680
112213.5 0.06840
112218.5 0.07000
112223.5 0.07170
112228.5 0.07340
112233.5 0.07520
112238.5 0.07700
112243.5 0.07880
112248.5 0.08070
112253.5 0.08250
112258.5 0.08450
112263.5 0.08640
112268.5 0.08840
112273.5 0.09040
112278.5 0.09250
112283.5 0.09450
112288.5 0.09660
112293.5 0.09880
112298.5 0.10090
112303.5 0.10310
112308.5 0.10520
112313.5 0.10740
112318.5 0.10960
112323.5 0.11190
112328.5 0.11410
112333.5 0.11640
112338.5 0.11870
112343.5 0.12090
112348.5 0.12320
112353.5 0.12550
112358.5 0.12790
112363.5 0.13020
112368.5 0.13250
112373.5 0.13480
112378.5 0.13710
112383.5 0.13950
112388.5 0.14180
112393.5 0.14410
112398.5 0.14650
112403.5 0.14880
112408.5 0.15110
112413.5 0.15340
112418.5 0.15570
112423.5 0.15800
112428.5 0.16030
112433.5 0.16260
112438.5 0.16480
112443.5 0.16710
112448.5 0.16930
112453.5 0.17160
112458.5 0.17380
112463.5 0.17600
112468.5 0.17810
112473.5 0.18030
112478.5 0.18240
112483.5 0.18450
112488.5 0.18660
112493.5 0.18860
112498.5 0.19060
112503.5 0.19270
112508.5 0.19460
112513.5 0.19660
112518.5 0.19850
112523.5 0.20040
112528.5 0.20230
112533.5 0.20410
112538.5 0.20590
112543.5 0.20770
112548.5 0.20950
112553.5 0.21120
112558.5 0.21290
112563.5 0.21460
112568.5 0.21620
112573.5 0.21790
112578.5 0.21940
112583.5 0.22100
112588.5 0.22250
112593.5 0.22400
112598.5 0.22550
112603.5 0.22690
112608.5 0.22830
112613.5 0.22960
112618.5 0.23100
112623.5 0.23220
112628.5 0.23350
112633.5 0.23470
112638.5 0.23590
112643.5 0.23700
112648.5 0.23810
112653.5 0.23920
112658.5 0.24020
112663.5 0.24120
112668.5 0.24210
112673.5 0.24300
112678.5 0.24390
112683.5 0.24470
112688.5 0.24550
112693.5 0.24620
112698.5 0.24680
112703.5 0.24750
112708.5 0.24810
112713.5 0.24860
112718.5 0.24910
112723.5 0.24950
112728.5 0.24990
112733.5 0.25020
112738.5 0.25050
112743.5 0.25070
112748.5 0.25090
112753.5 0.25110
112758.5 0.25120
112763.5 0.25120
112768.5 0.25120
112773.5 0.25120
112778.5 0.25110
112783.5 0.25110
112788.5 0.25090
112793.5 0.25070
112798.5 0.25050
112803.5 0.25030
112808.5 0.25010
112813.5 0.24980
112818.5 0.24940
112823.5 0.24910
112828.5 0.24870
112833.5 0.24830
112838.5 0.24790
112843.5 0.24750
112848.5 0.24700
112853.5 0.24650
112858.5 0.24600
112863.5 0.24550
112868.5 0.24500
112873.5 0.24440
112878.5 0.24390
112883.5 0.24330
112888.5 0.24270
112893.5 0.24210
112898.5 0.24150
112903.5 0.24090
112908.5 0.24030
112913.5 0.23970
112918.5 0.23900
112923.5 0.23840
112928.5 0.23780
112933.5 0.23720
112938.5 0.23650
112943.5 0.23590
112948.5 0.23520
112953.5 0.23460
112958.5 0.23400
112963.5 0.23340
112968.5 0.23280
112973.5 0.23220
112978.5 0.23160
112983.5 0.23100
112988.5 0.23040
112993.5 0.22980
112998.5 0.22930
113003.5 0.22870
113008.5 0.22820
113013.5 0.22760
113018.5 0.22710
113023.5 0.22660
113028.5 0.22610
113033.5 0.22560
113038.5 0.22510
113043.5 0.22460
113048.5 0.22410
113053.5 0.22370
113058.5 0.22320
113063.5 0.22280
113068.5 0.22230
113073.5 0.22190
113078.5 0.22150
113083.5 0.22110
113088.5 0.22070
113093.5 0.22030
113098.5 0.21990
113103.5 0.21960
113108.5 0.21920
113113.5 0.21890
113118.5 0.21860
113123.5 0.21830
113128.5 0.21790
113133.5 0.21770
113138.5 0.21740
113143.5 0.21710
113148.5 0.21680
113153.5 0.21660
113158.5 0.21640
113163.5 0.21610
113168.5 0.21590
113173.5 0.21570
113178.5 0.21560
113183.5 0.21540
113188.5 0.21530
113193.5 0.21510
113198.5 0.21500
113203.5 0.21490
113208.5 0.21480
113213.5 0.21470
113218.5 0.21460
113223.5 0.21460
113228.5 0.21460
113233.5 0.21450
113238.5 0.21450
113243.5 0.21460
113248.5 0.21460
113253.5 0.21460
113258.5 0.21470
113263.5 0.21470
113268.5 0.21480
113273.5 0.21490
113278.5 0.21500
113283.5 0.21510
113288.5 0.21520
113293.5 0.21540
113298.5 0.21550
113303.5 0.21570
113308.5 0.21590
113313.5 0.21600
113318.5 0.21620
113323.5 0.21640
113328.5 0.21660
113333.5 0.21680
113338.5 0.21710
113343.5 0.21730
113348.5 0.21750
113353.5 0.21780
113358.5 0.21800
113363.5 0.21830
113368.5 0.21860
113373.5 0.21890
113378.5 0.21920
113383.5 0.21940
113388.5 0.21970
113393.5 0.22000
113398.5 0.22040
113403.5 0.22070
113408.5 0.22100
113413.5 0.22130
113418.5 0.22170
113423.5 0.22200
113428.5 0.22230
113433.5 0.22270
113438.5 0.22300
113443.5 0.22340
113448.5 0.22370
113453.5 0.22410
113458.5 0.22450
113463.5 0.22480
113468.5 0.22520
113473.5 0.22560
113478.5 0.22600
113483.5 0.22630
113488.5 0.22670
113493.5 0.22710
113498.5 0.22750
113503.5 0.22790
113508.5 0.22830
113513.5 0.22870
113518.5 0.22910
113523.5 0.22940
113528.5 0.22980
113533.5 0.23020
113538.5 0.23060
113543.5 0.23100
113548.5 0.23140
113553.5 0.23180
113558.5 0.23220
113563.5 0.23260
113568.5 0.23300
113573.5 0.23340
113578.5 0.23380
113583.5 0.23410
113588.5 0.23450
113593.5 0.23490
113598.5 0.23530
113603.5 0.23570
113608.5 0.23610
113613.5 0.23640
113618.5 0.23680
113623.5 0.23720
113628.5 0.23750
113633.5 0.23790
113638.5 0.23820
113643.5 0.23860
113648.5 0.23900
113653.5 0.23930
113658.5 0.23960
113663.5 0.24000
113668.5 0.24030
113673.5 0.24060
113678.5 0.24090
113683.5 0.24130
113688.5 0.24160
113693.5 0.24190
113698.5 0.24220
113703.5 0.24250
113708.5 0.24270
113713.5 0.24300
113718.5 0.24330
113723.5 0.24350
113728.5 0.24380
113733.5 0.24400
113738.5 0.24430
113743.5 0.24450
113748.5 0.24470
113753.5 0.24500
113758.5 0.24520
113763.5 0.24540
113768.5 0.24550
113773.5 0.24570
113778.5 0.24590
113783.5 0.24610
113788.5 0.24620
113793.5 0.24630
113798.5 0.24650
113803.5 0.24660
113808.5 0.24670
113813.5 0.24680
113818.5 0.24690
113823.5 0.24700
113828.5 0.24710
113833.5 0.24710
113838.5 0.24720
113843.5 0.24720
113848.5 0.24720
113853.5 0.24720
113858.5 0.24720
113863.5 0.24720
113868.5 0.24720
113873.5 0.24710
113878.5 0.24710
113883.5 0.24700
113888.5 0.24690
113893.5 0.24680
113898.5 0.24670
113903.5 0.24660
113908.5 0.24650
113913.5 0.24630
113918.5 0.24610
113923.5 0.24590
113928.5 0.24570
113933.5 0.24550
113938.5 0.24530
113943.5 0.24500
113948.5 0.24480
113953.5 0.24450
113958.5 0.24410
113963.5 0.24380
113968.5 0.24350
113973.5 0.24310
113978.5 0.24270
113983.5 0.24230
113988.5 0.24190
113993.5 0.24140
113998.5 0.24100
114003.5 0.24050
114008.5 0.24000
114013.5 0.23950
114018.5 0.23890
114023.5 0.23840
114028.5 0.23780
114033.5 0.23720
114038.5 0.23660
114043.5 0.23600
114048.5 0.23540
114053.5 0.23470
114058.5 0.23400
114063.5 0.23340
114068.5 0.23270
114073.5 0.23190
114078.5 0.23120
114083.5 0.23040
114088.5 0.22970
114093.5 0.22890
114098.5 0.22810
114103.5 0.22720
114108.5 0.22640
114113.5 0.22560
114118.5 0.22470
114123.5 0.22380
114128.5 0.22290
114133.5 0.22200
114138.5 0.22100
114143.5 0.22010
114148.5 0.21910
114153.5 0.21810
114158.5 0.21710
114163.5 0.21610
114168.5 0.21510
114173.5 0.21400
114178.5 0.21290
114183.5 0.21180
114188.5 0.21070
114193.5 0.20960
114198.5 0.20850
114203.5 0.20730
114208.5 0.20610
114213.5 0.20490
114218.5 0.20370
114223.5 0.20250
114228.5 0.20130
114233.5 0.20000
114238.5 0.19870
114243.5 0.19740
114248.5 0.19610
114253.5 0.19480
114258.5 0.19340
114263.5 0.19210
114268.5 0.19070
114273.5 0.18930
114278.5 0.18790
114283.5 0.18650
114288.5 0.18510
114293.5 0.18370
114298.5 0.18230
114303.5 0.18080
114308.5 0.17940
114313.5 0.17790
114318.5 0.17640
114323.5 0.17500
114328.5 0.17350
114333.5 0.17200
114338.5 0.17050
114343.5 0.16900
114348.5 0.16740
114353.5 0.16590
114358.5 0.16440
114363.5 0.16290
114368.5 0.16130
114373.5 0.15980
114378.5 0.15830
114383.5 0.15670
114388.5 0.15520
114393.5 0.15360
114398.5 0.15210
114403.5 0.15050
114408.5 0.14900
114413.5 0.14740
114418.5 0.14590
114423.5 0.14430
114428.5 0.14280
114433.5 0.14120
114438.5 0.13970
114443.5 0.13810
114448.5 0.13660
114453.5 0.13500
114458.5 0.13350
114463.5 0.13200
114468.5 0.13040
114473.5 0.12890
114478.5 0.12740
114483.5 0.12590
114488.5 0.12430
114493.5 0.12280
114498.5 0.12130
114503.5 0.11980
114508.5 0.11830
114513.5 0.11680
114518.5 0.11540
114523.5 0.11390
114528.5 0.11240
114533.5 0.11100
114538.5 0.10950
114543.5 0.10810
114548.5 0.10660
114553.5 0.10520
114558.5 0.10370
114563.5 0.10230
114568.5 0.10090
114573.5 0.09950
114578.5 0.09810
114583.5 0.09670
114588.5 0.09530
114593.5 0.09390
114598.5 0.09260
114603.5 0.09120
114608.5 0.08990
114613.5 0.08850
114618.5 0.08720
114623.5 0.08590
114628.5 0.08460
114633.5 0.08330
114638.5 0.08200
114643.5 0.08070
114648.5 0.07950
114653.5 0.07820
114658.5 0.07700
114663.5 0.07570
114668.5 0.07450
114673.5 0.07330
114678.5 0.07210
114683.5 0.07090
114688.5 0.06970
114693.5 0.06860
114698.5 0.06740
114703.5 0.06630
114708.5 0.06520
114713.5 0.06410
114718.5 0.06300
114723.5 0.06200
114728.5 0.06090
114733.5 0.05990
114738.5 0.05880
114743.5 0.05780
114748.5 0.05680
114753.5 0.05590
114758.5 0.05490
114763.5 0.05390
114768.5 0.05300
114773.5 0.05210
114778.5 0.05120
114783.5 0.05030
114788.5 0.04940
114793.5 0.04850
114798.5 0.04770
114803.5 0.04680
114808.5 0.04600
114813.5 0.04520
114818.5 0.04430
114823.5 0.04350
114828.5 0.04280
114833.5 0.04200
114838.5 0.04120
114843.5 0.04050
114848.5 0.03970
114853.5 0.03900
114858.5 0.03830
114863.5 0.03760
114868.5 0.03690
114873.5 0.03620
114878.5 0.03550
114883.5 0.03480
114888.5 0.03420
114893.5 0.03350
114898.5 0.03290
114903.5 0.03230
114908.5 0.03170
114913.5 0.03110
114918.5 0.03050
114923.5 0.02990
114928.5 0.02930
114933.5 0.02880
114938.5 0.02820
114943.5 0.02770
114948.5 0.02710
114953.5 0.02660
114958.5 0.02610
114963.5 0.02560
114968.5 0.02510
114973.5 0.02460
114978.5 0.02410
114983.5 0.02370
114988.5 0.02320
114993.5 0.02280
114998.5 0.02230
115003.5 0.02190
115008.5 0.02150
115013.5 0.02110
115018.5 0.02070
115023.5 0.02030
115028.5 0.01990
115033.5 0.01950
115038.5 0.01910
115043.5 0.01880
115048.5 0.01840
115053.5 0.01800
115058.5 0.01770
115063.5 0.01740
115068.5 0.01700
115073.5 0.01670
115078.5 0.01640
115083.5 0.01610
115088.5 0.01580
115093.5 0.01550
115098.5 0.01520
115103.5 0.01490
115108.5 0.01460
115113.5 0.01440
115118.5 0.01410
115123.5 0.01380
115128.5 0.01360
115133.5 0.01330
115138.5 0.01310
115143.5 0.01280
115148.5 0.01260
115153.5 0.01240
115158.5 0.01210
115163.5 0.01190
115168.5 0.01170
115173.5 0.01150
115178.5 0.01130
115183.5 0.01110
115188.5 0.01090
115193.5 0.01070
115198.5 0.01050
115203.5 0.01030
115208.5 0.01010
115213.5 0.00990
115218.5 0.00970
115223.5 0.00960
115228.5 0.00940
115233.5 0.00920
115238.5 0.00910
115243.5 0.00890
115248.5 0.00870
115253.5 0.00860
115258.5 0.00840
115263.5 0.00830
115268.5 0.00810
115273.5 0.00800
115278.5 0.00790
115283.5 0.00770
115288.5 0.00760
115293.5 0.00750
115298.5 0.00730
115303.5 0.00720
115308.5 0.00710
115313.5 0.00700
115318.5 0.00680
115323.5 0.00670
115328.5 0.00660
115333.5 0.00650
115338.5 0.00640
115343.5 0.00630
115348.5 0.00620
115353.5 0.00610
115358.5 0.00600
115363.5 0.00590
115368.5 0.00580
115373.5 0.00570
115378.5 0.00560
115383.5 0.00550
115388.5 0.00540
115393.5 0.00530
115398.5 0.00520
115403.5 0.00520
115408.5 0.00510
115413.5 0.00500
115418.5 0.00490
115423.5 0.00480
115428.5 0.00480
115433.5 0.00470
115438.5 0.00460
115443.5 0.00460
115448.5 0.00450
115453.5 0.00440
115458.5 0.00430
115463.5 0.00430
115468.5 0.00420
115473.5 0.00420
115478.5 0.00410
115483.5 0.00400
115488.5 0.00400
115493.5 0.00390
115498.5 0.00390
115503.5 0.00380
115508.5 0.00380
115513.5 0.00370
115518.5 0.00370
115523.5 0.00360
115528.5 0.00360
115533.5 0.00350
115538.5 0.00350
115543.5 0.00340
115548.5 0.00340
115553.5 0.00330
115558.5 0.00330
115563.5 0.00320
115568.5 0.00320
115573.5 0.00320
115578.5 0.00310
115583.5 0.00310
115588.5 0.00300
115593.5 0.00300
115598.5 0.00300
115603.5 0.00290
115608.5 0.00290
115613.5 0.00290
115618.5 0.00280
115623.5 0.00280
115628.5 0.00270
115633.5 0.00270
115638.5 0.00270
115643.5 0.00260
115648.5 0.00260
115653.5 0.00260
115658.5 0.00250
115663.5 0.00250
115668.5 0.00250
115673.5 0.00240
115678.5 0.00240
115683.5 0.00240
115688.5 0.00240
115693.5 0.00230
115698.5 0.00230
115703.5 0.00230
115708.5 0.00220
115713.5 0.00220
115718.5 0.00220
115723.5 0.00210
115728.5 0.00210
115733.5 0.00210
115738.5 0.00200
115743.5 0.00200
115748.5 0.00200
115753.5 0.00190
115758.5 0.00190
115763.5 0.00190
115768.5 0.00180
115773.5 0.00180
115778.5 0.00180
115783.5 0.00170
115788.5 0.00170
115793.5 0.00170
115798.5 0.00160
115803.5 0.00160
115808.5 0.00160
115813.5 0.00150
115818.5 0.00150
115823.5 0.00150
115828.5 0.00140
115833.5 0.00140
115838.5 0.00140
115843.5 0.00130
115848.5 0.00130
115853.5 0.00130
115858.5 0.00120
115863.5 0.00120
115868.5 0.00120
115873.5 0.00120
115878.5 0.00110
115883.5 0.00110
115888.5 0.00110
115893.5 0.00100
115898.5 0.00100
115903.5 0.00100
115908.5 0.00090
115913.5 0.00090
115918.5 0.00090
115923.5 0.00080
115928.5 0.00080
115933.5 0.00080
115938.5 0.00070
115943.5 0.00070
115948.5 0.00070
115953.5 0.00060
115958.5 0.00060
115963.5 0.00060
115968.5 0.00050
115973.5 0.00050
115978.5 0.00050
115983.5 0.00050
115988.5 0.00040
115993.5 0.00040
115998.5 0.00040
116003.5 0.00030
