21.26689	1.892179	0.137805
21.436239	1.982476	0.02691
21.6056		1.923683	0.063918
21.77495	1.987003	0.051397
21.9443		2.002103	0.035214
22.113661	2.01235		0.032371
22.28301	2.066614	0.096856
22.45236	2.116096	0.056027
22.621719	2.141165	0.067005
22.791071	2.144622	0.039513
22.96043	2.195858	0.01658
23.12978	2.235528	0.027641
23.299129	2.246658	0.037181
23.468491	2.234267	0.019345
23.63784	2.260491	0.017329
23.80719	2.314387	0.042242
23.976549	2.376356	0.045261
24.145901	2.427076	0.02166
24.31526	2.438652	0.023445
24.48461	2.619391	0.033621
24.653959	2.778351	0.040611
24.82332	2.592776	0.029019
24.99267	2.587453	0.021531
25.16202	2.647296	0.022985
25.331381	2.661199	0.047687
25.500731	2.735662	0.107231
25.67009	2.742981	0.03263
25.839439	2.81406		0.029838
26.008789	2.977989	0.026184
26.17815	3.888686	0.030354
26.3475		3.267412	0.024422
26.51685	2.905152	0.024408
26.686211	2.946595	0.030959
26.85556	2.993752	0.025984
27.02492	2.986099	0.067395
27.194269	3.002429	0.059534
27.363621	3.050118	0.060602
27.53298	3.108307	0.064059
27.70233	3.151811	0.053353
27.871679	3.163127	0.036008
28.04104	3.151989	0.026074
28.21039	3.191959	0.056075
28.379749	3.223721	0.032805
28.549101	3.289627	0.033756
28.718451	3.319315	0.182499
28.88781	3.362058	0.033073
29.057159	3.399454	0.026014
29.226509	3.394222	0.028544
29.39587	3.41254		0.034707
29.56522	3.441101	0.084564
29.734579	3.448044	0.033965
29.903931	3.504006	0.083831
30.07328	3.528286	0.030541
30.24264	3.53329		0.035919
30.411989	3.56943		0.027214
30.581341	3.564783	0.04656
30.7507		3.656154	0.035264
30.92005	3.674271	0.036907
31.089411	3.720256	0.035871
31.25876	3.753772	0.132107
31.42811	3.77878		0.044234
31.597469	3.801347	0.123642
31.766821	3.812797	0.039617
31.936171	3.848562	0.187359
32.10553	3.87876		0.035761
32.274879	3.887765	0.041731
32.444241	3.945342	0.056265
32.61359	4.003828	0.063602
32.78294	3.992706	0.079309
32.952301	3.996156	0.066038
33.121651	4.015844	0.05261
33.291		4.175827	0.04974
33.460361	4.175517	0.130109
33.629711	4.220717	0.27754
33.799068	4.458497	0.093131
33.968418	4.603451	0.095221
34.137772	4.329511	0.168466
34.307129	4.35691		0.147962
34.476479	4.321465	0.139491
34.645828	4.327048	0.090927
34.815189	4.302092	0.086412
34.984539	4.444081	0.135946
35.1539		4.672968	0.120514
35.32325	4.530558	0.134618
35.492599	4.536784	0.091152
35.661961	4.549887	0.152378
35.83131	4.26278		0.179461
36.00066	4.352631	0.121481
36.170021	4.399882	0.215143
36.339371	4.441282	0.100024
36.508732	4.228952	0.152721
36.678082	4.39109		0.118164
36.847431	4.411063	0.149705
37.016788	4.427787	0.147121
37.186138	4.825876	0.251485
37.355492	4.355102	0.220739