8.483370     	0.391269    	0.091377
8.543860     	0.383212    	0.089183       
8.604340     	0.372898    	0.030328       
8.664830     	0.362791    	0.028846       
8.725310     	0.357434    	0.024932       
8.785790     	0.331731    	0.027657       
8.846280     	0.310824    	0.027221       
8.906760     	0.294910    	0.022565       
8.967240     	0.279145    	0.021188       
9.027730     	0.275651    	0.03663131
9.08821		0.272235	0.044991
9.14869		0.245985	0.018862
9.20918		0.222419	0.018528
9.26966		0.210802	0.040659
9.33015		0.201245	0.015465
9.39063		0.194159	0.03725
9.45111		0.186132	0.035826
9.5116		0.181222	0.032943
9.57208		0.178118	0.020273
9.63256		0.175624	0.01516
9.69305		0.170617	0.016377
9.75353		0.177241	0.015298
9.81401		0.173058	0.015715
9.8745		0.167631	0.015588
9.93498		0.172831	0.032933
9.99547		0.179591	0.032952
10.05595	0.184278	0.039288
10.11643	0.190192	0.015194
10.17692	0.199487	0.015338
10.2374		0.209086	0.016503
10.29788	0.217744	0.018275
10.35837	0.227744	0.052771
10.41885	0.24115		0.018827
10.47933	0.253133	0.019217
10.53982	0.292854	0.051198
10.6003		0.361708	0.039979
10.66079	0.34114		0.044891
10.72127	0.295341	0.02958
10.78175	0.300285	0.039799
10.84224	0.312934	0.071372
10.90272	0.325105	0.026221
10.9632		0.329356	0.026286
11.02369	0.338017	0.028732
11.08417	0.349603	0.030717
11.14465	0.359639	0.028239
11.20514	0.373894	0.027966
11.26562	0.397673	0.029204
11.32611	0.42785		0.033441
11.38659	0.451831	0.032501
11.44707	0.466016	0.033859
11.50756	0.485951	0.037295
11.56804	0.505499	0.038815
11.62852	0.521477	0.039519
11.68901	0.541597	0.042068
11.74949	0.558926	0.039598
11.80997	0.568162	0.04274
11.87046	0.572298	0.043356
11.93094	0.600552	0.046105
11.99143	0.621568	0.04661
12.05191	0.636895	0.046801
12.11239	0.655394	0.049277
12.17288	0.679665	0.148901
12.23336	0.694618	0.052705
12.29384	0.710388	0.049454
12.35433	0.737936	0.052369
12.41481	0.760926	0.054403
12.47529	0.766918	0.151953
12.53578	0.773737	0.054035
12.59626	0.786991	0.058247
12.65675	0.802141	0.181471
12.71723	0.811485	0.062232
12.77771	0.823238	0.061975
12.8382		0.836411	0.170427
12.89868	0.886085	0.124172
12.95916	0.925043	0.126156
13.01965	0.869163	0.132529
13.08013	0.857777	0.066243
13.14061	0.862827	0.066742
13.2011		0.883313	0.067063
13.26158	0.89135		0.186479
13.32206	0.880497	0.109168
13.38255	0.884756	0.114918
13.44303	0.8891		0.110335
13.50352	0.896068	0.189681
13.564		0.907636	0.196406
13.62448	0.910253	0.066338
13.68497	0.922505	0.177208
13.74545	0.924376	0.174674
13.80593	0.928384	0.062554
13.86642	0.932337	0.117046
13.9269		0.930878	0.117664
13.98738	0.939496	0.113095