1000.0000 0.00005538461500000
990.0990 0.00005956914400000
980.3922 0.00006022409000000
971.8173 0.00006364869300000
962.4639 0.00006361780700000
953.2889 0.00006253993900000
944.2871 0.00006807168300000
936.3296 0.00007295139300000
927.6438 0.00007512895300000
919.1177 0.00007292340000000
910.7468 0.00007210912900000
902.5271 0.00000570278100000
895.2552 0.00000540596380000
887.3115 0.00000565539160000
879.5075 0.00000545584580000
871.8396 0.00000521666650000
864.3042 0.00000506710230000
857.6329 0.00000551806680000
850.3401 0.00000579352620000
843.1703 0.00000595778590000
836.1204 0.00000579771400000
829.8755 0.00000552186400000
823.0453 0.00000526839420000
816.3265 0.00000479031170000
809.7166 0.00000430929390000
803.2129 0.00000407608460000
797.4482 0.00000384878280000
791.1392 0.00000349448810000
784.9294 0.00000342479340000
778.8162 0.00000323208720000
772.7975 0.00000323343580000
767.4597 0.00000309513970000
761.6146 0.00000288325540000
755.8579 0.00000269783130000
750.1875 0.00000269531670000
745.1565 0.00000274274910000
739.6450 0.00000281552770000
734.2144 0.00000311032580000
728.8630 0.00000340042610000
723.5890 0.00000347839570000
718.9073 0.00000339663930000
713.7759 0.00000317983230000
708.7172 0.00000295324800000
703.7298 0.00000262468000000
698.8120 0.00000260557050000
694.4444 0.00000284111720000
689.6552 0.00000322319060000
684.9315 0.00000366551260000
680.2721 0.00000409284590000
676.1325 0.00000424254580000
671.5917 0.00000422512340000
667.1114 0.00000394402130000
662.6905 0.00000369577410000
658.3279 0.00000325438220000
654.4503 0.00000297307400000
650.1951 0.00000308521130000
645.9948 0.00000325801460000
641.8485 0.00000357248660000
637.7551 0.00000391413430000
634.1154 0.00000413568680000
630.1197 0.00000426196360000
626.1741 0.00000439354010000
622.2775 0.00000428756060000
618.8119 0.00000413787940000
615.0062 0.00000402119410000
611.2469 0.00000394623710000
607.5334 0.00000393895290000
603.8647 0.00000392843870000
600.6006 0.00000386430390000
597.0149 0.00000390355910000
593.4718 0.00000384452340000
589.9705 0.00000360465490000
586.5103 0.00000340304860000
583.4306 0.00000337235690000
580.0464 0.00000329224140000
576.7013 0.00000343168940000
573.3945 0.00000369240850000
570.4507 0.00000389598990000
567.2150 0.00000406400180000
564.0158 0.00000414024780000
560.8525 0.00000389823300000
557.7245 0.00000375391480000
554.9390 0.00000374126430000
551.8764 0.00000353261530000
548.8474 0.00000341672600000
545.8515 0.00000329610350000
543.1830 0.00000293796370000
540.2485 0.00000262495470000
537.3455 0.00000243252180000
534.4735 0.00000225829760000
531.6321 0.00000218553380000
529.1005 0.00000213006570000
526.3158 0.00000207894740000
523.5602 0.00000191991250000
520.8333 0.00000174336080000
518.1347 0.00000157803340000
515.7298 0.00000142704120000
513.0836 0.00000133429940000
510.4645 0.00000137068140000
507.8720 0.00000142427400000
505.5612 0.00000159362880000
503.0181 0.00000186420720000
500.5005 0.00000216920220000
