498.0080 0.00000259319860000
495.5401 0.00000312571470000
493.3399 0.00000360246560000
490.9180 0.00000400287000000
488.5198 0.00000429467940000
486.1449 0.00000445009540000
483.7929 0.00000462261490000
481.6956 0.00000475608210000
479.3864 0.00000523637440000
477.0992 0.00000565703380000
474.8338 0.00000639982050000
472.8132 0.00000722988600000
470.5882 0.00000807756950000
468.3841 0.00000883495900000
466.2005 0.00000955710960000
464.0371 0.00000991050710000
462.1072 0.00001033139700000
459.9816 0.00001060990500000
457.8755 0.00001104939000000
455.7885 0.00001205084800000
453.7205 0.00001301330200000
451.8753 0.00001406275600000
449.8426 0.00001513151700000
447.8280 0.00001658194000000
445.8315 0.00001729434200000
444.0497 0.00001819140000000
442.0867 0.00001890770600000
440.1409 0.00001908083100000
438.2121 0.00001928855500000
436.3002 0.00001973179500000
434.5937 0.00002060976800000
432.7131 0.00002082966800000
430.8488 0.00002122758800000
429.0004 0.00002135102100000
427.1679 0.00002157901900000
425.5319 0.00002169043700000
423.7288 0.00002184065900000
421.9409 0.00002182269200000
420.1681 0.00002184412200000
418.5852 0.00002206541900000
416.8404 0.00002237883000000
415.1100 0.00002213996000000
413.3940 0.00002195076500000
411.6920 0.00002118404400000
410.1723 0.00001942458700000
408.4967 0.00001755638200000
406.8348 0.00001568773000000
405.1864 0.00001415926100000
403.7142 0.00001314954700000
402.0909 0.00001293539600000
400.4806 0.00001286818900000
398.8831 0.00001288699300000
397.2984 0.00001249306900000
395.8828 0.00001212445500000
394.3218 0.00001152632900000
392.7730 0.00001083578600000
391.2363 0.00000978090770000
389.7116 0.00000861648090000
388.3495 0.00000772644830000
386.8472 0.00000759665870000
385.3564 0.00000803743460000
383.8772 0.00000880386410000
382.5555 0.00001017135100000
381.0976 0.00001160044200000
379.6507 0.00001251595800000
378.2148 0.00001300684900000
376.7898 0.00001387704200000
375.5163 0.00001568296500000
374.1115 0.00001758735100000
372.7171 0.00001960860600000
371.3331 0.00002148427100000
369.9593 0.00002317327500000
368.7316 0.00002352183200000
367.3769 0.00002383912900000
366.0322 0.00002389265200000
364.6973 0.00002442670400000
363.5042 0.00002490602800000
362.1876 0.00002724367300000
360.8806 0.00002972307400000
359.5829 0.00003346886800000
358.2945 0.00003844775800000
357.1429 0.00004266091100000
355.8719 0.00004467952000000
354.6099 0.00004646948800000
353.3569 0.00004702364800000
352.1127 0.00004813496400000
351.0004 0.00005033576500000
349.7726 0.00005538707500000
348.5535 0.00006197357900000
347.3428 0.00006891510700000
346.2604 0.00007612020900000
345.0656 0.00008264509800000
343.8790 0.00008710340600000
342.7005 0.00009064616000000
341.5301 0.00009514051500000
340.4835 0.00010156510000000
339.3281 0.00010854771000000
338.1806 0.00011823314000000
337.0408 0.00012970514000000
335.9086 0.00014043565000000
334.8962 0.00015088729000000
333.7784 0.00015993853000000
332.6680 0.00016892954000000
331.5650 0.00018088510000000
330.5785 0.00019525929000000
329.4893 0.00021090935000000
328.4072 0.00023583969000000
327.3322 0.00026312476000000
326.2643 0.00029023179000000
325.3090 0.00032441534000000
324.2542 0.00035614515000000
323.2062 0.00038855779000000
322.1650 0.00041438909000000
321.1304 0.00044605363000000
320.2049 0.00048505769000000
319.1829 0.00054927517000000
318.1674 0.00062671976000000
317.1583 0.00074445060000000
316.2555 0.00090011191000000
315.2585 0.00107932740000000
314.2678 0.00128728910000000
313.2832 0.00152751380000000
312.3048 0.00176229140000000
311.4295 0.00199862420000000
310.4626 0.00224829500000000
309.5017 0.00252192870000000
308.5467 0.00282099880000000
307.6923 0.00322907860000000
306.7485 0.00357817030000000
305.8104 0.00394529020000000
304.8781 0.00427666850000000
303.9514 0.00449747820000000
303.1222 0.00472171050000000
302.2061 0.00492662370000000
301.2956 0.00518493260000000
300.3905 0.00571072060000000
299.4909 0.00678791110000000
298.6858 0.00832053250000000
297.7963 0.01285760100000000
296.9121 0.02065333700000000
296.0332 0.03430406200000000
295.2465 0.06235866300000000
294.3774 0.13774274000000000
293.5134 0.23932627000000001
292.6544 0.29394077000000002
291.8004 0.35240511000000002
291.0361 0.41832439999999999
290.1915 0.49603617999999999
289.3519 0.56407713000000004
288.5170 0.63442040000000000
287.6870 0.68586477000000001
286.9441 0.71940972000000003
286.1230 0.71090569000000003
285.3067 0.77675534000000002
284.4950 0.72624387999999995
283.7684 0.73280862000000002
282.9655 0.78639526999999998
282.1670 0.80882717999999998
281.3731 0.84350090000000000
280.5836 0.87011753999999997
279.8768 0.88607166999999998
279.0957 0.89770680999999997
278.3190 0.91355903000000005
277.5465 0.91254846000000001
276.7783 0.91686614000000000
276.0906 0.93006109999999997
275.3304 0.94867961999999995
274.5744 0.95829485999999997
273.8226 0.95687445000000004
273.1494 0.94446662000000003
272.4053 0.93650560999999999
271.6653 0.91784065000000004
270.9293 0.89883024000000000
270.1972 0.90649690999999999
269.5418 0.91362814999999997
268.8172 0.93790618000000003
268.0965 0.97015585000000004
267.3797 0.99150848999999996
266.6667 1.00000000000000000
266.0282 0.99015111000000000
265.3224 0.96128334000000004
264.6203 0.92442619999999998
263.9219 0.90516503999999998
263.2965 0.88826391999999998
262.6050 0.88001547000000002
261.9172 0.89411636000000005
261.2330 0.90814357999999995
260.5524 0.91837553000000005
259.9428 0.92736741000000000
259.2689 0.93322545000000001
258.5984 0.92072396000000001
257.9314 0.90828697000000003
257.3340 0.89628591000000002
256.6735 0.88425434999999997
256.0164 0.87228439999999996
255.3626 0.86823289000000003
254.7122 0.86434197000000001
254.1296 0.85859503000000004
253.4854 0.84931544999999997
252.8445 0.84008280000000002
252.2068 0.83131244999999998
251.5723 0.82244799000000002
251.0040 0.81865924999999995
