250.3756 0.82844046000000005
249.7503 0.83817282000000004
249.1281 0.84402394000000003
248.5707 0.84828172000000002
247.9544 0.84985681000000002
247.3411 0.83022344999999997
246.7308 0.81068697000000001
246.1236 0.79557409999999995
245.5796 0.78464020999999995
244.9780 0.77356499000000001
244.3793 0.78349069999999998
243.7835 0.79443958999999997
243.1907 0.80653781999999996
242.6596 0.82064258999999995
242.0721 0.83448383999999998
241.4876 0.82556901999999999
240.9058 0.81113778999999997
240.3846 0.79643914000000005
239.8082 0.77990355000000000
239.2345 0.76331563000000002
238.6635 0.75624851999999998
238.0952 0.75405546999999995
237.5861 0.75270417000000001
237.0230 0.75769218000000005
236.4625 0.76278652000000002
235.9047 0.76124630000000004
235.3495 0.75311837999999998
234.8520 0.74533263999999999
234.3018 0.74320010000000003
233.7541 0.74159127000000002
233.2090 0.73883672000000000
232.7205 0.73409252999999997
232.1802 0.72919882999999996
231.6423 0.71745488999999996
231.1070 0.70386050000000000
230.5741 0.68868185000000004
230.0966 0.66715382999999995
229.5684 0.64556654999999996
229.0426 0.63792139999999997
228.5192 0.63859814999999998
227.9982 0.63964763000000002
227.5313 0.64621384999999998
227.0148 0.65260505999999996
226.5006 0.65050465000000002
225.9887 0.63860433000000005
225.5300 0.62702294999999997
225.0225 0.60681892000000004
224.5173 0.58559536999999995
224.0143 0.57111347000000001
223.5136 0.57069663000000004
223.0649 0.57028628000000003
222.5684 0.57280801000000003
222.0742 0.57617266000000000
221.5821 0.57891366000000000
221.0922 0.57860555999999996
220.6531 0.57842643000000005
220.1673 0.57207213999999995
219.6837 0.56176249000000000
219.2021 0.55149804000000002
218.7705 0.54981115999999997
218.2930 0.54789131000000002
217.8175 0.54418462999999995
217.3441 0.53810566999999998
216.8727 0.53205307000000002
216.4502 0.52399980999999995
215.9827 0.51551040999999997
215.5172 0.50741285000000003
215.0538 0.50017723999999997
214.6383 0.49296056999999999
214.1786 0.48696217000000003
213.7209 0.48145913000000001
213.2651 0.47351880000000002
212.8112 0.45064533000000001
212.4044 0.42784317999999999
211.9542 0.40026739000000000
211.5059 0.36908945999999998
211.0595 0.33804313000000002
210.6150 0.31314514999999998
210.2165 0.28852794999999998
209.7755 0.26579253000000003
209.3364 0.24579773999999999
208.8991 0.22600128000000000
208.5071 0.20449734000000000
208.0732 0.18257855000000001
207.6412 0.16132124000000000
207.2109 0.14151823999999999
206.7825 0.12179714000000000
206.3984 0.10670341000000000
205.9732 0.09384230600000000
205.5499 0.08144065600000000
205.1282 0.07257255600000000
204.7083 0.06375201100000000
204.3318 0.05605653000000000
203.9152 0.04934299000000000
203.5002 0.04265677300000000
203.0869 0.03834102500000000
202.7164 0.03414991700000000
202.3063 0.03025701800000000
201.8978 0.02684575700000000
201.4910 0.02345931300000000
201.0859 0.02093723700000000
200.7226 0.01863852700000000
200.3205 0.01653194600000000
199.9200 0.01504892500000000
199.5212 0.01358278600000000
199.1239 0.01231942100000000
198.7676 0.01116156800000000
198.3733 0.01005273200000000
197.9806 0.00937688330000000
197.5894 0.00870261930000000
197.2387 0.00815289250000000
196.8504 0.00772042920000000
196.4637 0.00729074460000000
196.0784 0.00659771600000000
195.6947 0.00588804540000000
195.3507 0.00529808150000000
194.9698 0.00492459380000000
194.5904 0.00455149050000000
194.2125 0.00430362020000000
193.8360 0.00409079190000000
193.4985 0.00384126320000000
193.1248 0.00344228970000000
192.7525 0.00304379510000000
192.3817 0.00273562530000000
192.0492 0.00248081090000000
191.6810 0.00224856610000000
191.3143 0.00240719680000000
190.9490 0.00256522170000000
190.5851 0.00267342720000000
190.2588 0.00272843590000000
189.8975 0.00278272810000000
189.5375 0.00265352540000000
189.1790 0.00250506210000000
188.8574 0.00234722780000000
188.5014 0.00217190910000000
188.1467 0.00199621640000000
187.7934 0.00205437750000000
187.4414 0.00219162280000000
187.1258 0.00231953680000000
186.7762 0.00241064500000000
186.4280 0.00250141360000000
186.0811 0.00235259720000000
185.7355 0.00204309060000000
185.4256 0.00173709100000000
185.0824 0.00152642100000000
184.7404 0.00131754450000000
184.3998 0.00112159650000000
184.0943 0.00094343249000000
183.7560 0.00076561623000000
183.4189 0.00066323075000000
183.0831 0.00057248683000000
182.7485 0.00059041835000000
182.4485 0.00086793338000000
182.1162 0.00114473030000000
181.7851 0.00117760810000000
181.4553 0.00111565080000000
181.1266 0.00100017710000000
180.8318 0.00055918765000000
180.5054 0.00011951045000000
180.1802 -0.00007016137000000
179.8561 -0.00006976836100000
179.5654 -0.00006938922100000
179.2436 0.00024975920000000
178.9229 0.00057058704000000
178.6033 0.00073374563000000
178.2849 0.00067709078000000
177.9993 0.00062065026000000
177.6830 0.00042175309000000
177.3679 0.00019637156000000
177.0538 0.00003983711000000
176.7409 0.00007229868000000
176.4602 0.00010471265000000
176.1494 0.00014924304000000
175.8396 0.00019922051000000
175.5310 0.00023687038000000
175.2541 0.00017997250000000
174.9475 0.00012323226000000
174.6420 0.00010008329000000
174.3375 0.00010556041000000
174.0341 0.00011111409000000
173.7620 0.00024479430000000
173.4605 0.00038294749000000
173.1602 0.00051310594000000
172.8608 0.00063103707000000
172.5626 0.00074846637000000
172.2950 0.00067128771000000
171.9986 0.00054916704000000
171.7033 0.00044944753000000
171.4090 0.00042117636000000
171.1450 0.00039306919000000
170.8526 0.00038498150000000
170.5611 0.00038732375000000
170.2707 0.00038048959000000
169.9813 0.00027430499000000
169.7217 0.00016841611000000
169.4341 0.00006512041000000
169.1475 -0.00003577190700000
168.8619 -0.00013629565000000
