5.2179667  0.0091920  0.0055700 
5.2480366  0.0070230  0.0063110 
5.2781065  0.0094150  0.0055630 
5.3081763  0.0127850  0.0045650 
5.3382561  0.0085730  0.0058890 
5.3683260  0.0090570  0.0055470 
5.3983959  0.0111110  0.0035260 
5.4284657  0.0096310  0.0033440 
5.4585356  0.0088290  0.0035840 
5.4886154  0.0097940  0.0045820 
5.5186853  0.0089360  0.0053980 
5.5487551  0.0093560  0.0042200 
5.5788250  0.0150150  0.0052410 
5.6088949  0.0125340  0.0037590 
5.6389747  0.0125570  0.0039690 
5.6690445  0.0134270  0.0043700 
5.6991144  0.0116100  0.0039840 
5.7291843  0.0120510  0.0025750 
5.7592541  0.0110960  0.0044010 
5.7893339  0.0120000  0.0037530 
5.8194038  0.0115870  0.0042250 
5.8494737  0.0140910  0.0048610 
5.8795435  0.0134080  0.0036520 
5.9096134  0.0135940  0.0048280 
5.9396932  0.0147640  0.0064650 
5.9697631  0.0163770  0.0123310 
5.9998329  0.0205360  0.0054640 
6.0299028  0.0220970  0.0040210 
6.0599727  0.0228560  0.0054820 
6.0900525  0.0292160  0.0039650 
6.1201223  0.0406100  0.0046020 
6.1501922  0.0552810  0.0070390 
6.1802621  0.0599780  0.0096930 
6.2103319  0.0585980  0.0072470 
6.2404118  0.0467910  0.0070500 
6.2704816  0.0361810  0.0090150 
6.3005515  0.0348270  0.0074930 
6.3306213  0.0336040  0.0073890 
6.3606912  0.0295550  0.0060400 
6.3907710  0.0246790  0.0058740 
6.4208409  0.0213860  0.0042180 
6.4509107  0.0212580  0.0039380 
6.4809806  0.0202600  0.0046780 
6.5110505  0.0196820  0.0038230 
6.5411303  0.0213100  0.0062130 
6.5712001  0.0257370  0.0101220 
6.6012700  0.0251510  0.0054650 
6.6313399  0.0261110  0.0073380 
6.6614097  0.0263770  0.0111920 
6.6914896  0.0252030  0.0044890 
6.7215594  0.0275660  0.0117950 
6.7516293  0.0303640  0.0072790 
6.7816991  0.0316110  0.0060000 
6.8117690  0.0331690  0.0054370 
6.8418488  0.0343670  0.0075270 
6.8719187  0.0380840  0.0080810 
6.9019885  0.0371140  0.0072360 
6.9320584  0.0373990  0.0166730 
6.9621283  0.0528390  0.0082670 
6.9922081  0.0438440  0.0076730 
7.0222780  0.0381370  0.0078150 
7.0523478  0.0380740  0.0147970 
7.0824177  0.0380630  0.0072330 
7.1124875  0.0389620  0.0054670 
7.1425674  0.0389940  0.0053400 
7.1726372  0.0380810  0.0066360 
7.2027071  0.0406620  0.0058800 
7.2327769  0.0429530  0.0074790 
7.2628468  0.0466870  0.0070170 
7.2929266  0.0499550  0.0092160 
7.3229965  0.0524110  0.0255610 
7.3530664  0.0632860  0.0275840 
7.3831362  0.0683390  0.0349070 
7.4132061  0.0676650  0.0361940 
7.4432859  0.0824230  0.0154940 
7.4132061  0.0671130  0.0305690 
7.4733558  0.0810510  0.0158040 
7.5334955  0.1017390  0.0044900 
7.5936352  0.1237640  0.0088560 
7.6537849  0.1256470  0.0102480 
7.7139246  0.1233500  0.0061860 
7.7740643  0.1271700  0.0062810 
7.8342140  0.1290100  0.0065170 
7.8943537  0.1196130  0.0064230 
7.9545034  0.1099360  0.0065740 
8.0146431  0.1055100  0.0049700 
8.0747829  0.0944360  0.0044490 
8.1349326  0.0923570  0.0133270 
8.1950723  0.0880750  0.0054860 
8.2552120  0.0906170  0.0050750 
8.3153617  0.0901380  0.0048300 
8.3755014  0.0868800  0.0053820 
8.4356411  0.0868370  0.0051390 
8.4957908  0.0878760  0.0044410 
8.5559305  0.0904880  0.0037870 
8.6160802  0.0860940  0.0039930 
8.6762199  0.0746860  0.0073330 
8.7363597  0.0611260  0.0032490 
8.7965094  0.0514020  0.0029050 
8.8566491  0.0443040  0.0037570 
8.9167888  0.0410880  0.0034060 
8.9769385  0.0410030  0.0026230 
9.0370782  0.0378050  0.0042150 
9.0972179  0.0371020  0.0024410 
9.1573676  0.0355260  0.0032000 
9.2175073  0.0319660  0.0024950 
9.2776570  0.0328130  0.0029280 
9.3377967  0.0355890  0.0051240 
9.3979365  0.0340900  0.0088070 
9.4580861  0.0339660  0.0053140 
9.5182259  0.0356570  0.0038130 
9.5783656  0.0345620  0.0027250 
9.6385153  0.0396130  0.0027630 
9.6986550  0.0376340  0.0043980 
9.7587947  0.0317010  0.0028770 
9.8189444  0.0317810  0.0030840 
9.8790841  0.0304330  0.0039080 
9.9392338  0.0333900  0.0042100 
9.9993735  0.0332900  0.0035370 
10.0595133  0.0340780  0.0034900 
10.1196629  0.0336990  0.0036290 
10.1798027  0.0324890  0.0030150 
10.2399424  0.0342750  0.0025090 
10.3000921  0.0361950  0.0027500 
10.3602318  0.0382230  0.0037230 
10.4203715  0.0474710  0.0031560 
10.4805212  0.0623270  0.0051760 
10.5406609  0.0605240  0.0033640 
10.6008106  0.0549990  0.0029150 
10.6609503  0.0571750  0.0044040 
10.7210901  0.0584490  0.0029400 
10.7812397  0.0606370  0.0044240 
10.8413795  0.0632380  0.0092620 
10.9015192  0.0681150  0.0059740 
10.9616689  0.0788970  0.0171290 
11.0218086  0.0899540  0.0068460 
11.0819483  0.1103750  0.0114060 
11.1420980  0.1703270  0.0221570 
11.2022377  0.2295710  0.0227700 
11.2623874  0.2337370  0.0174450 
11.3225271  0.1966340  0.0177120 
11.3826669  0.1646170  0.0083860 
11.4428165  0.1366130  0.0059450 
11.5029563  0.1325870  0.0090580 
11.5630960  0.1299750  0.0074270 
11.6232457  0.1177850  0.0108160 
11.6833854  0.1127240  0.0084980 
11.7435251  0.1183900  0.0064820 
11.8036748  0.1099820  0.0100630 
11.8638145  0.1240850  0.0057340 
11.9239642  0.1346420  0.0070470 
11.9841039  0.1464500  0.0069900 
12.0442437  0.1371020  0.0157100 
12.1043933  0.1392630  0.0093870 
12.1645331  0.1366120  0.0090330 
12.2246728  0.1500450  0.0124190 
12.2848225  0.1535430  0.0093870 
12.3449622  0.1566230  0.0106850 
12.4051019  0.1619010  0.0071180 
12.4652516  0.1689320  0.0058730 
12.5253913  0.1810670  0.0067220 
12.5855410  0.1911540  0.0081850 
12.6456807  0.1984030  0.0080570 
12.7058205  0.2202850  0.0131950 
12.7659701  0.2719610  0.0140300 
12.8261099  0.2710340  0.0105910 
12.8862496  0.1835420  0.0086960 
12.9463993  0.1395700  0.0088380 
13.0065390  0.1391780  0.0129190 
13.0666787  0.1342520  0.0070540 
13.1268284  0.1364710  0.0072480 
13.1869681  0.1348190  0.0066690 
13.2471079  0.1315670  0.0087840 
13.3072575  0.1343100  0.0090650 
13.3673973  0.1386770  0.0071930 
13.4275469  0.1429990  0.0094300 
13.4876867  0.1369760  0.0071740 
13.5478264  0.1338220  0.0057600 
13.6079761  0.1313330  0.0078170 
13.6681158  0.1333500  0.0064550 
13.7282555  0.1306750  0.0077990 
13.7884052  0.1349910  0.0087450 
13.8485449  0.1330490  0.0081760 
13.9086847  0.1348800  0.0088630 
13.9901935  0.1348800  0.0565080 
14.0743971  0.1333419  0.0568580 
14.1586006  0.1385616  0.0493910 
14.2427943  0.1510114  0.0430060 
14.3269978  0.1483389  0.0771710 
14.4112014  0.1362858  0.0673570 
14.4953951  0.1293714  0.0160790 
14.5795986  0.1322873  0.0240300 
14.6638022  0.1344184  0.0335840 
14.7480058  0.1354613  0.0202770 
14.8321994  0.1382988  0.0185800 
14.9164030  0.1387784  0.0350210 
15.0006066  0.1376727  0.0225670 
15.0848002  0.1358763  0.0260000 
15.1690038  0.1358813  0.0122970 
15.2532074  0.1382657  0.0258480 
15.3374010  0.1396378  0.0801000 
15.4216046  0.1501457  0.0143120 
15.5058081  0.1839038  0.0171070 
15.5900018  0.1831453  0.0729730 
15.6742053  0.1533683  0.0810010 
15.7584089  0.1510563  0.0526100 
15.8426026  0.1528076  0.0335940 
15.9268061  0.1553557  0.0293870 
16.0110107  0.1558720  0.0322510 
16.0952123  0.1553469  0.0187110 
16.1794069  0.1599361  0.0413240 
16.2636115  0.1680241  0.0384510 
16.3478141  0.1869695  0.0212130 
16.4320087  0.1948258  0.0208930 
16.5162103  0.1854588  0.0555600 
16.6004149  0.1832657  0.0812980 
16.6846095  0.1823674  0.0438740 
16.7688111  0.1858617  0.0337900 
16.8530156  0.1907458  0.0496170 
16.9372083  0.1970319  0.0397260 
17.0214128  0.2096247  0.0577200 
17.1056164  0.2010411  0.0847890 
17.1898091  0.1994379  0.0872110 
17.2740136  0.2025472  0.0740190 
17.3582172  0.2016012  0.0615460 
17.4424198  0.1989075  0.1006590 
17.5266144  0.1965434  0.0607010 
17.6108190  0.2004052  0.0953010 
17.6950206  0.1937083  0.0247580 
17.7792152  0.1986953  0.0300130 
17.8634198  0.2004427  0.0301720 
17.9476224  0.1968724  0.0362780 
18.0318170  0.1988560  0.0226610 
18.1160186  0.2030236  0.0329340 
18.2002231  0.2024184  0.0295030 
18.2844178  0.2054699  0.0446990 
18.3686194  0.2044799  0.0527700 
18.4528239  0.2078067  0.0580320 
18.5370166  0.2064435  0.0717370 
18.6212211  0.2470926  0.2876050 
18.7054247  0.2653206  0.0591320 
18.7896293  0.2314922  0.0410630 
18.8738219  0.2181265  0.0857610 
18.9580255  0.2184938  0.1883040 
19.0422281  0.2134246  0.0972480 
19.1264227  0.2136767  0.1394100 
19.2106273  0.2151333  0.1052780 
19.2948289  0.2223456  0.0917250 
19.3790235  0.2219020  0.0926850 
19.4632281  0.2262275  0.0565510 
19.5474306  0.2248684  0.0545440 
19.6316253  0.2306091  0.0587290 
19.7158269  0.2396505  0.0512450 
19.8000314  0.2427941  0.0381870 
19.8842260  0.2490798  0.0550770 
19.9684276  0.2560314  0.0482970 
20.0526322  0.2600104  0.0369270 
20.1368368  0.2645495  0.0402100 
20.2210294  0.2672682  0.0425880 
20.3052330  0.2752127  0.0385040 
20.3894376  0.2734929  0.0459480 
20.4736302  0.2574478  0.1077800 
20.6420364  0.2741796  0.0378630 
20.8104356  0.2852917  0.0351820 
20.9788318  0.2784042  0.0910440 
21.1472389  0.2861335  0.1227560 
21.3156351  0.3022022  0.1109840 
21.4840433  0.3013323  0.1178910 
21.6524405  0.3111333  0.0842030 
21.8208377  0.3306479  0.1067860 
21.9892458  0.3337432  0.3277650 
22.1576421  0.3320004  0.2610430 
22.3260393  0.3422597  0.0863910 
22.4944454  0.3528730  0.2759270 
22.6628446  0.3580078  0.0930770 
22.8312508  0.3588644  0.0305530 
22.9996480  0.3680640  0.0427990 
23.1680442  0.3744399  0.0867800 
23.3364533  0.3829332  0.0576210 
23.5048496  0.3890476  0.1340570 
23.6732468  0.3998861  0.0226880 
23.8416529  0.4152741  0.0502340 
24.0100521  0.4172592  0.1181770 
24.1784583  0.4251500  0.4808420 
24.3468555  0.4374029  0.0610350 
24.5152517  0.4347571  0.1230600 
24.6836599  0.4474310  0.1687860 
24.8520571  0.4553902  0.1197470 
25.0204543  0.4532686  0.1228440 
25.1888624  0.4641307  0.1343470 
25.3572596  0.4808521  0.1030600 
25.5256658  0.4911275  0.1068000 
25.6940620  0.5340625  0.2023560 
25.8624592  0.6258663  0.2266240 
26.0308674  0.5779759  0.0394420 
26.1992646  0.5287450  0.0428930 
26.3676618  0.5294083  0.0407470 
26.5360699  0.5569929  0.1842580 
26.7044661  0.5781920  0.1995430 
26.8728733  0.5759636  0.1589720 
27.0412695  0.5759499  0.0423510 
27.2096687  0.5781374  0.0402600 
27.3780749  0.5934117  0.7244910 
27.5464721  0.6067214  0.6278270 
27.7148683  0.6204895  0.1488610 
27.8832764  0.6253667  0.0471640 
28.0516736  0.6422955  0.0467820 
28.2200798  0.6619647  0.3595640 
28.3884790  0.6617766  0.5270430 
28.5568762  0.6712956  0.1849650 
28.7252824  0.6745768  0.1580790 
28.8936786  0.6765685  0.1726090 
29.0620758  0.6842714  0.2182040 
29.2304839  0.7006599  0.1037690 
29.3988811  0.7146481  0.1350070 
29.5672873  0.7318636  0.1202290 
29.7356865  0.7512764  0.6052600 
29.9040827  0.7535074  0.6301740 
30.0724899  0.7525965  0.5951410 
30.2408861  0.7659926  0.1367330 
30.4092853  0.7763162  0.1698980 
30.5776914  0.8000390  0.0988650 
30.7460886  0.8070705  0.4270130 
30.9144968  0.8175000  0.3513680 
31.0828930  0.8319556  0.6888560 
31.2512902  0.8466093  0.3925190 
31.4196964  0.8602436  0.5661670 
31.5880956  0.8842108  0.2701240 
31.7564928  0.8918297  0.1898330 
31.9248989  0.8978412  0.6053130 
32.0932951  0.9030541  0.1920790 
32.2617043  0.9324431  0.1208310 
32.4301005  0.9739689  0.1107750 
32.5984977  1.0110256  0.2496830 
32.7669058  1.0387109  0.1132410 
32.9353031  1.0314601  0.2246860 
33.1036993  1.0518566  0.6111860 
33.2721074  1.0761288  0.3900560 
33.4405046  1.1198758  0.1096530 
33.6089088  1.1232078  0.2763980 
33.7773060  1.1329408  0.3418870 
33.9457072  1.1303221  0.1321070 
34.1141114  1.1733388  0.5188090 
34.2825086  1.1687420  0.2397680 
34.4509048  1.1485291  0.2079460 
34.6193129  1.2848340  0.5071600 
34.7877101  1.3785230  0.1178170 
34.9561183  1.1872930  1.1259850 
35.1245155  1.1138628  0.1292490 
35.2929117  1.2326515  0.1646500 
35.4613208  1.2344952  0.2416800 
35.6297171  1.2152050  0.3125100 
35.7981143  1.2819459  0.4819170 
35.9665224  1.2718614  0.5067510 
36.1349196  1.2406891  0.7316470 
36.3033278  1.1861281  0.2174610 
36.4717250  1.2084503  0.7834460 
36.6401212  1.2798692  0.3931240 
36.8085254  1.3058710  0.6446420 
36.9769226  1.2776273  1.1263460 
37.1453238  1.1835681  0.3162940 
