5.2179667  0.0091920  0.0055700 
5.2480366  0.0070230  0.0063110 
5.2781065  0.0094150  0.0055630 
5.3081763  0.0127850  0.0045650 
5.3382561  0.0085730  0.0058890 
5.3683260  0.0090570  0.0055470 
5.3983959  0.0111110  0.0035260 
5.4284657  0.0096310  0.0033440 
5.4585356  0.0088290  0.0035840 
5.4886154  0.0097940  0.0045820 
5.5186853  0.0089360  0.0053980 
5.5487551  0.0093560  0.0042200 
5.5788250  0.0150150  0.0052410 
5.6088949  0.0125340  0.0037590 
5.6389747  0.0125570  0.0039690 
5.6690445  0.0134270  0.0043700 
5.6991144  0.0116100  0.0039840 
5.7291843  0.0120510  0.0025750 
5.7592541  0.0110960  0.0044010 
5.7893339  0.0120000  0.0037530 
5.8194038  0.0115870  0.0042250 
5.8494737  0.0140910  0.0048610 
5.8795435  0.0134080  0.0036520 
5.9096134  0.0135940  0.0048280 
5.9396932  0.0147640  0.0064650 
5.9697631  0.0163770  0.0123310 
5.9998329  0.0205360  0.0054640 
6.0299028  0.0220970  0.0040210 
6.0599727  0.0228560  0.0054820 
6.0900525  0.0292160  0.0039650 
6.1201223  0.0406100  0.0046020 
6.1501922  0.0552810  0.0070390 
6.1802621  0.0599780  0.0096930 
6.2103319  0.0585980  0.0072470 
6.2404118  0.0467910  0.0070500 
6.2704816  0.0361810  0.0090150 
6.3005515  0.0348270  0.0074930 
6.3306213  0.0336040  0.0073890 
6.3606912  0.0295550  0.0060400 
6.3907710  0.0246790  0.0058740 
6.4208409  0.0213860  0.0042180 
6.4509107  0.0212580  0.0039380 
6.4809806  0.0202600  0.0046780 
6.5110505  0.0196820  0.0038230 
6.5411303  0.0213100  0.0062130 
6.5712001  0.0257370  0.0101220 
6.6012700  0.0251510  0.0054650 
6.6313399  0.0261110  0.0073380 
6.6614097  0.0263770  0.0111920 
6.6914896  0.0252030  0.0044890 
6.7215594  0.0275660  0.0117950 
6.7516293  0.0303640  0.0072790 
6.7816991  0.0316110  0.0060000 
6.8117690  0.0331690  0.0054370 
6.8418488  0.0343670  0.0075270 
6.8719187  0.0380840  0.0080810 
6.9019885  0.0371140  0.0072360 
6.9320584  0.0373990  0.0166730 
6.9621283  0.0528390  0.0082670 
6.9922081  0.0438440  0.0076730 
7.0222780  0.0381370  0.0078150 
7.0523478  0.0380740  0.0147970 
7.0824177  0.0380630  0.0072330 
7.1124875  0.0389620  0.0054670 
7.1425674  0.0389940  0.0053400 
7.1726372  0.0380810  0.0066360 
7.2027071  0.0406620  0.0058800 
7.2327769  0.0429530  0.0074790 
7.2628468  0.0466870  0.0070170 
7.2929266  0.0499550  0.0092160 
7.3229965  0.0524110  0.0255610 
7.3530664  0.0632860  0.0275840 
7.3831362  0.0683390  0.0349070 
7.4132061  0.0676650  0.0361940 
7.4432859  0.0824230  0.0154940 
7.4132061  0.0671130  0.0305690 
7.4733558  0.0810510  0.0158040 
7.5334955  0.1017390  0.0044900 
7.5936352  0.1237640  0.0088560 
7.6537849  0.1256470  0.0102480 
7.7139246  0.1233500  0.0061860 
7.7740643  0.1271700  0.0062810 
7.8342140  0.1290100  0.0065170 
7.8943537  0.1196130  0.0064230 
7.9545034  0.1099360  0.0065740 
8.0146431  0.1055100  0.0049700 
8.0747829  0.0944360  0.0044490 
8.1349326  0.0923570  0.0133270 
8.1950723  0.0880750  0.0054860 
8.2552120  0.0906170  0.0050750 
8.3153617  0.0901380  0.0048300 
8.3755014  0.0868800  0.0053820 
8.4356411  0.0868370  0.0051390 
8.4957908  0.0878760  0.0044410 
8.5559305  0.0904880  0.0037870 
8.6160802  0.0860940  0.0039930 
8.6762199  0.0746860  0.0073330 
8.7363597  0.0611260  0.0032490 
8.7965094  0.0514020  0.0029050 
8.8566491  0.0443040  0.0037570 
8.9167888  0.0410880  0.0034060 
8.9769385  0.0410030  0.0026230 
9.0370782  0.0378050  0.0042150 
9.0972179  0.0371020  0.0024410 
9.1573676  0.0355260  0.0032000 
9.2175073  0.0319660  0.0024950 
9.2776570  0.0328130  0.0029280 
9.3377967  0.0355890  0.0051240 
9.3979365  0.0340900  0.0088070 
9.4580861  0.0339660  0.0053140 
9.5182259  0.0356570  0.0038130 
9.5783656  0.0345620  0.0027250 
9.6385153  0.0396130  0.0027630 
9.6986550  0.0376340  0.0043980 
9.7587947  0.0317010  0.0028770 
9.8189444  0.0317810  0.0030840 
9.8790841  0.0304330  0.0039080 
9.9392338  0.0333900  0.0042100 
9.9993735  0.0332900  0.0035370 
10.0595133  0.0340780  0.0034900 
10.1196629  0.0336990  0.0036290 
10.1798027  0.0324890  0.0030150 
10.2399424  0.0342750  0.0025090 
10.3000921  0.0361950  0.0027500 
10.3602318  0.0382230  0.0037230 
10.4203715  0.0474710  0.0031560 
10.4805212  0.0623270  0.0051760 
10.5406609  0.0605240  0.0033640 
10.6008106  0.0549990  0.0029150 
10.6609503  0.0571750  0.0044040 
10.7210901  0.0584490  0.0029400 
10.7812397  0.0606370  0.0044240 
10.8413795  0.0632380  0.0092620 
10.9015192  0.0681150  0.0059740 
10.9616689  0.0788970  0.0171290 
11.0218086  0.0899540  0.0068460 
11.0819483  0.1103750  0.0114060 
11.1420980  0.1703270  0.0221570 
11.2022377  0.2295710  0.0227700 
11.2623874  0.2337370  0.0174450 
11.3225271  0.1966340  0.0177120 
11.3826669  0.1646170  0.0083860 
11.4428165  0.1366130  0.0059450 
11.5029563  0.1325870  0.0090580 
11.5630960  0.1299750  0.0074270 
11.6232457  0.1177850  0.0108160 
11.6833854  0.1127240  0.0084980 
11.7435251  0.1183900  0.0064820 
11.8036748  0.1099820  0.0100630 
11.8638145  0.1240850  0.0057340 
11.9239642  0.1346420  0.0070470 
11.9841039  0.1464500  0.0069900 
12.0442437  0.1371020  0.0157100 
12.1043933  0.1392630  0.0093870 
12.1645331  0.1366120  0.0090330 
12.2246728  0.1500450  0.0124190 
12.2848225  0.1535430  0.0093870 
12.3449622  0.1566230  0.0106850 
12.4051019  0.1619010  0.0071180 
12.4652516  0.1689320  0.0058730 
12.5253913  0.1810670  0.0067220 
12.5855410  0.1911540  0.0081850 
12.6456807  0.1984030  0.0080570 
12.7058205  0.2202850  0.0131950 
12.7659701  0.2719610  0.0140300 
12.8261099  0.2710340  0.0105910 
12.8862496  0.1835420  0.0086960 
12.9463993  0.1395700  0.0088380 
13.0065390  0.1391780  0.0129190 
13.0666787  0.1342520  0.0070540 
13.1268284  0.1364710  0.0072480 
13.1869681  0.1348190  0.0066690 
13.2471079  0.1315670  0.0087840 
13.3072575  0.1343100  0.0090650 
13.3673973  0.1386770  0.0071930 
13.4275469  0.1429990  0.0094300 
13.4876867  0.1369760  0.0071740 
13.5478264  0.1338220  0.0057600 
13.6079761  0.1313330  0.0078170 
13.6681158  0.1333500  0.0064550 
13.7282555  0.1306750  0.0077990 
13.7884052  0.1349910  0.0087450 
13.8485449  0.1330490  0.0081760 
13.9086847  0.1348800  0.0088630 
