14.06935	0.509865	0.005419
14.15403	0.547526	0.008313
14.23871	0.559222	0.008607
14.32338	0.623251	0.011616
14.40806	0.690912	0.006539
14.49274	0.644446	0.013732
14.57741	0.586581	0.013575
14.66209	0.606189	0.010894
14.74677	0.610968	0.009621
14.83145	0.615587	0.010917
14.91612	0.627304	0.014553
15.0008		0.629134	0.009485
15.08548	0.637902	0.009282
15.17015	0.657253	0.005466
15.25483	0.667812	0.009534
15.33951	0.672574	0.034127
15.42418	0.6766		0.011815
15.50886	0.727901	0.015923
15.59354	0.979008	0.008656
15.67821	1.024239	0.014611
15.76289	0.770048	0.015881
15.84757	0.775204	0.005979
15.93224	0.802756	0.006743
16.01692	0.803479	0.009536
16.101601	0.793265	0.014274
16.186279	0.821895	0.006823
16.27095	0.839569	0.010042
16.355631	0.857149	0.01
16.44031	0.893291	0.00921
16.524981	0.926255	0.007994
16.609659	0.927335	0.008984
16.69434	0.923448	0.01157
16.779011	0.938767	0.008924
16.863689	0.95201		0.008686
16.94837	0.95295		0.013655
17.033039	1.004708	0.020381
17.11772	1.145105	0.011911
17.2024		1.042032	0.010221
17.287069	1.016466	0.015667
17.37175	1.015215	0.014432
17.45643	1.024629	0.014266
17.541109	1.026132	0.014349
17.62578	1.036775	0.008083
17.710461	1.058805	0.024419
17.795139	1.040436	0.03277
17.87981	1.040227	0.035542
17.964491	1.029719	0.022926
18.04917	1.040026	0.017781
18.133841	1.046033	0.009069
18.218519	1.065355	0.01691
18.3032		1.064192	0.008803
18.387871	1.077506	0.015765
18.472549	1.096087	0.008978
18.55723	1.118226	0.010982
18.641899	1.120208	0.015017
18.72658	1.195314	0.024742
18.81126	1.325572	0.009518
18.895941	1.239212	0.012554
18.98061	1.180575	0.013527
19.06529	1.216104	0.0239
19.149969	1.233194	0.017302
19.23464	1.192371	0.020576
19.319321	1.197256	0.015555
19.403999	1.196421	0.021303
19.48867	1.202655	0.022975
19.573351	1.237715	0.0192
19.65803	1.232985	0.015065
19.742701	1.252327	0.024671
19.827379	1.266369	0.014902
19.91206	1.266951	0.02373
19.996731	1.282916	0.05092
20.081409	1.30972		0.015246
20.16609	1.320366	0.020397
20.250771	1.321972	0.01154
20.33544	1.318108	0.032468
20.42012	1.344916	0.018895
20.504801	1.360858	0.018438
20.58947	1.28718		0.047623
20.758829	1.42898		0.052126
20.928181	1.364256	0.032017
21.09753	1.429387	0.040406
21.26689	1.490592	0.014095
21.436239	1.4692		0.018977
21.6056		1.496194	0.042521
21.77495	1.58245		0.054192
21.9443		1.590505	0.028283
22.113661	1.55425		0.070216
22.28301	1.630212	0.201733
22.45236	1.715805	0.120474
22.621719	1.722817	0.049267
22.791071	1.670819	0.01416
22.96043	1.762717	0.103306
23.12978	1.834798	0.036101
23.299129	1.854201	0.020689
23.468491	1.857724	0.016745
23.63784	1.874266	0.018198
23.80719	1.873334	0.019424
23.976549	1.920781	0.022192
24.145901	1.989361	0.020489
24.31526	2.096688	0.021464
24.48461	2.167322	0.036502
24.653959	2.092361	0.050026
24.82332	2.101258	0.061541
24.99267	2.087287	0.020736
25.16202	2.060274	0.012414
25.331381	2.118848	0.051766
25.500731	2.219872	0.077662
25.67009	2.238051	0.050819
25.839439	2.290083	0.030702
26.008789	2.842205	0.207008
26.17815	2.609079	0.017666
26.3475		2.392085	0.091204
26.51685	2.354262	0.057122
26.686211	2.358659	0.016308
26.85556	2.415908	0.104443
27.02492	2.413871	0.192011
27.194269	2.468171	0.058436
27.363621	2.556111	0.0957
27.53298	2.614172	0.130111
27.70233	2.628486	0.065795
27.871679	2.645288	0.029999
28.04104	2.630262	0.049169
28.21039	2.736701	0.019417
28.379749	2.732377	0.249131
28.549101	2.73337		0.061351
28.718451	2.774776	0.057073
28.88781	2.808996	0.022354
29.057159	2.808627	0.023624
29.226509	2.809632	0.040226
29.39587	2.828473	0.046173
29.56522	2.868833	0.030803
29.734579	2.907647	0.035168
29.903931	2.946665	0.158891
30.07328	2.967226	0.155808
30.24264	2.992813	0.074729
30.411989	3.038169	0.037389
30.581341	3.056546	0.039945
30.7507		3.152403	0.035195
30.92005	3.171051	0.134951
31.089411	3.234391	0.023664
31.25876	3.232608	0.057107
31.42811	3.244585	0.073904
31.597469	3.331069	0.056335
31.766821	3.36964		0.042835
31.936171	3.366692	0.028981
32.10553	3.411285	0.071298
32.274879	3.41442		0.047972
32.444241	3.49666		0.038193
32.61359	3.606232	0.03655
32.78294	3.688734	0.179225
32.952301	3.813895	0.068409
33.121651	3.803313	0.055387
33.291		3.813548	0.196011
33.460361	3.92196		0.072764
33.629711	3.942523	0.279492
33.799068	3.9641		0.108521
33.968418	4.052799	0.050927
34.137772	4.058367	0.068551
34.307129	4.177118	0.103139
34.476479	4.117241	0.085851
34.645828	4.054963	0.046325
34.815189	4.343866	0.080278
34.984539	4.565702	0.090438
35.1539		4.272093	0.174301
35.32325	4.009582	0.073639
35.492599	4.411581	0.106189
35.661961	4.419189	0.100569
35.83131	4.338453	0.187131
36.00066	4.358893	0.080333
36.170021	4.397818	0.217727
36.339371	4.41189		0.304043
36.508732	4.282039	0.219675
36.678082	4.363745	0.07541
36.847431	4.435483	0.116943
37.016788	4.493871	0.100717
37.186138	4.606		0.288724
37.355492	4.285129	0.106647