11.26562	1.001211	0.019009
11.32611	1.063956	0.007832
11.38659	1.065442	0.008656
11.44707	1.066312	0.01671
11.50756	1.070085	0.00902
11.56804	1.08752		0.006815
11.62852	1.100211	0.008886
11.68901	1.119845	0.008353
11.74949	1.132975	0.008883
11.80997	1.139949	0.008495
11.87046	1.148417	0.00719
11.93094	1.186739	0.008445
11.99143	1.221093	0.010649
12.05191	1.248765	0.007591
12.11239	1.268148	0.018264
12.17288	1.285967	0.024221
12.23336	1.29947		0.011284
12.29384	1.323308	0.009213
12.35433	1.357412	0.013404
12.41481	1.376356	0.014297
12.47529	1.387672	0.010185
12.53578	1.395964	0.009189
12.59626	1.417353	0.011052
12.65675	1.440756	0.012806
12.71723	1.457348	0.012046
12.77771	1.483984	0.019499
12.8382		1.659402	0.015052
12.89868	1.843226	0.014275
12.95916	1.620749	0.016534
13.01965	1.467255	0.010164
13.08013	1.472402	0.010488
13.14061	1.482461	0.019327
13.2011		1.49771		0.019073
13.26158	1.499013	0.018353
13.32206	1.495682	0.013031
13.38255	1.495001	0.012544
13.44303	1.501466	0.014286
13.50352	1.510796	0.013103
13.564		1.527673	0.032758
13.62448	1.538528	0.012133
13.68497	1.547933	0.014802
13.74545	1.562285	0.012686
13.80593	1.569496	0.012331
13.86642	1.570622	0.0132
13.9269		1.582256	0.011226
13.98738	1.593974	0.017818
14.06935	1.675285	0.011026
14.15403	1.675515	0.021118
14.23871	1.696072	0.027868
14.32338	1.820634	0.031175
14.40806	2.040879	0.034587
14.49274	1.946395	0.013442
14.57741	1.767907	0.016838
14.66209	1.776092	0.015811
14.74677	1.791746	0.030062
14.83145	1.833199	0.025367
14.91612	1.833786	0.032873
15.0008		1.834443	0.035335
15.08548	1.818075	0.039375
15.17015	1.818605	0.028293
15.25483	1.819767	0.015258
15.33951	1.829675	0.010847
15.42418	1.832302	0.016188
15.50886	1.879861	0.111895
15.59354	2.470713	0.017676
15.67821	2.708576	0.022633
15.76289	2.055141	0.015633
15.84757	1.896175	0.011451
15.93224	1.903528	0.014265
16.01692	1.918872	0.021298
16.101601	1.893373	0.015478
16.186279	1.905242	0.015699
16.27095	1.916001	0.014935
16.355631	1.914553	0.018715
16.44031	1.954393	0.100287
16.524981	1.985847	0.117855
16.609659	2.01247		0.063886
16.69434	2.023999	0.012014
16.779011	2.019257	0.022503
16.863689	2.057142	0.014952
16.94837	2.057903	0.016302
17.033039	2.103267	0.031711
17.11772	2.190695	0.013728
17.2024		2.102347	0.014734
17.287069	2.098649	0.028222
17.37175	2.113231	0.024096
17.45643	2.117729	0.014787
17.541109	2.108783	0.021051
17.62578	2.111958	0.014486
17.710461	2.118851	0.031212
17.795139	2.106386	0.023432
17.87981	2.107827	0.012976
17.964491	2.158221	0.030358
18.04917	2.160954	0.033252
18.133841	2.150608	0.027557
18.218519	2.152977	0.034293
18.3032		2.129972	0.032597
18.387871	2.159963	0.032456
18.472549	2.148937	0.027728
18.55723	2.160615	0.015072
18.641899	2.150414	0.027933
18.72658	2.232251	0.070955
18.81126	2.710163	0.094427
18.895941	2.557568	0.018656
18.98061	2.189114	0.047543
19.06529	2.209382	0.038428
19.149969	2.248402	0.055855
19.23464	2.267543	0.031673
19.319321	2.26596		0.027282
19.403999	2.286274	0.018879
19.48867	2.301916	0.044794
19.573351	2.339413	0.030991
19.65803	2.398901	0.016353
19.742701	2.383889	0.017365
19.827379	2.365295	0.028917
19.91206	2.410838	0.049027
19.996731	2.455696	0.062502
20.081409	2.471112	0.026086
20.16609	2.497916	0.018433
20.250771	2.501583	0.034876
20.33544	2.507952	0.046779
20.42012	2.575036	0.032812
20.504801	2.55125		0.023383
20.58947	2.499683	0.051713
20.758829	2.581674	0.037956
20.928181	2.648026	0.019735
21.09753	2.663072	0.053959
21.26689	2.709877	0.039747
21.436239	2.73734		0.028295
21.6056		2.761065	0.028608
21.77495	2.797634	0.029821
21.9443		2.849357	0.038408
22.113661	2.890532	0.029903
22.28301	2.908576	0.067307
22.45236	2.950121	0.136776
22.621719	2.976792	0.193656
22.791071	3.020408	0.088842
22.96043	3.089823	0.030052
23.12978	3.113215	0.027766
23.299129	3.100692	0.021684
23.468491	3.115847	0.020314
23.63784	3.163619	0.016982
23.80719	3.201344	0.033476
23.976549	3.299505	0.032477
24.145901	3.363173	0.185272
24.31526	3.429767	0.033846
24.48461	3.531857	0.023055
24.653959	3.558571	0.01913
24.82332	3.495121	0.024676
24.99267	3.5233		0.035731
25.16202	3.505972	0.020164
25.331381	3.566183	0.046286
25.500731	3.58333		0.138813
25.67009	3.536738	0.036444
25.839439	3.779208	0.027285
26.008789	5.552103	0.09161
26.17815	4.950706	0.035937
26.3475		3.891088	0.043901
26.51685	3.674804	0.033932
26.686211	3.710497	0.036107
26.85556	3.801855	0.026182
27.02492	3.864803	0.026617
27.194269	3.869009	0.029923
27.363621	3.889229	0.048732
27.53298	3.946672	0.102993
27.70233	3.974846	0.14479
27.871679	4.035419	0.025887
28.04104	3.997854	0.04033
28.21039	4.039592	0.035196
28.379749	4.077163	0.111283
28.549101	4.082613	0.165231
28.718451	4.147634	0.128522
28.88781	4.143697	0.034665
29.057159	4.179207	0.036292
29.226509	4.136812	0.037333
29.39587	4.202716	0.160441
29.56522	4.205421	0.029893
29.734579	4.257441	0.033711
29.903931	4.25229		0.091338
30.07328	4.253757	0.032251
30.24264	4.270982	0.034585
30.411989	4.292954	0.03399
30.581341	4.339237	0.061738
30.7507		4.466386	0.033236
30.92005	4.443629	0.258144
31.089411	4.471672	0.025904
31.25876	4.477926	0.076349
31.42811	4.444359	0.063828
31.597469	4.517667	0.163651
31.766821	4.554565	0.056569
31.936171	4.575008	0.037996
32.10553	4.606364	0.03685
32.274879	4.595696	0.053761
32.444241	4.678768	0.048121
32.61359	4.825369	0.109408
32.78294	4.931846	0.059523
32.952301	5.004455	0.03247
33.121651	4.99281		0.073826
33.291		5.091401	0.076655
33.460361	5.173606	0.123966
33.629711	5.500438	0.045784
33.799068	5.444764	0.229958
33.968418	5.25949		0.20862
34.137772	5.045542	0.048901
34.307129	5.296116	0.081683
34.476479	5.276598	0.289368
34.645828	5.20049		0.099421
34.815189	5.830003	0.164543
34.984539	6.613695	0.195738
35.1539		6.079597	0.172705
35.32325	5.018656	0.092574
35.492599	5.469746	0.104483
35.661961	5.514666	0.116097
35.83131	5.190826	0.097839
36.00066	5.299722	0.124078
36.170021	5.470254	0.651461
36.339371	5.426065	0.178505
36.508732	5.136631	0.070312
36.678082	5.409073	0.063737
36.847431	5.408962	0.075422
37.016788	5.401498	0.160957
37.186138	5.832985	0.282931
37.355492	5.376058	0.289638