14.06935	3.252342	0.023294
14.15403	3.219535	0.014556
14.23871	3.224837	0.014461
14.32338	3.241949	0.019002
14.40806	3.27374		0.013145
14.49274	3.318654	0.015089
14.57741	3.3274		0.033174
14.66209	3.342175	0.070359
14.74677	3.382402	0.198747
14.83145	3.486479	0.191297
14.91612	3.511328	0.1821
15.0008		3.555154	0.185871
15.08548	3.582177	0.042248
15.17015	3.594719	0.09982
15.25483	3.611792	0.113716
15.33951	3.669977	0.03595
15.42418	3.691951	0.033343
15.50886	3.681322	0.014756
15.59354	3.671942	0.014584
15.67821	3.671733	0.014547
15.76289	3.670708	0.014648
15.84757	3.647782	0.026135
15.93224	3.654308	0.019605
16.01692	3.65849		0.030412
16.101601	3.651151	0.088851
16.186279	3.674438	0.049755
16.27095	3.647061	0.049873
16.355631	3.604798	0.053283
16.44031	3.642377	0.166993
16.524981	3.626232	0.05187
16.609659	3.63481		0.064854
16.69434	3.574528	0.057867
16.779011	3.582223	0.049949
16.863689	3.605621	0.049538
16.94837	3.63312		0.024825
17.033039	3.641694	0.029224
17.11772	3.660892	0.0304
17.2024		3.642015	0.039433
17.287069	3.632052	0.015549
17.37175	3.695176	0.029568
17.45643	3.717086	0.027978
17.541109	3.74367		0.022411
17.62578	3.753168	0.051441
17.710461	3.836965	0.030617
17.795139	3.835248	0.023448
17.87981	3.816768	0.058772
17.964491	3.841376	0.04697
18.04917	3.90016		0.044293
18.133841	3.937829	0.051131
18.218519	3.956428	0.026214
18.3032		3.941779	0.026613
18.387871	4.032652	0.023298
18.472549	4.06902		0.03812
18.55723	4.102501	0.017339
18.641899	4.130063	0.036956
18.72658	4.14287		0.108731
18.81126	4.211043	0.021969
18.895941	4.263246	0.037233
18.98061	4.294425	0.118003
19.06529	4.342302	0.120107
19.149969	4.333649	0.276174
19.23464	4.367262	0.185075
19.319321	4.433501	0.034703
19.403999	4.423295	0.047078
19.48867	4.519287	0.065289
19.573351	4.59114		0.076071
19.65803	4.64341		0.068923
19.742701	4.672074	0.047635
19.827379	4.745489	0.150897
19.91206	4.823344	0.207551
19.996731	4.937695	0.144102
20.081409	4.99898		0.034553
20.16609	5.031622	0.031503
20.250771	5.073947	0.032751
20.33544	5.122997	0.037501
20.42012	5.196821	0.030492
20.504801	5.222494	0.029669
20.58947	5.237445	0.050891
20.758829	5.205379	0.069132
20.928181	5.50148		0.033911
21.09753	5.563489	0.044319
21.26689	5.65387		0.031839
21.436239	5.816518	0.02016
21.6056		5.87829		0.082961
21.77495	6.041578	0.071145
21.9443		6.211981	0.040276
22.113661	6.325109	0.074235
22.28301	6.435035	0.32896
22.45236	6.599241	0.062866
22.621719	6.811386	0.088528
22.791071	6.874406	0.033103
22.96043	7.002264	0.076458
23.12978	7.069593	0.050554
23.299129	7.150821	0.099396
23.468491	7.313806	0.104535
23.63784	7.482613	0.055106
23.80719	7.636067	0.033794
23.976549	7.775464	0.252257
24.145901	7.850935	0.060748
24.31526	7.93973		0.03293
24.48461	8.034397	0.251448
24.653959	8.344281	0.040217
24.82332	8.465669	0.042216
24.99267	8.600045	0.058526
25.16202	8.738841	0.229128
25.331381	8.950586	0.028727
25.500731	9.112458	0.059276
25.67009	9.24817		0.065268
25.839439	9.37753		0.060826
26.008789	9.608943	0.282762
26.17815	9.748259	0.067297
26.3475		9.96827		0.058119
26.51685	10.060711	0.02678
26.686211	10.227172	0.066485
26.85556	10.441085	0.076721
27.02492	10.567638	0.03533
27.194269	10.687194	0.087721
27.363621	10.871288	0.07369
27.53298	11.069304	0.099341
27.70233	11.153236	0.039858
27.871679	11.31283	0.06136
28.04104	11.390784	0.078983
28.21039	11.676113	0.113376
28.379749	11.772348	0.055765
28.549101	12.017087	0.066415
28.718451	12.172238	0.325327
28.88781	12.23		0.068864
29.057159	12.380119	0.046679
29.226509	12.44142	0.077348
29.39587	12.711725	0.064394
29.56522	12.896511	0.490245
29.734579	13.063536	0.101542
29.903931	13.273367	0.111225
30.07328	13.36272	0.082622
30.24264	13.488007	0.077127
30.411989	13.709439	0.038606
30.581341	13.795419	0.169428
30.7507		14.128212	0.102937
30.92005	14.145083	0.109456
31.089411	14.227526	0.056159
31.25876	14.389388	0.167922
31.42811	14.667933	0.136209
31.597469	14.874213	0.059642
31.766821	15.029363	0.210363
31.936171	15.082456	0.165094
32.10553	15.166162	0.055503
32.274879	15.353106	0.079956
32.444241	15.734436	0.119523
32.61359	16.027817	0.24506
32.78294	16.101065	0.071994
32.952301	16.25374	0.068592
33.121651	16.259733	0.094101
33.291		16.725975	0.072868
33.460361	16.822395	0.240258
33.629711	16.953087	0.588383
33.799068	17.176468	1.005068
33.968418	17.42989	0.327712
34.137772	17.422668	0.203388
34.307129	17.839548	0.196743
34.476479	17.849218	0.430919
34.645828	17.952532	0.189591
34.815189	18.195902	0.264377
34.984539	18.495991	0.299571
35.1539		18.494518	0.175947
35.32325	18.275381	0.148043
35.492599	19.447865	0.527016
35.661961	19.560282	0.428259
35.83131	18.906998	0.219141
36.00066	18.905857	0.262222
36.170021	19.267395	1.778485
36.339371	19.298111	0.143013
36.508732	19.318705	0.530607
36.678082	19.798586	0.212677
36.847431	19.529066	0.121373
37.016788	19.82863	0.32383
37.186138	21.420666	0.850516
37.355492	20.079775	0.851554

