14.06935	0.354		0.006606
14.15403	0.355712	0.009928
14.23871	0.3656		0.010045
14.32338	0.366624	0.011163
14.40806	0.416091	0.009142
14.49274	0.400682	0.008922
14.57741	0.359306	0.008892
14.66209	0.357453	0.008328
14.74677	0.356695	0.009513
14.83145	0.352908	0.014804
14.91612	0.349397	0.021163
15.0008		0.347997	0.01033
15.08548	0.33247		0.01225
15.17015	0.343297	0.024104
15.25483	0.340948	0.02372
15.33951	0.331372	0.014286
15.42418	0.328983	0.010613
15.50886	0.336269	0.06343
15.59354	0.354337	0.024874
15.67821	0.418403	0.00561
15.76289	0.402794	0.025587
15.84757	0.325139	0.013408
15.93224	0.326531	0.036358
16.01692	0.324138	0.036833
16.101601	0.30947		0.014706
16.186279	0.310981	0.013653
16.27095	0.314296	0.017527
16.355631	0.302383	0.013269
16.44031	0.318807	0.011672
16.524981	0.346269	0.010231
16.609659	0.359446	0.009033
16.69434	0.348878	0.009215
16.779011	0.339391	0.008659
16.863689	0.34498		0.012036
16.94837	0.339037	0.008538
17.033039	0.344989	0.006207
17.11772	0.376278	0.006717
17.2024		0.402896	0.015258
17.287069	0.367136	0.014391
17.37175	0.353527	0.015311
17.45643	0.355897	0.011929
17.541109	0.354431	0.010247
17.62578	0.33833		0.010808
17.710461	0.318108	0.009698
17.795139	0.304983	0.017367
17.87981	0.300604	0.011559
17.964491	0.296191	0.006419
18.04917	0.289083	0.007029
18.133841	0.283519	0.010587
18.218519	0.266277	0.012599
18.3032		0.261713	0.012865
18.387871	0.257386	0.00725
18.472549	0.252922	0.005304
18.55723	0.255048	0.008053
18.641899	0.254941	0.007023
18.72658	0.246292	0.007381
18.81126	0.283513	0.018343
18.895941	0.316023	0.007504
18.98061	0.273156	0.014796
19.06529	0.268353	0.007404
19.149969	0.266444	0.008646
19.23464	0.261202	0.006881
19.319321	0.265911	0.007871
19.403999	0.275537	0.007605
19.48867	0.275834	0.010558
19.573351	0.280322	0.005979
19.65803	0.293924	0.010807
19.742701	0.298761	0.011196
19.827379	0.301078	0.007361
19.91206	0.309099	0.01049
19.996731	0.318868	0.014692
20.081409	0.322084	0.009606
20.16609	0.329135	0.009691
20.250771	0.329743	0.012172
20.33544	0.320363	0.057865
20.42012	0.319502	0.025757
20.504801	0.336887	0.008213
20.58947	0.336646	0.006646
20.758829	0.342115	0.008382
20.928181	0.339974	0.008963
21.09753	0.357898	0.016171
21.26689	0.358334	0.015749
21.436239	0.365158	0.007202
21.6056		0.37397		0.016169
21.77495	0.389938	0.011039
21.9443		0.39933		0.013487
22.113661	0.40137		0.017827
22.28301	0.405634	0.015064
22.45236	0.41445		0.009854
22.621719	0.431624	0.017994
22.791071	0.423572	0.00628
22.96043	0.43147		0.007262
23.12978	0.436138	0.014062
23.299129	0.435559	0.016405
23.468491	0.437402	0.0159
23.63784	0.452821	0.009815
23.80719	0.455692	0.030333
23.976549	0.466548	0.011041
24.145901	0.487452	0.038869
24.31526	0.503029	0.00861
24.48461	0.542523	0.010163
24.653959	0.557411	0.008869
24.82332	0.52751		0.00524
24.99267	0.546802	0.00794
25.16202	0.547434	0.008353
25.331381	0.562534	0.007159
25.500731	0.584351	0.008401
25.67009	0.583868	0.007647
25.839439	0.600925	0.029091
26.008789	0.837039	0.046613
26.17815	0.893589	0.03804
26.3475		0.678555	0.015128
26.51685	0.615858	0.028507
26.686211	0.634392	0.015537
26.85556	0.657233	0.027545
27.02492	0.664011	0.020077
27.194269	0.653378	0.014605
27.363621	0.658335	0.016046
27.53298	0.682528	0.018554
27.70233	0.69924		0.015376
27.871679	0.722956	0.007056
28.04104	0.71844		0.026696
28.21039	0.731943	0.021053
28.379749	0.753462	0.009099
28.549101	0.755706	0.012022
28.718451	0.765334	0.02656
28.88781	0.784069	0.017059
29.057159	0.79226		0.030722
29.226509	0.797326	0.018785
29.39587	0.817001	0.012942
29.56522	0.821586	0.011323
29.734579	0.826312	0.011342
29.903931	0.848468	0.01251
30.07328	0.856111	0.0106
30.24264	0.867273	0.033564
30.411989	0.873734	0.011586
30.581341	0.880399	0.009922
30.7507		0.927485	0.012051
30.92005	0.941316	0.041663
31.089411	0.956011	0.013457
31.25876	0.948892	0.011519
31.42811	0.960402	0.01226
31.597469	1.002969	0.024912
31.766821	1.00827		0.031093
31.936171	1.01429		0.011377
32.10553	1.009695	0.019897
32.274879	1.021391	0.015481
32.444241	1.037122	0.02122
32.61359	1.070628	0.021474
32.78294	1.110495	0.028235
32.952301	1.142119	0.021575
33.121651	1.157002	0.016357
33.291		1.179642	0.018713
33.460361	1.203855	0.03396
33.629711	1.280235	0.021689
33.799068	1.463336	0.057118
33.968418	1.261275	0.040858
34.137772	1.198833	0.022995
34.307129	1.251264	0.052229
34.476479	1.247934	0.030566
34.645828	1.214172	0.037101
34.815189	1.285025	0.021777
34.984539	1.718255	0.070568
35.1539		1.889689	0.065384
35.32325	1.367947	0.050944
35.492599	1.329245	0.05041
35.661961	1.341671	0.07087
35.83131	1.311671	0.038361
36.00066	1.303037	0.046212
36.170021	1.332446	0.051404
36.339371	1.375891	0.034452
36.508732	1.311682	0.044981
36.678082	1.39718		0.050498
36.847431	1.410452	0.033852
37.016788	1.433429	0.056042
37.186138	1.549428	0.099262
37.355492	1.373188	0.113835