14.06935	0.524471	0.012174
14.15403	0.525349	0.007693
14.23871	0.542637	0.013558
14.32338	0.54854		0.025494
14.40806	0.57891		0.010126
14.49274	0.648708	0.009925
14.57741	0.633508	0.015643
14.66209	0.563016	0.007595
14.74677	0.555955	0.009165
14.83145	0.560385	0.00665
14.91612	0.562606	0.010292
15.0008		0.564006	0.005821
15.08548	0.570291	0.008426
15.17015	0.57655		0.010089
15.25483	0.574546	0.011349
15.33951	0.576999	0.005686
15.42418	0.587253	0.005483
15.50886	0.592261	0.0057
15.59354	0.598709	0.005725
15.67821	0.72568		0.009673
15.76289	0.936242	0.010423
15.84757	0.789856	0.008507
15.93224	0.660518	0.006543
16.01692	0.67648		0.007274
16.101601	0.682965	0.007744
16.186279	0.70133		0.010764
16.27095	0.707182	0.01397
16.355631	0.717624	0.009265
16.44031	0.754484	0.011981
16.524981	0.806561	0.0185
16.609659	0.893951	0.032321
16.69434	0.930669	0.011954
16.779011	0.88618		0.010059
16.863689	0.874109	0.015495
16.94837	0.898945	0.015742
17.033039	0.901714	0.010646
17.11772	0.904451	0.038313
17.2024		0.988822	0.017275
17.287069	1.048579	0.01259
17.37175	0.969555	0.028822
17.45643	0.937621	0.020408
17.541109	0.954761	0.011111
17.62578	0.948554	0.009003
17.710461	0.920475	0.019752
17.795139	0.859785	0.017105
17.87981	0.859995	0.011867
17.964491	0.86121		0.011449
18.04917	0.87143		0.011254
18.133841	0.881431	0.012289
18.218519	0.873461	0.01316
18.3032		0.838626	0.011149
18.387871	0.855617	0.008147
18.472549	0.864375	0.008922
18.55723	0.867525	0.017988
18.641899	0.890998	0.01884
18.72658	0.907637	0.019473
18.81126	0.927594	0.049726
18.895941	1.135816	0.05436
18.98061	1.29146		0.0246
19.06529	1.09093		0.012837
19.149969	0.996358	0.023629
19.23464	1.008331	0.019454
19.319321	1.022182	0.015137
19.403999	1.01743		0.012166
19.48867	1.015447	0.026718
19.573351	1.066193	0.014935
19.65803	1.076308	0.016241
19.742701	1.08473		0.016396
19.827379	1.10717		0.048619
19.91206	1.119651	0.015948
19.996731	1.124336	0.016852
20.081409	1.128871	0.015606
20.16609	1.132943	0.02276
20.250771	1.146562	0.015515
20.33544	1.14159		0.018237
20.42012	1.150063	0.01295
20.504801	1.15432		0.016187
20.58947	1.175908	0.016431
20.758829	1.227518	0.041622
20.928181	1.246703	0.038995
21.09753	1.252109	0.022444
21.26689	1.282519	0.01672
21.436239	1.316883	0.01132
21.6056		1.322521	0.018435
21.77495	1.365833	0.028001
21.9443		1.420523	0.033545
22.113661	1.449942	0.038795
22.28301	1.47783		0.17674
22.45236	1.501849	0.041418
22.621719	1.568032	0.03391
22.791071	1.584577	0.017741
22.96043	1.589434	0.019278
23.12978	1.631166	0.026615
23.299129	1.675612	0.026774
23.468491	1.69644		0.027696
23.63784	1.727933	0.010413
23.80719	1.765909	0.023134
23.976549	1.789392	0.024668
24.145901	1.821129	0.019463
24.31526	1.876201	0.02726
24.48461	1.906837	0.011399
24.653959	1.978501	0.010484
24.82332	1.972541	0.027499
24.99267	2.002836	0.023478
25.16202	2.018353	0.020666
25.331381	1.977683	0.027227
25.500731	2.007233	0.030864
25.67009	2.104003	0.030132
25.839439	2.170421	0.035944
26.008789	2.26022		0.026155
26.17815	2.555004	0.01753
26.3475		2.551892	0.031046
26.51685	2.325031	0.018955
26.686211	2.347877	0.01307
26.85556	2.377174	0.038516
27.02492	2.388406	0.033187
27.194269	2.386921	0.01247
27.363621	2.461423	0.020821
27.53298	2.543805	0.039093
27.70233	2.564293	0.095672
27.871679	2.579935	0.027396
28.04104	2.598063	0.016576
28.21039	2.666764	0.019158
28.379749	2.711267	0.0986
28.549101	2.771463	0.035586
28.718451	2.79926		0.036436
28.88781	2.792429	0.018703
29.057159	2.819025	0.014526
29.226509	2.850888	0.020373
29.39587	2.909009	0.038535
29.56522	2.945203	0.032573
29.734579	2.98718		0.025863
29.903931	3.059471	0.024686
30.07328	3.096451	0.023951
30.24264	3.112963	0.035759
30.411989	3.161842	0.017839
30.581341	3.177888	0.049423
30.7507		3.261233	0.029527
30.92005	3.31362		0.021691
31.089411	3.328009	0.026346
31.25876	3.361521	0.092972
31.42811	3.400856	0.026628
31.597469	3.494207	0.032035
31.766821	3.542128	0.049353
31.936171	3.574683	0.047651
32.10553	3.621063	0.022224
32.274879	3.658564	0.041485
32.444241	3.737657	0.023967
32.61359	3.830117	0.051116
32.78294	3.901012	0.024848
32.952301	4.002918	0.053793
33.121651	4.066788	0.043226
33.291		4.201039	0.060874
33.460361	4.179136	0.10371
33.629711	4.279952	0.102683
33.799068	4.871793	0.104777
33.968418	5.156176	0.137844
34.137772	4.57024		0.04633
34.307129	4.582633	0.074386
34.476479	4.594041	0.116773
34.645828	4.514288	0.107835
34.815189	4.418259	0.125237
34.984539	4.687438	0.05164
35.1539		5.567557	0.126661
35.32325	5.960219	0.106075
35.492599	5.242272	0.120918
35.661961	4.921926	0.178612
35.83131	4.836897	0.19976
36.00066	4.90351		0.107672
36.170021	4.925422	0.181935
36.339371	4.863046	0.100153
36.508732	4.749177	0.248092
36.678082	4.871627	0.108357
36.847431	4.936146	0.092674
37.016788	5.05016		0.067452
37.186138	5.325768	0.301975
37.355492	4.986606	0.191299