7.576120        0.191308    	0.005998       
7.636600        0.202868    	0.004866       
7.697090        0.210584    	0.013212       
7.757570        0.203928    	0.009732       
7.818050        0.195491   	0.004810       
7.878540        0.199008    	0.008255       
7.939020        0.199501    	0.014951       
7.999510        0.200456    	0.010382       
8.059990        0.197400    	0.010459       
8.120470        0.195318    	0.010216       
8.180960        0.193976    	0.010069       
8.241440        0.197583    	0.025371       
8.301920        0.200772    	0.027614       
8.362410        0.205604    	0.021432       
8.422890        0.202877    	0.030436       
8.483370        0.204043    	0.028638
8.54386		0.206413	0.029241
8.60434		0.21014		0.012391
8.66483		0.213502	0.024355
8.72531		0.208586	0.011991
8.78579		0.207483	0.011886
8.84628		0.207049	0.02898
8.90676		0.207891	0.029861
8.96724		0.209096	0.019599
9.02773		0.214883	0.011749
9.08821		0.217776	0.02289
9.14869		0.219158	0.011794
9.20918		0.221018	0.027424
9.26966		0.222695	0.028921
9.33015		0.225198	0.012318
9.39063		0.229953	0.012376
9.45111		0.234846	0.029105
9.5116		0.23984		0.026251
9.57208		0.243823	0.030359
9.63256		0.244736	0.038772
9.69305		0.246199	0.024587
9.75353		0.249095	0.012842
9.81401		0.252357	0.036942
9.8745		0.250436	0.013536
9.93498		0.254199	0.013774
9.99547		0.261225	0.025896
10.05595	0.26833		0.022791
10.11643	0.263285	0.026259
10.17692	0.2631		0.040505
10.2374		0.261653	0.024746
10.29788	0.263124	0.037701
10.35837	0.266576	0.038639
10.41885	0.266455	0.015744
10.47933	0.271308	0.043038
10.53982	0.278754	0.027613
10.6003		0.283685	0.015991
10.66079	0.276234	0.042804
10.72127	0.272014	0.022284
10.78175	0.275023	0.015894
10.84224	0.27642		0.042898
10.90272	0.277821	0.043665
10.9632		0.280736	0.015986
11.02369	0.282523	0.039284
11.08417	0.284793	0.024885
11.14465	0.285803	0.04153
11.20514	0.289117	0.03647
11.26562	0.305662	0.034957
11.32611	0.310753	0.025525
11.38659	0.306781	0.025491
11.44707	0.303283	0.026194
11.50756	0.304055	0.026872
11.56804	0.303516	0.015732
11.62852	0.29953		0.04071
11.68901	0.297815	0.01563
11.74949	0.291232	0.020242
11.80997	0.291192	0.042637
11.87046	0.289229	0.042793
11.93094	0.293322	0.016492
11.99143	0.295129	0.016255
12.05191	0.294245	0.025293
12.11239	0.295208	0.016604
12.17288	0.296361	0.045981
12.23336	0.296067	0.044551
12.29384	0.29521		0.044503
12.35433	0.298415	0.027239
12.41481	0.307241	0.030341
12.47529	0.302149	0.022154
12.53578	0.302453	0.016193
12.59626	0.304919	0.016661
12.65675	0.309256	0.038139
12.71723	0.311827	0.037024
12.77771	0.311798	0.0341
12.8382		0.31843		0.028602
12.89868	0.330773	0.032462
12.95916	0.32022		0.033327
13.01965	0.30893		0.047084
13.08013	0.305776	0.017463
13.14061	0.308596	0.045344
13.2011		0.313029	0.044367
13.26158	0.314665	0.043282
13.32206	0.312024	0.041051
13.38255	0.311758	0.017299
13.44303	0.313324	0.017634
13.50352	0.314271	0.017281
13.564		0.315063	0.029371
13.62448	0.31694		0.026017
13.68497	0.323136	0.022523
13.74545	0.31852		0.01724
13.80593	0.317124	0.029309
13.86642	0.322784	0.032075
13.9269		0.321102	0.016473
13.98738	0.32534		0.027981