14.06935	0.389719	0.007741
14.15403	0.396549	0.017792
14.23871	0.401976	0.018045
14.32338	0.407768	0.011285
14.40806	0.432111	0.01275
14.49274	0.44004		0.008878
14.57741	0.42637		0.007721
14.66209	0.425373	0.007793
14.74677	0.42632		0.008199
14.83145	0.435342	0.007171
14.91612	0.434348	0.010591
15.0008		0.441446	0.009783
15.08548	0.444381	0.004895
15.17015	0.445727	0.006693
15.25483	0.453241	0.006654
15.33951	0.46944		0.008293
15.42418	0.466607	0.006084
15.50886	0.460098	0.005827
15.59354	0.57327		0.007308
15.67821	0.744549	0.009742
15.76289	0.623935	0.015219
15.84757	0.499923	0.011599
15.93224	0.506855	0.008348
16.01692	0.516449	0.009023
16.101601	0.511532	0.0099
16.186279	0.517263	0.008469
16.27095	0.524501	0.008868
16.355631	0.528797	0.007365
16.44031	0.54857		0.011567
16.524981	0.569678	0.010652
16.609659	0.583473	0.008321
16.69434	0.578784	0.007089
16.779011	0.574824	0.013443
16.863689	0.579257	0.010046
16.94837	0.57695		0.012489
17.033039	0.591606	0.030811
17.11772	0.638587	0.02131
17.2024		0.659389	0.015459
17.287069	0.617527	0.010528
17.37175	0.598467	0.010517
17.45643	0.60497		0.010473
17.541109	0.608911	0.011873
17.62578	0.618652	0.009228
17.710461	0.622325	0.010469
17.795139	0.618242	0.015963
17.87981	0.618039	0.016735
17.964491	0.629383	0.011249
18.04917	0.63859		0.00973
18.133841	0.635119	0.009481
18.218519	0.622545	0.014598
18.3032		0.605775	0.008441
18.387871	0.617934	0.013335
18.472549	0.609418	0.014961
18.55723	0.616868	0.008744
18.641899	0.615273	0.011373
18.72658	0.631965	0.018118
18.81126	0.734641	0.020754
18.895941	0.784737	0.021948
18.98061	0.665117	0.021584
19.06529	0.620865	0.015361
19.149969	0.646487	0.008929
19.23464	0.638867	0.016484
19.319321	0.642054	0.009986
19.403999	0.637102	0.021091
19.48867	0.639347	0.013512
19.573351	0.641414	0.020527
19.65803	0.64957		0.016939
19.742701	0.659925	0.010099
19.827379	0.657322	0.015128
19.91206	0.652732	0.020795
19.996731	0.655992	0.01602
20.081409	0.654208	0.011008
20.16609	0.653196	0.011308
20.250771	0.65793		0.013655
20.33544	0.655921	0.012953
20.42012	0.653031	0.014786
20.504801	0.661045	0.012983
20.758829	0.654987	0.017035
20.928181	0.669241	0.014293
21.09753	0.669072	0.011293
21.26689	0.67333		0.012494
21.436239	0.667797	0.012716
21.6056		0.677231	0.014213
21.77495	0.688184	0.011028
21.9443		0.693424	0.011615
22.113661	0.689498	0.007956
22.28301	0.698564	0.013103
22.45236	0.688882	0.014268
22.621719	0.703407	0.015656
22.791071	0.705279	0.009726
22.96043	0.706979	0.011963
23.12978	0.71588		0.00843
23.299129	0.70478		0.019249
23.468491	0.702561	0.008099
23.63784	0.70713		0.01157
23.80719	0.703725	0.011025
23.976549	0.712115	0.009166
24.145901	0.727862	0.011573
24.31526	0.727421	0.03966
24.48461	0.749526	0.01648
24.653959	0.748461	0.009188
24.82332	0.7399		0.00989
24.99267	0.742461	0.006814
25.16202	0.738122	0.009021
25.331381	0.740559	0.007666
25.500731	0.741068	0.018173
25.67009	0.740895	0.016838
25.839439	0.752024	0.013525
26.008789	0.926819	0.011008
26.17815	1.006459	0.014577
26.3475		0.826436	0.009471
26.51685	0.767225	0.020771
26.686211	0.780213	0.012771
26.85556	0.782715	0.018543
27.02492	0.783557	0.020302
27.194269	0.790558	0.007358
27.363621	0.807941	0.010846
27.53298	0.817541	0.014185
27.70233	0.820425	0.007795
27.871679	0.833342	0.009504
28.04104	0.838686	0.012646
28.21039	0.857834	0.016128
28.379749	0.863913	0.014791
28.549101	0.856105	0.01276
28.718451	0.85601		0.009265
28.88781	0.859702	0.008722
29.057159	0.882312	0.015357
29.226509	0.889276	0.017615
29.39587	0.889837	0.039384
29.56522	0.89363		0.014306
29.734579	0.900188	0.01441
29.903931	0.91967		0.013933
30.07328	0.91863		0.009857
30.24264	0.927786	0.036712
30.411989	0.942023	0.012504
30.581341	0.952216	0.036461
30.7507		0.984157	0.014249
30.92005	0.982326	0.023451
31.089411	0.986426	0.012284
31.25876	1.006916	0.035989
31.42811	1.010096	0.015196
31.597469	1.028778	0.01246
31.766821	1.029067	0.035679
31.936171	1.04323		0.017361
32.10553	1.036821	0.015709
32.274879	1.061107	0.021225
32.444241	1.079079	0.026266
32.61359	1.112221	0.015307
32.78294	1.129256	0.015808
32.952301	1.158796	0.01672
33.121651	1.186773	0.037212
33.291		1.203456	0.027635
33.460361	1.205836	0.02375
33.629711	1.35471		0.029575
33.799068	1.484322	0.067854
33.968418	1.298738	0.038557
34.137772	1.216413	0.031599
34.307129	1.261104	0.032855
34.476479	1.281128	0.031814
34.645828	1.221164	0.055266
34.815189	1.529741	0.059416
34.984539	2.445848	0.084476
35.1539		2.472022	0.049567
35.32325	1.408188	0.033142
35.492599	1.358933	0.064146
35.661961	1.380725	0.085128
35.83131	1.30566		0.054804
36.00066	1.39372		0.040994
36.170021	1.344565	0.054601
36.339371	1.365291	0.0531
36.508732	1.35701		0.053489
36.678082	1.360586	0.044791
36.847431	1.370315	0.08033
37.016788	1.392178	0.048265
37.186138	1.485239	0.077028
37.355492	1.32813		0.114276