14.06935	0.578663	0.010058
14.15403	0.604259	0.00763
14.23871	0.628768	0.008063
14.32338	0.743917	0.003281
14.40806	0.901118	0.003625
14.49274	0.823063	0.003377
14.57741	0.69223		0.003217
14.66209	0.691935	0.003681
14.74677	0.696355	0.005782
14.83145	0.709427	0.004993
14.91612	0.722564	0.004202
15.0008		0.719242	0.01596
15.08548	0.732579	0.00354
15.17015	0.753131	0.003166
15.25483	0.76439		0.004811
15.33951	0.771457	0.00435
15.42418	0.776172	0.004519
15.50886	0.873368	0.005848
15.59354	1.244562	0.021676
15.67821	1.432152	0.004165
15.76289	0.986875	0.00337
15.84757	0.861375	0.003347
15.93224	0.875067	0.003787
16.01692	0.875589	0.005648
16.101601	0.882746	0.010199
16.186279	0.894523	0.007426
16.27095	0.919315	0.019545
16.355631	0.920301	0.008031
16.44031	0.948892	0.014558
16.524981	0.974044	0.03406
16.609659	0.997634	0.025176
16.69434	1.007189	0.019044
16.779011	1.007471	0.030398
16.863689	1.011413	0.012676
16.94837	1.015723	0.008291
17.033039	1.050851	0.037109
17.11772	1.131804	0.007612
17.2024		1.106983	0.005232
17.287069	1.082826	0.007972
17.37175	1.087857	0.005769
17.45643	1.087963	0.007909
17.541109	1.079768	0.007756
17.62578	1.076759	0.005318
17.710461	1.090688	0.011423
17.795139	1.097965	0.008805
17.87981	1.097409	0.016982
17.964491	1.096853	0.01102
18.04917	1.106601	0.004493
18.133841	1.095521	0.005209
18.218519	1.097716	0.009928
18.3032		1.099094	0.006918
18.387871	1.113611	0.007507
18.472549	1.121774	0.010493
18.55723	1.123636	0.006617
18.641899	1.12173		0.004386
18.72658	1.255487	0.021425
18.81126	1.515251	0.034138
18.895941	1.372793	0.005384
18.98061	1.150751	0.005181
19.06529	1.133949	0.007121
19.149969	1.154594	0.01168
19.23464	1.152169	0.011578
19.319321	1.156945	0.008648
19.403999	1.154341	0.006031
19.48867	1.135424	0.019277
19.573351	1.16957		0.018538
19.65803	1.209978	0.009699
19.742701	1.197386	0.016404
19.827379	1.172164	0.00765
19.91206	1.208809	0.018499
20.081409	1.231786	0.027969
20.250771	1.223316	0.023264
20.42012	1.235033	0.018872
20.58947	1.186132	0.008421
20.758829	1.215412	0.005474
20.928181	1.236142	0.076944
21.09753	1.238745	0.020157
21.26689	1.254554	0.012465
21.436239	1.267164	0.005834
21.6056		1.275014	0.007564
21.77495	1.31205		0.013011
21.9443		1.325373	0.005849
22.113661	1.317352	0.005285
22.28301	1.324178	0.013156
22.45236	1.349222	0.008876
22.621719	1.380179	0.005703
22.791071	1.396554	0.053048
22.96043	1.407057	0.050048
23.12978	1.428415	0.006864
23.299129	1.437942	0.011411
23.468491	1.44693		0.015531
23.63784	1.461792	0.010603
23.80719	1.460816	0.012838
23.976549	1.497992	0.022196
24.145901	1.520329	0.020033
24.31526	1.603666	0.006356
24.48461	1.851918	0.036805
24.653959	1.656302	0.008708
24.82332	1.511289	0.028167
24.99267	1.512761	0.035179
25.16202	1.514614	0.023112
25.331381	1.543408	0.022176
25.500731	1.558725	0.018061
25.67009	1.57399		0.026921
25.839439	1.987372	0.00567
26.008789	3.273743	0.008975
26.17815	2.366399	0.030155
26.3475		1.621686	0.094897
26.51685	1.631329	0.010307
26.686211	1.596859	0.018825
26.85556	1.607117	0.01232
27.02492	1.632439	0.013299
27.194269	1.631846	0.005267
27.363621	1.660681	0.004916
27.53298	1.671649	0.021839
27.70233	1.685031	0.097139
27.871679	1.696129	0.049257
28.04104	1.728274	0.004355
28.21039	1.750363	0.025775
28.379749	1.740817	0.025337
28.549101	1.735393	0.023426
28.718451	1.7372		0.019276
28.88781	1.760433	0.02206
29.057159	1.789917	0.025088
29.226509	1.805048	0.052993
29.39587	1.817		0.005941
29.56522	1.810213	0.049757
29.734579	1.831488	0.019901
29.903931	1.843263	0.010805
30.07328	1.840524	0.01269
30.24264	1.867292	0.012863
30.411989	1.889482	0.016387
30.581341	1.890621	0.006013
30.7507		1.95362		0.010358
30.92005	1.958884	0.005695
31.089411	1.936054	0.021636
31.25876	1.965982	0.00996
31.42811	1.979045	0.029462
31.597469	2.037952	0.014401
31.766821	2.048775	0.051249
31.936171	2.061602	0.027578
32.10553	2.085631	0.02737
32.274879	2.114209	0.027138
32.444241	2.145018	0.033621
32.61359	2.179101	0.032376
32.78294	2.18085		0.011942
32.952301	2.212805	0.016391
33.121651	2.256913	0.032518
33.291		2.339059	0.070585
33.460361	2.582398	0.046938
33.629711	2.944826	0.031509
33.799068	2.399839	0.015383
33.968418	2.432076	0.060443
34.137772	2.324033	0.049755
34.307129	2.333752	0.010236
34.476479	2.335353	0.084713
34.645828	2.430116	0.048998
34.815189	2.833623	0.083274
34.984539	3.051556	0.012546
35.1539		2.718309	0.108077
35.32325	2.326092	0.072743
35.492599	2.41961		0.119437
35.661961	2.457016	0.076554
35.83131	2.328938	0.103073
36.00066	2.474952	0.109107
36.170021	2.592443	0.035506
36.339371	2.505107	0.06299
36.508732	2.374323	0.035415
36.678082	2.414575	0.025796
36.847431	2.461714	0.043336
37.016788	2.550021	0.076191
37.186138	2.737818	0.031646
37.355492	2.535833	0.352669


