14.06935	0.36044		0.008496
14.15403	0.370373	0.007636
14.23871	0.376355	0.006925
14.32338	0.379651	0.006066
14.40806	0.388657	0.018138
14.49274	0.434437	0.009086
14.57741	0.513521	0.007877
14.66209	0.469773	0.008449
14.74677	0.403954	0.008059
14.83145	0.416771	0.008801
14.91612	0.417349	0.016433
15.0008		0.420485	0.015149
15.08548	0.423217	0.00708
15.17015	0.430601	0.012175
15.25483	0.431024	0.009261
15.33951	0.440745	0.01691
15.42418	0.440543	0.009816
15.50886	0.443398	0.007887
15.59354	0.445354	0.011044
15.67821	0.454315	0.009532
15.76289	0.558724	0.023053
15.84757	0.702762	0.008595
15.93224	0.534868	0.008155
16.01692	0.476572	0.013657
16.101601	0.473648	0.008367
16.186279	0.477089	0.010379
16.27095	0.482032	0.009518
16.355631	0.485414	0.007314
16.44031	0.491252	0.009276
16.524981	0.490623	0.011844
16.609659	0.497889	0.010907
16.69434	0.506067	0.008472
16.779011	0.509374	0.012818
16.863689	0.5121		0.012851
16.94837	0.507484	0.011456
17.033039	0.513362	0.009114
17.11772	0.522834	0.007619
17.2024		0.530728	0.00651
17.287069	0.546226	0.00789
17.37175	0.551715	0.009252
17.45643	0.546297	0.008878
17.541109	0.543672	0.011625
17.62578	0.552249	0.009109
17.710461	0.556367	0.010165
17.795139	0.555645	0.017987
17.87981	0.557143	0.014856
17.964491	0.5589		0.011571
18.04917	0.558352	0.008384
18.133841	0.555916	0.007469
18.218519	0.563564	0.009155
18.3032		0.567693	0.016978
18.387871	0.567051	0.014164
18.472549	0.576227	0.014893
18.55723	0.571449	0.008971
18.641899	0.573635	0.008228
18.72658	0.574352	0.012747
18.81126	0.582066	0.01256
18.895941	0.586389	0.007953
18.98061	0.653928	0.011717
19.06529	0.692713	0.013524
19.149969	0.635046	0.014261
19.23464	0.591347	0.008455
19.319321	0.59815		0.016512
19.403999	0.584727	0.012367
19.48867	0.592974	0.01059
19.573351	0.60389		0.01318
19.65803	0.598139	0.01534
19.742701	0.607578	0.017427
19.827379	0.604448	0.013089
19.91206	0.605648	0.014939
19.996731	0.610001	0.012485
20.081409	0.610364	0.013762
20.16609	0.613547	0.014671
20.250771	0.605774	0.011848
20.33544	0.605632	0.023701
20.42012	0.607716	0.011345
20.504801	0.602363	0.015474
20.58947	0.588167	0.014155
20.758829	0.613317	0.011821
20.928181	0.627376	0.009238
21.09753	0.625888	0.014206
21.26689	0.633023	0.016489
21.436239	0.632144	0.017967
21.6056		0.638639	0.01823
21.77495	0.644043	0.017061
21.9443		0.648017	0.014063
22.113661	0.638031	0.010134
22.28301	0.651794	0.014278
22.45236	0.645727	0.011666
22.621719	0.655779	0.015376
22.791071	0.659399	0.013923
22.96043	0.661491	0.010591
23.12978	0.659404	0.020244
23.299129	0.66277		0.02103
23.468491	0.659457	0.009555
23.63784	0.660805	0.007407
23.80719	0.668113	0.006653
23.976549	0.675178	0.006472
24.145901	0.694003	0.012461
24.31526	0.708182	0.01649
24.48461	0.70132		0.018968
24.653959	0.763449	0.016781
24.82332	0.846169	0.008761
24.99267	0.715842	0.026118
25.16202	0.712286	0.013576
25.331381	0.713971	0.017118
25.500731	0.705437	0.012582
25.67009	0.699796	0.014047
25.839439	0.680914	0.027796
26.008789	0.696094	0.012588
26.17815	0.991248	0.010664
26.3475		1.383938	0.022365
26.51685	0.986328	0.010224
26.686211	0.722412	0.020666
26.85556	0.718965	0.009323
27.02492	0.706479	0.01244
27.194269	0.705518	0.010177
27.363621	0.719999	0.012444
27.53298	0.740757	0.012472
27.70233	0.740187	0.007933
27.871679	0.745963	0.009726
28.04104	0.746125	0.010371
28.21039	0.749381	0.008932
28.379749	0.749145	0.02626
28.549101	0.750177	0.013955
28.718451	0.752369	0.0116
28.88781	0.748128	0.009037
29.057159	0.750415	0.011709
29.226509	0.751987	0.012151
29.39587	0.760599	0.013981
29.56522	0.759885	0.01453
29.734579	0.763692	0.009597
29.903931	0.768444	0.014514
30.07328	0.758224	0.012877
30.24264	0.769385	0.020747
30.411989	0.77309		0.012133
30.581341	0.770369	0.030456
30.7507		0.792595	0.011359
30.92005	0.783135	0.021714
31.089411	0.779312	0.015339
31.25876	0.787123	0.015718
31.42811	0.786473	0.012868
31.597469	0.78659		0.014623
31.766821	0.788308	0.045323
31.936171	0.790096	0.013984
32.10553	0.792892	0.016714
32.274879	0.785935	0.016679
32.444241	0.798481	0.018483
32.61359	0.812477	0.016777
32.78294	0.81		0.025623
32.952301	0.808638	0.017389
33.121651	0.822079	0.016798
33.291		0.845183	0.029051
33.460361	0.840143	0.023725
33.629711	0.833927	0.036027
33.799068	0.89926		0.039219
33.968418	1.095656	0.038647
34.137772	0.992481	0.041076
34.307129	0.868087	0.046045
34.476479	0.842578	0.027136
34.645828	0.834545	0.025716
34.815189	0.820768	0.03621
34.984539	0.82741		0.039155
35.1539		0.870993	0.035071
35.32325	0.985279	0.029809
35.492599	1.090393	0.083452
35.661961	0.869956	0.076222
35.83131	0.857453	0.167664
36.00066	0.897217	0.049029
36.170021	0.875724	0.045068
36.339371	0.838055	0.042806
36.508732	0.846444	0.055649
36.678082	0.888586	0.04391
36.847431	0.82078		0.050137
37.016788	0.791912	0.057896
37.186138	0.849144	0.061412
37.355492	0.789515	0.057892
