14.06935	0.654451	0.011907
14.15403	0.676316	0.015713
14.23871	0.696119	0.014993
14.32338	0.843527	0.01948
14.40806	0.868771	0.018958
14.49274	0.739154	0.005873
14.57741	0.702115	0.009059
14.66209	0.715251	0.011408
14.74677	0.716278	0.013002
14.83145	0.721862	0.006921
14.91612	0.723829	0.011001
15.0008		0.723535	0.008535
15.08548	0.713825	0.012909
15.17015	0.732018	0.005336
15.25483	0.739454	0.009645
15.33951	0.733991	0.01587
15.42418	0.72692		0.011846
15.50886	0.801171	0.013893
15.59354	0.993949	0.007377
15.67821	0.927305	0.013086
15.76289	0.758674	0.004942
15.84757	0.771876	0.010869
15.93224	0.779946	0.017183
16.01692	0.774936	0.014492
16.101601	0.77075		0.00833
16.186279	0.777833	0.010539
16.27095	0.78669		0.011305
16.355631	0.780212	0.00922
16.44031	0.799071	0.010762
16.524981	0.805456	0.008765
16.609659	0.803917	0.013634
16.69434	0.802087	0.009007
16.779011	0.809061	0.006772
16.863689	0.814188	0.010398
16.94837	0.815872	0.01138
17.033039	0.859171	0.017287
17.11772	0.906484	0.012009
17.2024		0.838503	0.008901
17.287069	0.846719	0.012122
17.37175	0.837725	0.01092
17.45643	0.836173	0.008774
17.541109	0.831836	0.008346
17.62578	0.832407	0.012481
17.710461	0.839597	0.011678
17.795139	0.836682	0.016088
17.87981	0.8512		0.00986
17.964491	0.862251	0.014941
18.04917	0.850707	0.021279
18.133841	0.851696	0.009642
18.218519	0.850252	0.013464
18.3032		0.852303	0.009791
18.387871	0.85531		0.015407
18.472549	0.855159	0.013422
18.55723	0.86644		0.013053
18.641899	0.867556	0.008624
18.72658	0.964259	0.012216
18.81126	0.998075	0.019426
18.895941	0.883271	0.011047
18.98061	0.857869	0.013264
19.06529	0.877957	0.009339
19.149969	0.886285	0.009701
19.23464	0.876294	0.016875
19.319321	0.870535	0.009176
19.403999	0.864486	0.012639
19.48867	0.87039		0.012424
19.573351	0.912984	0.012735
19.65803	0.916853	0.012362
19.742701	0.91335		0.015884
19.827379	0.904946	0.010891
19.91206	0.902847	0.020406
19.996731	0.917841	0.01553
20.081409	0.935604	0.013617
20.16609	0.947423	0.017173
20.250771	0.948654	0.013152
20.33544	0.952055	0.019247
20.42012	0.981107	0.025984
20.504801	0.96263		0.018799
20.58947	0.960444	0.007905
20.758829	0.976026	0.01123
20.928181	0.988964	0.012127
21.09753	1.010114	0.046642
21.26689	1.037701	0.021635
21.436239	1.031866	0.015356
21.6056		1.037156	0.012637
21.77495	1.074319	0.017363
21.9443		1.084578	0.013041
22.113661	1.092072	0.032685
22.28301	1.098947	0.04023
22.45236	1.126065	0.048771
22.621719	1.131726	0.047363
22.791071	1.142996	0.010808
22.96043	1.180279	0.011137
23.12978	1.186287	0.010866
23.299129	1.191051	0.01651
23.468491	1.188469	0.011848
23.63784	1.215695	0.010302
23.80719	1.223834	0.013052
23.976549	1.249664	0.051052
24.145901	1.264856	0.079278
24.31526	1.364165	0.01275
24.48461	1.3777		0.021684
24.653959	1.332776	0.00784
24.82332	1.328243	0.017485
24.99267	1.334299	0.010479
25.16202	1.330036	0.011909
25.331381	1.339213	0.027442
25.500731	1.382464	0.020012
25.67009	1.390192	0.050067
25.839439	1.687627	0.01297
26.008789	2.130455	0.072757
26.17815	1.563883	0.012217
26.3475		1.442209	0.042651
26.51685	1.446858	0.017553
26.686211	1.465677	0.018697
26.85556	1.5026		0.017098
27.02492	1.515546	0.018073
27.194269	1.512757	0.025814
27.363621	1.546202	0.012197
27.53298	1.58465		0.030725
27.70233	1.58589		0.045798
27.871679	1.603786	0.015411
28.04104	1.591576	0.01641
28.21039	1.621531	0.018953
28.379749	1.665849	0.019331
28.549101	1.681562	0.010772
28.718451	1.698779	0.014937
28.88781	1.706882	0.015577
29.057159	1.727083	0.014883
29.226509	1.724733	0.020361
29.39587	1.745921	0.011947
29.56522	1.763088	0.024233
29.734579	1.767445	0.018614
29.903931	1.790924	0.027094
30.07328	1.813489	0.014876
30.24264	1.812256	0.014758
30.411989	1.816948	0.023764
30.581341	1.847647	0.108933
30.7507		1.906867	0.018081
30.92005	1.910055	0.090144
31.089411	1.934615	0.02418
31.25876	1.922906	0.038593
31.42811	1.94496		0.028005
31.597469	1.99202		0.042574
31.766821	1.988622	0.04061
31.936171	1.980388	0.031223
32.10553	1.992346	0.022347
32.274879	2.010519	0.024342
32.444241	2.068799	0.040461
32.61359	2.124317	0.048905
32.78294	2.16516		0.025842
32.952301	2.210077	0.042975
33.121651	2.175815	0.040723
33.291		2.245116	0.033268
33.460361	2.412799	0.03377
33.629711	2.285478	0.027351
33.799068	2.272338	0.15649
33.968418	2.336452	0.08244
34.137772	2.256022	0.041891
34.307129	2.352597	0.057286
34.476479	2.343966	0.082919
34.645828	2.383817	0.046059
34.815189	2.605634	0.041998
34.984539	2.59188		0.043987
35.1539		2.321743	0.084341
35.32325	2.322554	0.049865
35.492599	2.511834	0.069134
35.661961	2.477229	0.072742
35.83131	2.308805	0.086217
36.00066	2.408726	0.039718
36.170021	2.404985	0.091895
36.339371	2.405064	0.037621
36.508732	2.328966	0.106595
36.678082	2.492408	0.083369
36.847431	2.480282	0.049313
37.016788	2.486129	0.076323
37.186138	2.686925	0.103683
37.355492	2.413936	0.388235