    14.069350     0.654503    0.007764       
    14.154030     0.649765    0.010712       
    14.238710     0.659255    0.005985       
    14.323380     0.661955    0.011668       
    14.408060     0.669167    0.006140       
    14.492740     0.701648    0.012064       
    14.577410     0.712100    0.012641       
    14.662090     0.676856    0.009177       
    14.746770     0.678591    0.014054       
    14.831450     0.675702    0.005872       
    14.916120     0.671583    0.010352       
    15.000800     0.690037    0.016449       
    15.085480     0.691096    0.013070       
    15.170150     0.700026    0.010730       
    15.254830     0.702598    0.012113       
    15.339510     0.703689    0.007584       
    15.424180     0.711499    0.004801       
    15.508860     0.722089    0.006422       
    15.593540     0.727984    0.005020       
    15.678210     0.749204    0.010967       
    15.762890     0.812664    0.008452       
    15.847570     0.851706    0.012063       
    15.932240     0.780635    0.008019       
    16.016920     0.776630    0.012839       
    16.101601     0.777789    0.008289       
    16.186279     0.795103    0.016058       
    16.270950     0.798796    0.006948       
    16.355631     0.802342    0.011325       
    16.440310     0.811673    0.010426       
    16.524981     0.840053    0.008011       
    16.609659     0.874047    0.059715       
    16.694340     0.912564    0.014163       
    16.779011     0.904257    0.009276       
    16.863689     0.892482    0.012129       
    16.948370     0.904029    0.008187       
    17.033039     0.902887    0.009437       
    17.117720     0.924787    0.024167       
    17.202400     0.949627    0.010338       
    17.287069     1.016881    0.014884       
    17.371750     0.994179    0.009518       
    17.456430     0.976068    0.014733       
    17.541109     0.979929    0.013061       
    17.625780     0.982211    0.012104       
    17.710461     0.988485    0.008860       
    17.795139     0.966955    0.010686       
    17.879810     0.945763    0.017285       
    17.964491     0.953728    0.017902       
    18.049170     0.954811    0.011420       
    18.133841     0.955610    0.011704       
    18.218519     0.955768    0.012993       
    18.303200     0.942065    0.010630       
    18.387871     0.948908    0.013112       
    18.472549     0.954374    0.012871       
    18.557230     0.959211    0.010853       
    18.641899     0.952771    0.012050       
    18.726580     0.934165    0.010379       
    18.811260     0.935960    0.010467       
    18.895941     0.957141    0.013593       
    18.980610     1.021813    0.016328       
    19.065290     1.088385    0.027551       
    19.149969     0.948893    0.012122       
    19.234640     0.933644    0.012546       
    19.319321     0.937596    0.014032       
    19.403999     0.938360    0.012041       
    19.488670     0.930643    0.011955       
    19.573351     0.949431    0.019541       
    19.658030     0.961270    0.028809       
    19.742701     0.949982    0.016509       
    19.827379     0.957391    0.028486       
    19.912060     0.969512    0.049331       
    19.996731     0.986996    0.018029       
    20.081409     0.992620    0.013197       
    20.166090     0.997142    0.012091       
    20.250771     0.999296    0.018961       
    20.335440     0.995303    0.019579       
    20.420120     0.990214    0.016315       
    20.504801     0.990445    0.013333           					  
    20.589470     0.984532    0.009503       
    20.758829     0.993324    0.012719       
    20.928181     0.994893    0.020950       
    21.097530     1.010328    0.008784       
    21.266890     1.032328    0.020723       
    21.436239     1.019635    0.022091  
    21.436239     1.036834    0.009615       
    21.605600     1.032680    0.013050       
    21.774950     1.047788    0.012931       
    21.944300     1.067612    0.011534       
    22.113661     1.073217    0.015206       
    22.283010     1.081760    0.031529       
    22.452360     1.086650    0.020736       
    22.621719     1.106233    0.020905       
    22.791071     1.116221    0.011288       
    22.960430     1.131208    0.007230       
    23.129780     1.140204    0.014604       
    23.299129     1.134195    0.017759       
    23.468491     1.137203    0.014743       
    23.637840     1.159744    0.011497       
    23.807190     1.166688    0.014252       
    23.976549     1.177859    0.066590       
    24.145901     1.195171    0.022478       
    24.315260     1.205915    0.014335       
    24.484610     1.204074    0.006401       
    24.653959     1.225210    0.012192       
    24.823320     1.227031    0.016961       
    24.992670     1.222746    0.007744       
    25.162020     1.250488    0.010430       
    25.331381     1.260703    0.015417       
    25.500731     1.263385    0.009231       
    25.670090     1.254089    0.026965       
    25.839439     1.260604    0.029236       
    26.008789     1.305388    0.038418       
    26.178150     1.487292    0.024926       
    26.347500     1.558947    0.035584       
    26.516850     1.388697    0.027889       
    26.686211     1.327464    0.029281       
    26.855560     1.355952    0.031630       
    27.024920     1.374517    0.027115       
    27.194269     1.387169    0.009927       
    27.363621     1.404378    0.008553       
    27.532980     1.415615    0.013499       
    27.702330     1.414926    0.012491       
    27.871679     1.436245    0.010302       
    28.041040     1.451423    0.018803       
    28.210390     1.475229    0.024380       
    28.379749     1.472070    0.015222       
    28.549101     1.493124    0.010724       
    28.718451     1.499494    0.074138       
    28.887810     1.508211    0.018354       
    29.057159     1.531041    0.016470       
    29.226509     1.530085    0.024714       
    29.395870     1.558797    0.016887       
    29.565220     1.565880    0.025660       
    29.734579     1.574080    0.019827       
    29.903931     1.590915    0.077377       
    30.073280     1.612059    0.013239       
    30.242640     1.620464    0.017658       
    30.411989     1.630802    0.020230       
    30.581341     1.640516    0.023932       
    30.750700     1.678594    0.015459       
    30.920050     1.689288    0.030446       
    31.089411     1.705950    0.014465       
    31.258760     1.719575    0.027792       
    31.428110     1.749117    0.026189       
    31.597469     1.758551    0.016451       
    31.766821     1.776872    0.026029       
    31.936171     1.777854    0.023585       
    32.105530     1.789538    0.030406       
    32.274879     1.804396    0.019567       
    32.444241     1.858306    0.022034       
    32.613590     1.900190    0.029697       
    32.782940     1.904003    0.025168       
    32.952301     1.927520    0.029990       
    33.121651     1.947799    0.033309       
    33.291000     2.005464    0.047775       
    33.460361     2.069537    0.056578       
    33.629711     2.086491    0.035930       
    33.799068     2.154982    0.045604       
    33.968418     2.395604    0.038087       
    34.137772     2.209577    0.035580       
    34.307129     2.153902    0.036640       
    34.476479     2.133039    0.057369       
    34.645828     2.139516    0.058343       
    34.815189     2.127005    0.061185       
    34.984539     2.114587    0.058833       
    35.153900     2.408828    0.058711       
    35.323250     2.856426    0.053464       
    35.492599     2.770623    0.070878       
    35.661961     2.277437    0.081747       
    35.831310     2.169822    0.052348       
    36.000660     2.185601    0.047911       
    36.170021     2.261757    0.138348       
    36.339371     2.229267    0.070909       
    36.508732     2.269326    0.067538       
    36.678082     2.295261    0.065233       
    36.847431     2.203141    0.050331       
    37.016788     2.239678    0.105417       
    37.186138     2.434529    0.165551       
    37.355492     2.245615    0.106336      