14.06935	0.432914	0.00685
14.15403	0.441918	0.008081
14.23871	0.455384	0.007569
14.32338	0.470437	0.012813
14.40806	0.594583	0.006792
14.49274	0.581345	0.014438
14.57741	0.487011	0.006527
14.66209	0.484472	0.006888
14.74677	0.487744	0.007097
14.83145	0.490239	0.004577
14.91612	0.50535		0.03103
15.0008		0.498982	0.00732
15.08548	0.50301		0.004953
15.17015	0.508326	0.007122
15.25483	0.521559	0.005184
15.33951	0.523815	0.03714
15.42418	0.531749	0.013791
15.50886	0.539184	0.064476
15.59354	0.660119	0.006683
15.67821	0.753263	0.008805
15.76289	0.647659	0.010503
15.84757	0.566784	0.005824
15.93224	0.576154	0.01015
16.01692	0.582312	0.007205
16.101601	0.588309	0.005194
16.186279	0.595158	0.005654
16.27095	0.600687	0.007306
16.355631	0.613124	0.007216
16.44031	0.629253	0.0074
16.524981	0.638201	0.005304
16.609659	0.650955	0.022562
16.69434	0.650747	0.011017
16.779011	0.654772	0.008493
16.863689	0.674774	0.011503
16.94837	0.676983	0.01417
17.033039	0.691996	0.012193
17.11772	0.735385	0.010196
17.2024		0.723293	0.024658
17.287069	0.704612	0.015077
17.37175	0.708529	0.046907
17.45643	0.709332	0.016284
17.541109	0.707967	0.01617
17.62578	0.712224	0.008807
17.710461	0.725535	0.013527
17.795139	0.721731	0.009858
17.87981	0.723737	0.009131
17.964491	0.740138	0.013414
18.04917	0.734738	0.01407
18.133841	0.737325	0.008171
18.218519	0.741184	0.010293
18.3032		0.745274	0.01073
18.387871	0.741397	0.010605
18.472549	0.74673		0.018014
18.55723	0.749894	0.015216
18.641899	0.739813	0.01216
18.72658	0.742469	0.01582
18.81126	0.836153	0.01723
18.895941	0.869655	0.017286
18.98061	0.779527	0.023793
19.06529	0.7606		0.021832
19.149969	0.751852	0.017322
19.23464	0.765614	0.009467
19.319321	0.75545		0.014461
19.403999	0.725537	0.026824
19.48867	0.758321	0.014697
19.573351	0.765925	0.01089
19.65803	0.784471	0.011244
19.742701	0.777329	0.019575
19.827379	0.786421	0.009816
19.91206	0.790906	0.01724
19.996731	0.806404	0.013366
20.081409	0.815825	0.011727
20.16609	0.815387	0.013662
20.250771	0.800984	0.012447
20.33544	0.791128	0.075372
20.42012	0.789073	0.087749
20.504801	0.823305	0.011125
20.58947	0.799407	0.015736
20.758829	0.807523	0.011668
20.928181	0.829915	0.011865
21.09753	0.816177	0.019705
21.26689	0.838779	0.010637
21.436239	0.841561	0.008623
21.6056		0.836394	0.017473
21.77495	0.851469	0.019004
21.9443		0.87414		0.011741
22.113661	0.873336	0.01586
22.28301	0.871629	0.016742
22.45236	0.880414	0.081221
22.621719	0.885707	0.040926
22.791071	0.891377	0.010126
22.96043	0.905708	0.009699
23.12978	0.909142	0.008149
23.299129	0.908289	0.011052
23.468491	0.901399	0.022591
23.63784	0.909272	0.01921
23.80719	0.910089	0.016822
23.976549	0.919675	0.013849
24.145901	0.93435		0.016754
24.31526	0.97495		0.014588
24.48461	1.039435	0.009141
24.653959	1.061967	0.019313
24.82332	0.95503		0.008344
24.99267	0.953701	0.012685
25.16202	0.930698	0.006605
25.331381	0.946701	0.013142
25.500731	0.986183	0.015079
25.67009	0.959968	0.016875
25.839439	0.991849	0.021247
26.008789	1.589002	0.030515
26.17815	1.60786		0.014041
26.3475		1.051532	0.008934
26.51685	0.965244	0.015942
26.686211	1.007514	0.023787
26.85556	1.024343	0.014419
27.02492	1.019081	0.015082
27.194269	1.004801	0.01046
27.363621	1.009274	0.017154
27.53298	1.039469	0.019983
27.70233	1.05923		0.012137
27.871679	1.044396	0.012165
28.04104	1.040359	0.0183
28.21039	1.050981	0.014163
28.379749	1.066661	0.017091
28.549101	1.077327	0.016318
28.718451	1.076522	0.015245
28.88781	1.082075	0.024921
29.057159	1.087879	0.014131
29.226509	1.07576		0.016955
29.39587	1.093661	0.020853
29.56522	1.07347		0.009097
29.734579	1.086549	0.013737
29.903931	1.115476	0.016513
30.07328	1.116402	0.014519
30.24264	1.124245	0.009722
30.411989	1.117691	0.0089
30.581341	1.106987	0.014973
30.7507		1.157931	0.01705
30.92005	1.157114	0.017596
31.089411	1.143986	0.024576
31.25876	1.148958	0.013997
31.42811	1.156987	0.01354
31.597469	1.164297	0.014316
31.766821	1.175745	0.026207
31.936171	1.193962	0.022287
32.10553	1.195901	0.021581
32.274879	1.202189	0.012831
32.444241	1.218049	0.024474
32.61359	1.230997	0.014514
32.78294	1.252122	0.013818
32.952301	1.280262	0.023676
33.121651	1.270118	0.027465
33.291		1.268924	0.026019
33.460361	1.292465	0.039867
33.629711	1.381226	0.027934
33.799068	1.390434	0.028072
33.968418	1.353788	0.029276
34.137772	1.306436	0.021107
34.307129	1.351721	0.021058
34.476479	1.32154		0.062864
34.645828	1.283013	0.04051
34.815189	1.303125	0.039779
34.984539	1.441232	0.030325
35.1539		1.413478	0.031339
35.32325	1.295599	0.05995
35.492599	1.362659	0.039887
35.661961	1.362576	0.073806
35.83131	1.274082	0.041789
36.00066	1.282513	0.055004
36.170021	1.318271	0.081119
36.339371	1.333294	0.0304
36.508732	1.260769	0.070809
36.678082	1.304203	0.046578
36.847431	1.322631	0.052218
37.016788	1.315077	0.046233
37.186138	1.394612	0.066758
37.355492	1.291522	0.101672