14.06935	0.123728	0.002208
14.15403	0.119614	0.00252
14.23871	0.12237		0.003068
14.32338	0.124611	0.003891
14.40806	0.12592		0.001891
14.49274	0.126925	0.001724
14.57741	0.127708	0.001837
14.66209	0.127081	0.002089
14.74677	0.124213	0.003008
14.83145	0.127638	0.005985
14.91612	0.129635	0.00394
15.0008		0.13265		0.0038
15.08548	0.133263	0.009216
15.17015	0.137255	0.002933
15.25483	0.139175	0.001664
15.33951	0.140731	0.00488
15.42418	0.140767	0.004321
15.50886	0.144801	0.004635
15.59354	0.159066	0.001752
15.67821	0.200633	0.004625
15.76289	0.200068	0.007138
15.84757	0.162821	0.002291
15.93224	0.155066	0.001857
16.01692	0.155011	0.00406
16.101601	0.160631	0.002461
16.186279	0.162907	0.005346
16.27095	0.166954	0.00256
16.355631	0.164492	0.00397
16.44031	0.163927	0.005357
16.524981	0.16393		0.003393
16.609659	0.165635	0.001717
16.69434	0.168397	0.001623
16.779011	0.168982	0.006794
16.863689	0.172464	0.008492
16.94837	0.181988	0.007917
17.033039	0.26066		0.004106
17.11772	0.229816	0.002704
17.2024		0.178818	0.002515
17.287069	0.179305	0.002103
17.37175	0.176015	0.002689
17.45643	0.174743	0.003815
17.541109	0.175649	0.00446
17.62578	0.17736		0.002578
17.710461	0.180406	0.003226
17.795139	0.180951	0.011379
17.87981	0.180952	0.007966
17.964491	0.180761	0.002231
18.04917	0.180358	0.00485
18.133841	0.183523	0.0038
18.218519	0.186688	0.004048
18.3032		0.189436	0.002618
18.387871	0.193496	0.005254
18.472549	0.195342	0.002809
18.55723	0.197411	0.01226
18.641899	0.200239	0.003937
18.72658	0.203944	0.002843
18.81126	0.20493		0.002194
18.895941	0.206631	0.002931
18.98061	0.205447	0.00322
19.06529	0.203176	0.003711
19.149969	0.201628	0.004309
19.23464	0.202573	0.003813
19.319321	0.205467	0.010337
19.403999	0.206549	0.005312
19.48867	0.20741		0.003734
19.573351	0.206279	0.015547
19.65803	0.215402	0.003109
19.742701	0.210306	0.002955
19.827379	0.20541		0.005249
19.91206	0.210542	0.007632
19.996731	0.216425	0.003542
20.081409	0.213592	0.010917
20.16609	0.21133		0.00471
20.250771	0.212708	0.007905
20.33544	0.215687	0.003838
20.42012	0.229712	0.004438
20.504801	0.263584	0.005577
20.58947	0.261199	0.006653
20.758829	0.240908	0.004448
20.928181	0.237968	0.005061
21.09753	0.241476	0.008855
21.26689	0.251555	0.008323
21.436239	0.267464	0.014544
21.6056		0.250504	0.003894
21.77495	0.257559	0.003274
21.9443		0.266504	0.003375
22.113661	0.26762		0.002979
22.28301	0.269544	0.002461
22.45236	0.278694	0.002711
22.621719	0.278564	0.020065
22.791071	0.28051		0.015953
22.96043	0.285711	0.014732
23.12978	0.290939	0.009896
23.299129	0.295482	0.002739
23.468491	0.301455	0.003487
23.63784	0.304131	0.004176
23.80719	0.301516	0.002853
23.976549	0.307468	0.002805
24.145901	0.310949	0.004911
24.31526	0.316451	0.004592
24.48461	0.313898	0.004558
24.653959	0.317321	0.014062
24.82332	0.319981	0.003565
24.99267	0.321641	0.00863
25.16202	0.324598	0.003815
25.331381	0.324698	0.00358
25.500731	0.326859	0.003484
25.67009	0.333165	0.002454
25.839439	0.335963	0.005202
26.008789	0.352799	0.003832
26.17815	0.351194	0.025844
26.3475		0.358878	0.011503
26.51685	0.400528	0.007913
26.686211	0.450365	0.003214
26.85556	0.381101	0.012348
27.02492	0.370023	0.00641
27.194269	0.379979	0.005676
27.363621	0.382911	0.004808
27.53298	0.378473	0.008525
27.70233	0.37563		0.009065
27.871679	0.383159	0.008336
28.04104	0.40749		0.028458
28.21039	0.583595	0.004693
28.379749	0.894343	0.009963
28.549101	0.535533	0.012655
28.718451	0.423188	0.054722
28.88781	0.40533		0.006517
29.057159	0.403185	0.004348
29.226509	0.409066	0.007545
29.39587	0.426134	0.004519
29.56522	0.424611	0.007827
29.734579	0.424334	0.005167
29.903931	0.430518	0.002524
30.07328	0.438867	0.008752
30.24264	0.443984	0.006941
30.411989	0.450681	0.008071
30.581341	0.44928		0.006748
30.7507		0.456476	0.007839
30.92005	0.461081	0.007093
31.089411	0.468239	0.015421
31.25876	0.461542	0.007072
31.42811	0.476248	0.00892
31.597469	0.478684	0.011465
31.766821	0.481893	0.011218
31.936171	0.479835	0.007645
32.10553	0.484936	0.009197
32.274879	0.498746	0.006105
32.444241	0.497924	0.015965
32.61359	0.500112	0.038886
32.78294	0.503541	0.004817
32.952301	0.506207	0.005122
33.121651	0.506623	0.013797
33.291		0.517218	0.017999
33.460361	0.524782	0.013303
33.629711	0.514229	0.014452
33.799068	0.525349	0.042567
33.968418	0.545801	0.009405
34.137772	0.534094	0.013293
34.307129	0.534081	0.010872
34.476479	0.524372	0.021589
34.645828	0.538973	0.007331
34.815189	0.554922	0.013095
34.984539	0.556486	0.007273
35.1539		0.549141	0.008376
35.32325	0.540289	0.018691
35.492599	0.581838	0.023191
35.661961	0.590939	0.018171
35.83131	0.553111	0.016655
36.00066	0.571139	0.025043
36.170021	0.579321	0.021147
36.339371	0.596561	0.015755
36.508732	0.584658	0.040078
36.678082	0.617422	0.013866
36.847431	0.63952		0.021788
37.016788	0.60621		0.028194
37.186138	0.618661	0.015637
37.355492	0.593078	0.027829


