14.06935	1.10979		0.031171
14.15403	1.149843	0.022641
14.23871	1.181142	0.027999
14.32338	1.198648	0.029615
14.40806	1.246747	0.102861
14.49274	1.370254	0.050911
14.57741	1.538041	0.023478
14.66209	1.434913	0.016183
14.74677	1.337167	0.034716
14.83145	1.320577	0.022437
14.91612	1.324075	0.014034
15.0008		1.348138	0.021978
15.08548	1.363562	0.005663
15.17015	1.379657	0.013092
15.25483	1.386352	0.025302
15.33951	1.386158	0.019715
15.42418	1.399091	0.027118
15.50886	1.414044	0.103807
15.59354	1.438515	0.108374
15.67821	1.511005	0.106478
15.76289	1.766876	0.035359
15.84757	2.093064	0.006658
15.93224	1.685774	0.00559
16.01692	1.545243	0.008924
16.101601	1.557719	0.008352
16.186279	1.567859	0.026913
16.27095	1.595013	0.020928
16.355631	1.590921	0.005889
16.44031	1.617391	0.018647
16.524981	1.636649	0.019907
16.609659	1.666137	0.025839
16.69434	1.699563	0.025815
16.779011	1.713246	0.0223
16.863689	1.718102	0.015854
16.94837	1.7063		0.021049
17.033039	1.724163	0.017872
17.11772	1.751237	0.015379
17.2024		1.776162	0.006303
17.287069	1.830914	0.01617
17.37175	1.834954	0.009708
17.45643	1.808076	0.010277
17.541109	1.799634	0.01743
17.62578	1.814124	0.039948
17.710461	1.831217	0.060636
17.795139	1.842897	0.069669
17.87981	1.852121	0.048725
17.964491	1.851771	0.022368
18.04917	1.862665	0.010361
18.133841	1.87675		0.012213
18.218519	1.909521	0.007633
18.3032		1.908723	0.006654
18.387871	1.909765	0.015106
18.472549	1.919536	0.007769
18.55723	1.917292	0.012676
18.641899	1.919154	0.007232
18.72658	1.914265	0.006109
18.81126	1.926226	0.011763
18.895941	1.938396	0.007247
18.98061	2.011025	0.008873
19.06529	2.062763	0.013856
19.149969	1.992285	0.009484
19.23464	1.941338	0.008146
19.319321	1.955191	0.032435
19.403999	1.943093	0.039036
19.48867	1.946779	0.007332
19.573351	1.985481	0.020066
19.65803	1.997816	0.027934
19.742701	2.002115	0.016009
19.827379	2.01107		0.013619
19.91206	2.020118	0.018384
19.996731	2.022107	0.019927
20.081409	2.012956	0.008635
20.16609	2.015881	0.009019
20.250771	2.007844	0.016193
20.42012	2.06634		0.024121
20.58947	2.001869	0.025666
20.758829	2.02666		0.007316
20.928181	2.030242	0.062013
21.09753	2.084059	0.078801
21.26689	2.076303	0.010688
21.436239	2.107075	0.021952
21.6056		2.123305	0.007879
21.77495	2.145709	0.007138
21.9443		2.152026	0.021855
22.113661	2.168362	0.021322
22.28301	2.188485	0.00819
22.45236	2.194273	0.022421
22.621719	2.229653	0.010868
22.791071	2.239353	0.026588
22.96043	2.26703		0.034936
23.12978	2.277527	0.028426
23.299129	2.297312	0.011849
23.468491	2.320752	0.02317
23.63784	2.355566	0.011631
23.80719	2.345955	0.018692
23.976549	2.361572	0.018073
24.145901	2.397571	0.014471
24.31526	2.409859	0.058722
24.48461	2.43245		0.008432
24.653959	2.558484	0.016663
24.82332	2.552462	0.023387
24.99267	2.47265		0.059299
25.16202	2.479023	0.013783
25.331381	2.495471	0.023438
25.500731	2.500646	0.022488
25.67009	2.503537	0.008928
25.839439	2.482658	0.012323
26.008789	2.517106	0.034862
26.17815	2.82775		0.006696
26.3475		3.199117	0.007865
26.51685	2.804029	0.191312
26.686211	2.589286	0.051156
26.85556	2.592241	0.02412
27.02492	2.615074	0.009322
27.194269	2.628538	0.010427
27.363621	2.661746	0.008542
27.53298	2.665881	0.012961
27.70233	2.656929	0.022981
27.871679	2.691362	0.015996
28.04104	2.702555	0.018193
28.21039	2.737953	0.037124
28.379749	2.737998	0.042999
28.549101	2.759895	0.048134
28.718451	2.780834	0.029836
28.88781	2.789143	0.025623
29.057159	2.821144	0.027502
29.226509	2.822632	0.027762
29.39587	2.852314	0.018588
29.56522	2.840844	0.050159
29.734579	2.881811	0.037032
29.903931	2.906794	0.012394
30.07328	2.90597		0.028823
30.24264	2.917969	0.007498
30.411989	2.922744	0.061774
30.581341	2.938605	0.083025
30.7507		2.983559	0.027503
30.92005	3.023021	0.012717
31.089411	3.01701		0.12465
31.25876	3.039976	0.100382
31.42811	3.049879	0.140659
31.597469	3.115538	0.039413
31.766821	3.108132	0.122027
31.936171	3.083332	0.012558
32.10553	3.113998	0.026715
32.274879	3.170599	0.032847
32.444241	3.221992	0.06349
32.61359	3.246902	0.069684
32.78294	3.201106	0.012079
32.952301	3.208284	0.017999
33.121651	3.273408	0.05067
33.291		3.344992	0.080075
33.460361	3.397538	0.088242
33.629711	3.33704		0.071794
33.799068	3.424741	0.220393
33.968418	3.840642	0.029331
34.137772	3.546563	0.050688
34.307129	3.461772	0.054756
34.476479	3.443472	0.087574
34.645828	3.490865	0.027742
34.815189	3.583637	0.018772
34.984539	3.581842	0.029481
35.1539		3.577711	0.025117
35.32325	3.574347	0.149395
35.492599	3.69891		0.028885
35.661961	3.643577	0.101854
35.83131	3.555954	0.052719
36.00066	3.621833	0.270818
36.170021	3.596357	0.087957
36.339371	3.598146	0.079897
36.508732	3.523142	0.042725
36.678082	3.616153	0.072806
36.847431	3.658054	0.046297
37.016788	3.754061	0.046657
37.186138	3.998434	0.077311
37.355492	3.715336	0.419187








