14.06935	2.688935	0.019778
14.15403	2.686798	0.024491
14.23871	2.758769	0.038124
14.32338	3.161454	0.091365
14.40806	3.121147	0.018201
14.49274	2.869833	0.018006
14.57741	2.843907	0.037367
14.66209	2.899716	0.041511
14.74677	2.951977	0.079193
14.83145	2.99385		0.04314
14.91612	3.020098	0.045323
15.0008		3.06512		0.047919
15.08548	3.088524	0.034529
15.17015	3.11517		0.044752
15.25483	3.140228	0.046738
15.33951	3.183228	0.033712
15.42418	3.190562	0.049431
15.50886	3.654873	0.02002
15.59354	4.433032	0.087321
15.67821	3.949106	0.017499
15.76289	3.353342	0.01686
15.84757	3.389906	0.03603
15.93224	3.431211	0.033211
16.01692	3.494394	0.095443
16.101601	3.521541	0.051632
16.186279	3.570966	0.042194
16.27095	3.625289	0.063688
16.355631	3.651551	0.030801
16.44031	3.734981	0.038301
16.524981	3.745239	0.076711
16.609659	3.757471	0.077438
16.69434	3.744929	0.033016
16.779011	3.766523	0.115265
16.863689	3.829052	0.09323
16.94837	3.874181	0.029878
17.033039	3.931491	0.021698
17.11772	3.957353	0.020668
17.2024		3.905164	0.031483
17.287069	3.923292	0.022155
17.37175	4.004773	0.022588
17.45643	4.058301	0.027862
17.541109	4.086751	0.02277
17.62578	4.08953		0.03262
17.710461	4.126649	0.023711
17.795139	4.10366		0.079133
17.87981	4.122944	0.134486
17.964491	4.177058	0.092117
18.04917	4.186916	0.031183
18.133841	4.13141		0.053905
18.218519	4.176807	0.033809
18.3032		4.16286		0.029079
18.387871	4.251205	0.03409
18.472549	4.253417	0.03398
18.55723	4.246595	0.041095
18.641899	4.244526	0.095654
18.72658	4.777768	0.098134
18.81126	4.702708	0.025563
18.895941	4.361395	0.024683
18.98061	4.254183	0.02458
19.06529	4.21929		0.055567
19.149969	4.246358	0.132353
19.23464	4.248308	0.058996
19.319321	4.252385	0.037255
19.403999	4.204835	0.025996
19.48867	4.213405	0.119657
19.573351	4.308474	0.038604
19.65803	4.271922	0.102828
19.742701	4.214563	0.030949
19.827379	4.216601	0.031634
19.91206	4.235198	0.136086
19.996731	4.235008	0.087967
20.081409	4.275528	0.041647
20.16609	4.271564	0.028303
20.250771	4.254316	0.024759
20.33544	4.208383	0.045113
20.42012	4.206655	0.09711
20.504801	4.190839	0.058268
20.58947	4.125108	0.026515
20.758829	4.212309	0.048174
20.928181	4.27318		0.041511
21.09753	4.150541	0.059983
21.26689	4.201869	0.027415
21.436239	4.268448	0.04051
21.6056		4.226726	0.059208
21.77495	4.232625	0.064609
21.9443		4.2835		0.024949
22.113661	4.356619	0.081276
22.28301	4.284579	0.072333
22.45236	4.303928	0.052786
22.621719	4.329472	0.050424
22.791071	4.338369	0.023518
22.96043	4.331845	0.05159
23.12978	4.336196	0.036738
23.299129	4.271385	0.089608
23.468491	4.244096	0.068368
23.63784	4.227281	0.02137
23.80719	4.250041	0.072282
23.976549	4.253234	0.134157
24.145901	4.272048	0.032198
24.31526	4.451526	0.088465
24.48461	4.398642	0.020064
24.653959	4.199931	0.079153
24.82332	4.228818	0.032854
24.99267	4.082832	0.025051
25.16202	3.993839	0.039675
25.331381	4.071896	0.017596
25.500731	4.190839	0.019324
25.67009	4.199533	0.049668
25.839439	5.061871	0.057623
26.008789	5.664043	0.031323
26.17815	4.350056	0.020299
26.3475		4.093072	0.046398
26.51685	4.074531	0.03046
26.686211	4.136424	0.026934
26.85556	4.201993	0.058756
27.02492	4.21204		0.041117
27.194269	4.129279	0.030918
27.363621	4.125727	0.038876
27.53298	4.211398	0.161284
27.70233	4.258522	0.047348
27.871679	4.27142		0.038308
28.04104	4.187852	0.021329
28.21039	4.215153	0.039908
28.379749	4.198117	0.100396
28.549101	4.250611	0.021818
28.718451	4.244379	0.046496
28.88781	4.206596	0.019597
29.057159	4.166117	0.040076
29.226509	4.13439		0.034535
29.39587	4.190602	0.023568
29.56522	4.22641		0.147841
29.734579	4.25884		0.048117
29.903931	4.277905	0.064099
30.07328	4.234182	0.047033
30.24264	4.194645	0.05258
30.411989	4.213763	0.039723
30.581341	4.27352		0.058901
30.7507		4.311485	0.050082
30.92005	4.295241	0.062674
31.089411	4.27702		0.036713
31.25876	4.304489	0.060625
31.42811	4.325241	0.045152
31.597469	4.364041	0.036253
31.766821	4.345132	0.122075
31.936171	4.360557	0.054788
32.10553	4.327421	0.063286
32.274879	4.332595	0.059892
32.444241	4.442776	0.045843
32.61359	4.55295		0.085799
32.78294	4.63706		0.038631
32.952301	4.726373	0.037019
33.121651	4.652258	0.048085
33.291		4.738982	0.054097
33.460361	5.005863	0.087594
33.629711	4.821087	0.045346
33.799068	4.745706	0.224376
33.968418	4.746364	0.117315
34.137772	4.740747	0.046405
34.307129	4.923469	0.099045
34.476479	4.792081	0.352631
34.645828	5.034813	0.097994
34.815189	6.147252	0.076207
34.984539	6.059259	0.054698
35.1539		4.77537		0.072997
35.32325	4.385464	0.092813
35.492599	4.746244	0.077468
35.661961	4.764995	0.116808
35.83131	4.587838	0.125995
36.00066	4.88349		0.111791
36.170021	4.7284		0.160215
36.339371	4.565476	0.091735
36.508732	4.395035	0.266013
36.678082	4.506373	0.155554
36.847431	4.432692	0.070552
37.016788	4.403666	0.111897
37.186138	4.649568	0.266622
37.355492	4.304202	0.190216