
14.06935	1.220796	0.108463
14.15403	1.207172	0.106878
14.23871	1.238891	0.108676
14.32338	1.271756	0.066025
14.40806	1.328241	0.053947
14.49274	1.276259	0.030492
14.57741	1.214346	0.03005
14.66209	1.230026	0.032014
14.74677	1.248085	0.031348
14.83145	1.272264	0.019512
14.91612	1.283514	0.012365
15.0008		1.296691	0.013414
15.08548	1.314217	0.011229
15.17015	1.333745	0.013201
15.25483	1.357063	0.047611
15.33951	1.372333	0.076177
15.42418	1.382671	0.031779
15.50886	1.427598	0.029167
15.59354	1.681735	0.014376
15.67821	1.754243	0.093932
15.76289	1.538882	0.079238
15.84757	1.488627	0.048708
15.93224	1.52685		0.050498
16.01692	1.551793	0.038997
16.101601	1.54666		0.037678
16.186279	1.571155	0.040268
16.27095	1.582701	0.015162
16.355631	1.636688	0.009774
16.44031	1.765985	0.018032
16.524981	1.859216	0.029323
16.609659	1.845628	0.012201
16.69434	1.807951	0.012529
16.779011	1.806193	0.024669
16.863689	1.833358	0.023778
16.94837	1.837134	0.033398
17.033039	1.899329	0.077974
17.11772	2.028288	0.085307
17.2024		2.031945	0.073025
17.287069	1.941755	0.10807
17.37175	1.970255	0.149789
17.45643	1.976707	0.182616
17.541109	1.933362	0.186865
17.62578	1.858401	0.202181
17.710461	1.821789	0.23829
17.795139	1.824123	0.254342
17.87981	1.829232	0.287375
17.964491	1.838596	0.313524
18.04917	1.844773	0.335096
18.133841	1.85903		0.359652
18.218519	1.936952	0.626728
18.3032		1.959448	0.333669
18.387871	2.012125	0.337138
18.472549	2.049257	0.344954
18.55723	2.117434	0.315195
18.641899	2.199926	0.252917
18.72658	2.482841	0.241988
18.81126	2.887151	0.148872
18.895941	2.748851	0.08775
18.98061	2.387276	0.068838
19.06529	2.383012	0.079888
19.149969	2.365118	0.132384
19.23464	2.32394		0.452774
19.319321	2.309099	0.556458
19.403999	2.331752	0.371282
19.48867	2.338119	0.306052
19.573351	2.289293	0.147976
19.65803	2.297014	0.110407
19.742701	2.282538	0.103114
19.827379	2.265059	0.032587
19.91206	2.297615	0.118211
19.996731	2.334392	0.171196
20.081409	2.350583	0.222289
20.16609	2.368563	0.276581
20.250771	2.397625	0.957655
20.33544	2.381239	1.027824
20.42012	2.50595		0.396968
20.504801	2.537513	0.393045
20.58947	2.574019	0.122085
20.758829	2.684452	0.140723
20.928181	2.734043	0.14218
21.09753	2.875442	0.048263
21.26689	2.889163	0.017032
21.436239	2.880613	0.038161

