14.06935	0.506298	0.006234
14.15403	0.513016	0.011327
14.23871	0.517709	0.007572
14.32338	0.519404	0.00909
14.40806	0.543679	0.006441
14.49274	0.533582	0.005656
14.57741	0.521405	0.004489
14.66209	0.524183	0.006742
14.74677	0.52297		0.006365
14.83145	0.526707	0.006409
14.91612	0.531521	0.006207
15.0008		0.538478	0.007037
15.08548	0.54601		0.004575
15.17015	0.545567	0.007062
15.25483	0.554383	0.007154
15.33951	0.556571	0.008178
15.42418	0.557063	0.005977
15.50886	0.568294	0.004107
15.59354	0.648681	0.006629
15.67821	0.682447	0.010577
15.76289	0.604082	0.010147
15.84757	0.593981	0.004294
15.93224	0.602445	0.004633
16.01692	0.608001	0.007769
16.101601	0.608842	0.007982
16.186279	0.619358	0.008874
16.27095	0.624757	0.006141
16.355631	0.636896	0.007326
16.44031	0.685691	0.011892
16.524981	0.731263	0.011435
16.609659	0.724836	0.006844
16.69434	0.699722	0.00652
16.779011	0.700902	0.006006
16.863689	0.71449		0.013258
16.94837	0.725155	0.007923
17.033039	0.727958	0.01745
17.11772	0.813051	0.010351
17.2024		0.787494	0.013425
17.287069	0.744661	0.007344
17.37175	0.758141	0.013451
17.45643	0.766138	0.010486
17.541109	0.765697	0.01234
17.62578	0.736617	0.012999
17.710461	0.734928	0.011393
17.795139	0.758019	0.040277
17.87981	0.751291	0.013587
17.964491	0.750567	0.012954
18.04917	0.760105	0.020023
18.133841	0.743701	0.013299
18.218519	0.746858	0.013036
18.3032		0.746528	0.007712
18.387871	0.752359	0.011619
18.472549	0.770161	0.010015
18.55723	0.776245	0.009484
18.641899	0.778257	0.018823
18.72658	0.801907	0.021043
18.81126	0.927032	0.019547
18.895941	0.876821	0.011691
18.98061	0.807694	0.021606
19.06529	0.793011	0.045099
19.149969	0.790455	0.021452
19.23464	0.79084		0.014746
19.319321	0.78771		0.011532
19.403999	0.780856	0.012367
19.48867	0.790529	0.008806
19.573351	0.798474	0.008836
19.65803	0.81648		0.013663
19.742701	0.812903	0.019074
19.827379	0.830039	0.011533
19.91206	0.834779	0.009019
19.996731	0.852168	0.009556
20.081409	0.860424	0.03203
20.16609	0.862674	0.025692
20.250771	0.877309	0.014774
20.33544	0.877632	0.010228
20.42012	0.891905	0.013723
20.504801	0.888083	0.01462
20.58947	0.878897	0.011989
20.758829	0.892506	0.012876
20.928181	0.908262	0.009606
21.09753	0.918748	0.017527
21.26689	0.9444		0.011549
21.436239	0.949382	0.017256
21.6056		0.951261	0.012699
21.77495	0.970754	0.020013
21.9443		0.991838	0.00916
22.113661	1.006098	0.021095
22.28301	1.016544	0.014556
22.45236	1.028701	0.008129
22.621719	1.046039	0.02019
22.791071	1.062986	0.008259
22.96043	1.087682	0.011013
23.12978	1.107225	0.010987
23.299129	1.112998	0.02315
23.468491	1.124143	0.052929
23.63784	1.147092	0.012682
23.80719	1.157202	0.009982
23.976549	1.172061	0.019613
24.145901	1.173945	0.010809
24.31526	1.183589	0.008864
24.48461	1.193421	0.007985
24.653959	1.216675	0.012576
24.82332	1.22595		0.017125
24.99267	1.226837	0.012374
25.16202	1.22736		0.016724
25.331381	1.263152	0.012018
25.500731	1.290342	0.013352
25.67009	1.290019	0.015648
25.839439	1.284037	0.012915
26.008789	1.449906	0.023974
26.17815	1.42156		0.011259
26.3475		1.389971	0.016244
26.51685	1.361521	0.013595
26.686211	1.366005	0.013896
26.85556	1.386656	0.019272
27.02492	1.411505	0.013133
27.194269	1.433035	0.035541
27.363621	1.432574	0.015241
27.53298	1.478354	0.015225
27.70233	1.502481	0.02006
27.871679	1.517323	0.015166
28.04104	1.506789	0.018169
28.21039	1.522227	0.028305
28.379749	1.541085	0.019702
28.549101	1.559867	0.013787
28.718451	1.588517	0.013927
28.88781	1.619389	0.015105
29.057159	1.630609	0.011325
29.226509	1.612683	0.011426
29.39587	1.64341		0.016089
29.56522	1.667572	0.019104
29.734579	1.678868	0.012439
29.903931	1.711316	0.013374
30.07328	1.721231	0.037983
30.24264	1.722562	0.048123
30.411989	1.742773	0.090925
30.581341	1.761677	0.097234
30.7507		1.821745	0.024835
30.92005	1.828752	0.03063
31.089411	1.853535	0.013473
31.25876	1.865214	0.0331
31.42811	1.864203	0.03729
31.597469	1.91269		0.014727
31.766821	1.934917	0.120338
31.936171	1.949135	0.020086
32.10553	1.963876	0.026998
32.274879	1.99878		0.019057
32.444241	2.057841	0.030186
32.61359	2.107465	0.167002
32.78294	2.151518	0.046957
32.952301	2.204672	0.019179
33.121651	2.21328		0.027951
33.291		2.234118	0.025821
33.460361	2.281013	0.04827
33.629711	2.355217	0.030121
33.799068	2.316258	0.299255
33.968418	2.319477	0.046394
34.137772	2.31404		0.034956
34.307129	2.394118	0.037978
34.476479	2.392625	0.198136
34.645828	2.349295	0.066567
34.815189	2.616477	0.062683
34.984539	2.933574	0.09956
35.1539		2.670202	0.055494
35.32325	2.293092	0.049967
35.492599	2.517102	0.058535
35.661961	2.563275	0.061097
35.83131	2.489748	0.068852
36.00066	2.527662	0.174833
36.170021	2.506404	0.167593
36.339371	2.514851	0.056821
36.508732	2.504875	0.233762
36.678082	2.470935	0.128453
36.847431	2.490042	0.081902
37.016788	2.540466	0.114859
37.186138	2.783869	0.08634
37.355492	2.538929	0.259499


