14.06935	1.004832	0.017564
14.15403	1.009493	0.015646
14.23871	1.021792	0.021258
14.32338	1.02938		0.014502
14.40806	1.107617	0.03792
14.49274	1.124693	0.014795
14.57741	1.075172	0.040101
14.66209	1.06927		0.046817
14.74677	1.086891	0.036877
14.83145	1.111331	0.031872
14.91612	1.118991	0.023957
15.0008		1.125844	0.010021
15.08548	1.126513	0.010471
15.17015	1.140168	0.009754
15.25483	1.159649	0.011005
15.33951	1.168108	0.013768
15.42418	1.176929	0.009691
15.50886	1.175813	0.017974
15.59354	1.215459	0.044654
15.67821	1.285578	0.009717
15.76289	1.260667	0.013147
15.84757	1.233984	0.013591
15.93224	1.225554	0.01485
16.01692	1.236036	0.010732
16.101601	1.235063	0.018764
16.186279	1.248511	0.020061
16.27095	1.262269	0.025236
16.355631	1.263044	0.013259
16.44031	1.282915	0.012883
16.524981	1.300092	0.011738
16.609659	1.316779	0.024094
16.69434	1.318403	0.04329
16.779011	1.322127	0.049437
16.863689	1.336589	0.077691
16.94837	1.362474	0.017156
17.033039	1.365236	0.015205
17.11772	1.377545	0.035104
17.2024		1.398571	0.019111
17.287069	1.384374	0.014511
17.37175	1.401566	0.014351
17.45643	1.415755	0.019858
17.541109	1.418616	0.014385
17.62578	1.414426	0.020111
17.710461	1.442703	0.015997
17.795139	1.446542	0.01907
17.87981	1.450875	0.035802
17.964491	1.47356		0.030585
18.04917	1.47325		0.02058
18.133841	1.482884	0.018154
18.218519	1.499624	0.016768
18.3032		1.48313		0.025728
18.387871	1.501971	0.030361
18.472549	1.515635	0.018281
18.55723	1.510754	0.02719
18.641899	1.521817	0.017961
18.72658	1.527243	0.022785
18.81126	1.559538	0.022872
18.895941	1.598455	0.019532
18.98061	1.531556	0.05011
19.06529	1.51892		0.028346
19.149969	1.559412	0.043975
19.23464	1.56773		0.02732
19.319321	1.589191	0.025926
19.403999	1.602818	0.040372
19.48867	1.593313	0.031505
19.573351	1.603682	0.083829
19.65803	1.610671	0.124693
19.742701	1.620224	0.087641
19.827379	1.602479	0.028271
19.91206	1.631459	0.037489
19.996731	1.654163	0.034498
20.081409	1.655515	0.031981
20.16609	1.663721	0.033099
20.250771	1.651952	0.068661
20.33544	1.651836	0.074083
20.42012	1.678849	0.036155
20.504801	1.677239	0.031529
20.58947	1.638035	0.024465
20.758829	1.676332	0.036963
20.928181	1.678745	0.013954
21.09753	1.711161	0.035051
21.26689	1.701795	0.022963
21.436239	1.73588		0.019411
21.6056		1.746317	0.021502
21.77495	1.749995	0.032159
21.9443		1.762239	0.018835
22.113661	1.771529	0.016621
22.28301	1.787737	0.064826
22.45236	1.808422	0.042172
22.621719	1.819066	0.018974
22.791071	1.829131	0.022889
22.96043	1.833898	0.02513
23.12978	1.848269	0.020514
23.299129	1.838155	0.072677
23.468491	1.85288		0.039012
23.63784	1.857767	0.023622
23.80719	1.852597	0.013506
23.976549	1.867775	0.03715
24.145901	1.913032	0.022624
24.31526	1.908621	0.018324
24.48461	1.89575		0.058156
24.653959	1.909643	0.012744
24.82332	1.905417	0.049224
24.99267	1.913925	0.019012
25.16202	1.904439	0.015137
25.331381	1.871342	0.022304
25.500731	1.903629	0.02456
25.67009	1.919897	0.014372
25.839439	1.930598	0.015393
26.008789	2.120202	0.028893
26.17815	2.11022		0.02483
26.3475		1.959327	0.056869
26.51685	1.910349	0.01675
26.686211	1.961925	0.019178
26.85556	2.002623	0.020705
27.02492	1.994677	0.037699
27.194269	1.998242	0.021996
27.363621	1.979235	0.016373
27.53298	2.000995	0.049201
27.70233	1.994291	0.021796
27.871679	1.998769	0.022317
28.04104	2.011762	0.020506
28.21039	2.035298	0.030989
28.379749	2.034235	0.031214
28.549101	2.034228	0.017096
28.718451	2.032446	0.016969
28.88781	2.028527	0.038551
29.057159	2.030519	0.024414
29.226509	2.015397	0.021189
29.39587	2.042947	0.037177
29.56522	2.033491	0.019144
29.734579	2.034303	0.023965
29.903931	2.050608	0.019878
30.07328	2.02975		0.019784
30.24264	2.029468	0.034175
30.411989	2.055533	0.032292
30.581341	2.05832		0.105608
30.7507		2.075091	0.029424
30.92005	2.082367	0.028228
31.089411	2.066581	0.025653
31.25876	2.064089	0.025943
31.42811	2.066515	0.046196
31.597469	2.072222	0.025102
31.766821	2.086598	0.051036
31.936171	2.081113	0.040561
32.10553	2.075929	0.026476
32.274879	2.08416		0.028563
32.444241	2.124631	0.042868
32.61359	2.12655		0.065231
32.78294	2.14108		0.045199
32.952301	2.146566	0.032564
33.121651	2.159385	0.03463
33.291		2.209588	0.036195
33.460361	2.16999		0.065449
33.629711	2.188498	0.112906
33.799068	2.27599		0.04764
33.968418	2.213068	0.056276
34.137772	2.17729		0.087502
34.307129	2.218395	0.067161
34.476479	2.224307	0.043448
34.645828	2.171031	0.060555
34.815189	2.179325	0.045836
34.984539	2.266204	0.06091
35.1539		2.22532		0.064318
35.32325	2.071378	0.070982
35.492599	2.195158	0.075008
35.661961	2.173217	0.071716
35.83131	2.09389		0.072769
36.00066	2.202102	0.102278
36.170021	2.108691	0.091615
36.339371	2.082311	0.09145
36.508732	2.04271		0.103857
36.678082	2.038063	0.077201
36.847431	2.006417	0.128555
37.016788	1.972095	0.087181
37.186138	2.070169	0.117083
37.355492	1.918728	0.165241
