7.57612		0.324721	0.008832
7.6366		0.337694	0.031194
7.69709		0.385069	0.008489
7.75757		0.354804	0.008873
7.81805		0.328425	0.005403
7.87854		0.336846	0.010756
7.93902		0.34142		0.01195
7.99951		0.34247		0.012923
8.05999		0.338712	0.004334
8.12047		0.335541	0.004494
8.18096		0.338273	0.004234
8.24144		0.343891	0.006318
8.30192		0.342915	0.012281
8.36241		0.344037	0.004226
8.42289		0.346969	0.005731
8.48337		0.343817	0.005393
8.54386		0.348655	0.009256
8.60434		0.353187	0.00632
8.66483		0.358261	0.014337
8.72531		0.361471	0.006563
8.78579		0.360196	0.007249
8.84628		0.361332	0.009889
8.90676		0.360969	0.006408
8.96724		0.367481	0.005194
9.02773		0.384255	0.006037
9.08821		0.392712	0.008927
9.14869		0.384872	0.004983
9.20918		0.385413	0.006736
9.26966		0.391696	0.006289
9.33015		0.395819	0.005431
9.39063		0.405469	0.004416
9.45111		0.414383	0.006085
9.5116		0.423927	0.004868
9.57208		0.444186	0.006024
9.63256		0.449361	0.005309
9.69305		0.450023	0.004711
9.75353		0.456619	0.004666
9.81401		0.461257	0.008283
9.8745		0.466002	0.008382
9.93498		0.477627	0.006631
9.99547		0.48635		0.005006
10.05595	0.493872	0.004053
10.11643	0.501143	0.017238
10.17692	0.506404	0.0165
10.2374		0.510038	0.004799
10.29788	0.514317	0.005415
10.35837	0.523712	0.006075
10.41885	0.535092	0.004929
10.47933	0.542867	0.006071
10.53982	0.570789	0.007446
10.6003		0.603281	0.006658
10.66079	0.578256	0.009201
10.72127	0.567414	0.005318
10.78175	0.572661	0.006113
10.84224	0.578418	0.006427
10.90272	0.583694	0.012179
10.9632		0.590906	0.01042
11.02369	0.59227		0.006684
11.08417	0.602806	0.007857
11.14465	0.607291	0.005495
11.20514	0.60912		0.0071
11.26562	0.616102	0.007808
11.32611	0.629147	0.009296
11.38659	0.630842	0.018942
11.44707	0.631801	0.00992
11.50756	0.637392	0.013158
11.56804	0.639699	0.00588
11.62852	0.642011	0.005944
11.68901	0.645927	0.008915
11.74949	0.647703	0.00718
11.80997	0.646981	0.006507
11.87046	0.645705	0.007418
11.93094	0.653362	0.006874
11.99143	0.660991	0.006122
12.05191	0.664961	0.005433
12.11239	0.668836	0.009934
12.17288	0.672886	0.013842
12.23336	0.676643	0.007214
12.29384	0.682687	0.006394
12.35433	0.688467	0.005956
12.41481	0.697264	0.008119
12.47529	0.699175	0.008269
12.53578	0.697758	0.009063
12.59626	0.700382	0.009718
12.65675	0.705572	0.019747
12.71723	0.708536	0.008659
12.77771	0.715395	0.009298
12.8382		0.725934	0.007927
12.89868	0.779288	0.010849
12.95916	0.794311	0.010711
13.01965	0.741528	0.010865
13.08013	0.731841	0.008651
13.14061	0.734749	0.02021
13.2011		0.744284	0.019968
13.26158	0.74896		0.009606
13.32206	0.750651	0.011931
13.38255	0.754089	0.012019
13.44303	0.758461	0.007864
13.50352	0.761924	0.007764
13.564		0.766809	0.020333
13.62448	0.778037	0.007476
13.68497	0.783213	0.008799
13.74545	0.79145		0.016043
13.80593	0.795594	0.008015
13.86642	0.804551	0.008401
13.9269		0.812046	0.008559
13.98738	0.822189	0.011184
