14.06935	1.100742	0.017455
14.15403	1.126858	0.015681
14.23871	1.17164		0.017577
14.32338	1.167331	0.009694
14.40806	1.248902	0.044719
14.49274	1.466964	0.040884
14.57741	1.471025	0.011941
14.66209	1.265097	0.010439
14.74677	1.256105	0.019963
14.83145	1.297951	0.008425
14.91612	1.320663	0.021723
15.0008		1.367827	0.031463
15.08548	1.376326	0.016072
15.17015	1.393677	0.018246
15.25483	1.417497	0.013845
15.33951	1.442703	0.01318
15.42418	1.473657	0.010526
15.50886	1.492418	0.014396
15.59354	1.489735	0.006916
15.67821	1.848116	0.010102
15.76289	2.515523	0.017027
15.84757	2.062657	0.020655
15.93224	1.60749		0.018089
16.01692	1.639287	0.01507
16.101601	1.648023	0.01406
16.186279	1.671222	0.011929
16.27095	1.717755	0.012198
16.355631	1.71697		0.010652
16.44031	1.744688	0.016952
16.524981	1.761237	0.042109
16.609659	1.777609	0.058288
16.69434	1.797606	0.010045
16.779011	1.8203		0.014552
16.863689	1.861767	0.010656
16.94837	1.864791	0.013019
17.033039	1.892946	0.012716
17.11772	1.949186	0.012175
17.2024		2.001352	0.013924
17.287069	2.062575	0.017221
17.37175	2.007478	0.025703
17.45643	2.007937	0.011309
17.541109	2.015479	0.018106
17.62578	2.029717	0.02331
17.710461	2.05758		0.018907
17.795139	2.065871	0.014588
17.87981	2.051122	0.032782
17.964491	2.083057	0.040499
18.04917	2.129779	0.022904
18.133841	2.153483	0.011953
18.218519	2.172963	0.02594
18.3032		2.124741	0.020955
18.387871	2.154078	0.023324
18.472549	2.160953	0.023719
18.55723	2.14019		0.050075
18.641899	2.141999	0.059139
18.72658	2.12265		0.01772
18.81126	2.124298	0.017466
18.895941	2.413359	0.018663
18.98061	2.629461	0.046865
19.06529	2.345937	0.019618
19.149969	2.119222	0.024719
19.23464	2.12202		0.013729
19.319321	2.142857	0.019316
19.403999	2.124114	0.019464
19.48867	2.128229	0.016725
19.573351	2.164868	0.018541
19.65803	2.172187	0.023247
19.742701	2.170812	0.021857
19.827379	2.184174	0.023502
19.91206	2.180442	0.101002
19.996731	2.183758	0.059045
20.081409	2.198407	0.017055
20.16609	2.204955	0.025788
20.250771	2.213228	0.024245
20.33544	2.2029		0.031587
20.42012	2.213862	0.017472
20.504801	2.192155	0.019891
20.58947	2.181506	0.061727
20.758829	2.214318	0.02208
20.928181	2.270146	0.03036
21.09753	2.263724	0.02912
21.26689	2.280164	0.025416
21.436239	2.291422	0.033871
21.6056		2.278944	0.040354
21.77495	2.295124	0.015838
21.9443		2.31755		0.036005
22.113661	2.343572	0.016977
22.28301	2.370783	0.052412
22.45236	2.34375		0.047132
22.621719	2.358399	0.03603
22.791071	2.394652	0.017686
22.96043	2.396659	0.017743
23.12978	2.395704	0.031604
23.299129	2.387435	0.059177
23.468491	2.399677	0.024188
23.63784	2.413873	0.014947
23.80719	2.404701	0.034348
23.976549	2.396582	0.048096
24.145901	2.396671	0.011912
24.31526	2.435697	0.017845
24.48461	2.477303	0.014264
24.653959	2.720377	0.032007
24.82332	2.518243	0.013696
24.99267	2.397344	0.02854
25.16202	2.441301	0.029631
25.331381	2.410326	0.039682
25.500731	2.375865	0.017673
25.67009	2.409044	0.013669
25.839439	2.414251	0.022587
26.008789	2.618614	0.061117
26.17815	3.660444	0.040905
26.3475		3.443912	0.06404
26.51685	2.571672	0.041636
26.686211	2.478159	0.045977
26.85556	2.502709	0.015233
27.02492	2.487695	0.06316
27.194269	2.499695	0.053779
27.363621	2.538665	0.041071
27.53298	2.566636	0.026429
27.70233	2.554861	0.021643
27.871679	2.564059	0.017318
28.04104	2.549402	0.014952
28.21039	2.581388	0.031365
28.379749	2.592373	0.025109
28.549101	2.60818		0.018747
28.718451	2.595906	0.074303
28.88781	2.604803	0.021366
29.057159	2.594611	0.016448
29.226509	2.58285		0.019295
29.39587	2.635914	0.025112
29.56522	2.640397	0.016695
29.734579	2.665439	0.01979
29.903931	2.689331	0.019892
30.07328	2.656791	0.041406
30.24264	2.658157	0.049693
30.411989	2.657218	0.025455
30.581341	2.64628		0.035215
30.7507		2.704056	0.019391
30.92005	2.70974		0.071197
31.089411	2.723732	0.019281
31.25876	2.749263	0.079492
31.42811	2.783736	0.018742
31.597469	2.816492	0.03863
31.766821	2.791632	0.044143
31.936171	2.807359	0.02595
32.10553	2.796036	0.03617
32.274879	2.772897	0.029754
32.444241	2.821085	0.023521
32.61359	2.874718	0.047693
32.78294	2.894111	0.02978
32.952301	2.968204	0.025721
33.121651	2.996732	0.033944
33.291		3.09336		0.033426
33.460361	3.062163	0.055131
33.629711	3.087378	0.134917
33.799068	3.454732	0.047779
33.968418	3.617055	0.051756
34.137772	3.182635	0.036709
34.307129	3.165301	0.055868
34.476479	3.157898	0.083445
34.645828	3.116745	0.074278
34.815189	3.035544	0.099642
34.984539	3.210722	0.072368
35.1539		3.918381	0.063268
35.32325	4.190657	0.071567
35.492599	3.397626	0.094664
35.661961	3.150597	0.12413
35.83131	3.019243	0.093463
36.00066	3.038715	0.053914
36.170021	3.01138		0.124002
36.339371	3.083453	0.069184
36.508732	3.063573	0.278281
36.678082	3.103828	0.148062
36.847431	3.021721	0.074826
37.016788	3.010944	0.096808
37.186138	3.184848	0.183444
37.355492	2.968665	0.165481

