14.06935	0.515069	0.018767
14.15403	0.533292	0.017885
14.23871	0.532599	0.01669
14.32338	0.552372	0.017355
14.40806	0.648881	0.017919
14.49274	0.655791	0.020034
14.57741	0.556617	0.014219
14.66209	0.54336		0.014811
14.74677	0.555457	0.011791
14.83145	0.569796	0.014085
14.91612	0.583354	0.021075
15.0008		0.580263	0.016038
15.08548	0.582272	0.010398
15.17015	0.596368	0.014037
15.25483	0.604528	0.010617
15.33951	0.6068		0.021091
15.42418	0.616951	0.012831
15.50886	0.62419		0.01779
15.59354	0.802737	0.015163
15.67821	1.004451	0.019329
15.76289	0.835574	0.025644
15.84757	0.65407		0.013383
15.93224	0.666437	0.017703
16.01692	0.664191	0.01322
16.101601	0.67336		0.013833
16.186279	0.667009	0.017313
16.27095	0.67765		0.016072
16.355631	0.683842	0.01281
16.44031	0.727528	0.023035
16.524981	0.753937	0.021292
16.609659	0.772381	0.017976
16.69434	0.761602	0.017911
16.779011	0.743788	0.021492
16.863689	0.75233		0.02101
16.94837	0.752661	0.022321
17.033039	0.768364	0.014718
17.11772	0.848432	0.019938
17.2024		0.884036	0.021749
17.287069	0.80939		0.021549
17.37175	0.774195	0.021021
17.45643	0.80219		0.020626
17.541109	0.791617	0.020564
17.62578	0.798825	0.02373
17.710461	0.786639	0.02167
17.795139	0.792342	0.015872
17.87981	0.790821	0.020289
17.964491	0.790156	0.035353
18.04917	0.796067	0.026041
18.133841	0.789292	0.018167
18.218519	0.796354	0.026999
18.3032		0.777782	0.030397
18.387871	0.779809	0.029013
18.472549	0.799177	0.029919
18.55723	0.806955	0.02318
18.641899	0.79799		0.035339
18.72658	0.799249	0.056845
18.81126	1.002991	0.059094
18.895941	1.045042	0.02999
18.98061	0.872306	0.026107
19.06529	0.80089		0.099472
19.149969	0.80683		0.070339
19.23464	0.786086	0.020336
19.319321	0.796137	0.031821
19.403999	0.786179	0.028488
19.48867	0.791926	0.022843
19.573351	0.816194	0.021795
19.65803	0.840434	0.027141
19.742701	0.840461	0.023815
19.827379	0.817198	0.024887
19.91206	0.821381	0.025708
19.996731	0.831794	0.021933
20.081409	0.847049	0.0289
20.16609	0.844869	0.035078
20.250771	0.842158	0.046433
20.33544	0.846988	0.027307
20.42012	0.862714	0.03105
20.504801	0.852958	0.03412
20.58947	0.845734	0.021666
20.758829	0.86451		0.024863
20.928181	0.858451	0.02444
21.09753	0.879038	0.028064
21.26689	0.882638	0.030842
21.436239	0.885504	0.021289
21.6056		0.901923	0.020983
21.77495	0.917746	0.025805
21.9443		0.917034	0.021213
22.113661	0.924138	0.02313
22.28301	0.916705	0.016556
22.45236	0.942688	0.027235
22.621719	0.961455	0.025445
22.791071	0.969657	0.019624
22.96043	0.996365	0.019179
23.12978	1.000962	0.018407
23.299129	0.995839	0.080884
23.468491	1.001767	0.042494
23.63784	1.00222		0.020348
23.80719	0.997101	0.017078
23.976549	1.034538	0.017899
24.145901	1.057478	0.040008
24.31526	1.083145	0.019646
24.48461	1.18848		0.014406
24.653959	1.135864	0.019057
24.82332	1.091351	0.016119
24.99267	1.087152	0.025258
25.16202	1.0697		0.016421
25.331381	1.114088	0.018462
25.500731	1.131857	0.019445
25.67009	1.118614	0.01579
25.839439	1.152309	0.047195
26.008789	1.773924	0.068602
26.17815	1.820315	0.031381
26.3475		1.279835	0.033028
26.51685	1.162285	0.029368
26.686211	1.179747	0.017122
26.85556	1.198873	0.02618
27.02492	1.21138		0.020527
27.194269	1.215655	0.025537
27.363621	1.222617	0.038631
27.53298	1.250798	0.023376
27.70233	1.282623	0.026458
27.871679	1.317186	0.027091
28.04104	1.302802	0.03193
28.21039	1.298136	0.025142
28.379749	1.30636		0.022194
28.549101	1.331449	0.029746
28.718451	1.349883	0.034268
28.88781	1.371802	0.036604
29.057159	1.390026	0.022729
29.226509	1.376515	0.036212
29.39587	1.393103	0.03194
29.56522	1.399055	0.062912
29.734579	1.411498	0.02573
29.903931	1.442199	0.031025
30.07328	1.450941	0.030212
30.24264	1.462765	0.02405
30.411989	1.482822	0.025301
30.581341	1.489508	0.026042
30.7507		1.541844	0.030168
30.92005	1.565562	0.029126
31.089411	1.572384	0.031306
31.25876	1.589412	0.035668
31.42811	1.579061	0.035951
31.597469	1.605268	0.051044
31.766821	1.608747	0.031659
31.936171	1.63558		0.048618
32.10553	1.63632		0.047192
32.274879	1.634276	0.038241
32.444241	1.682666	0.045068
32.61359	1.761706	0.037763
32.78294	1.811017	0.069622
32.952301	1.85721		0.042329
33.121651	1.894728	0.048477
33.291		1.941569	0.049501
33.460361	1.9703		0.063054
33.629711	2.202104	0.065166
33.799068	2.282594	0.14539
33.968418	2.008235	0.083682
34.137772	1.91463		0.073757
34.307129	2.022412	0.085527
34.476479	2.03022		0.060303
34.645828	2.000228	0.112805
34.815189	2.300465	0.06649
34.984539	2.990159	0.148894
35.1539		3.025609	0.101457
35.32325	2.146292	0.086752
35.492599	2.143013	0.364456
35.661961	2.22625		0.150215
35.83131	2.112026	0.128073
36.00066	2.023427	0.135619
36.170021	2.138845	0.179696
36.339371	2.156589	0.160576
36.508732	2.145152	0.135192
36.678082	2.234962	0.130657
36.847431	2.205801	0.109578
37.016788	2.237649	0.199823
37.186138	2.342501	0.182024
37.355492	2.175687	0.386866


