14.06935	0.149001	0.008468
14.15403	0.156278	0.028065
14.23871	0.158176	0.006576
14.32338	0.197223	0.006857
14.40806	0.23896		0.006755
14.49274	0.19649		0.00224
14.57741	0.163748	0.001945
14.66209	0.166787	0.002556
14.74677	0.170045	0.004012
14.83145	0.170367	0.004081
14.91612	0.170518	0.002886
15.0008		0.168877	0.002548
15.08548	0.172157	0.002311
15.17015	0.173521	0.004714
15.25483	0.174041	0.004893
15.33951	0.173403	0.002541
15.42418	0.173479	0.001872
15.50886	0.198321	0.002588
15.59354	0.265298	0.00515
15.67821	0.279625	0.002157
15.76289	0.199894	0.002181
15.84757	0.18617		0.002604
15.93224	0.192642	0.015237
16.01692	0.189182	0.002885
16.101601	0.193559	0.003709
16.186279	0.193643	0.003747
16.27095	0.195115	0.005165
16.355631	0.193144	0.003827
16.44031	0.198019	0.002893
16.524981	0.203485	0.00283
16.609659	0.208873	0.004014
16.69434	0.211486	0.00366
16.779011	0.210304	0.002347
16.863689	0.2102		0.004731
16.94837	0.21064		0.002864
17.033039	0.217139	0.003476
17.11772	0.2291		0.003727
17.2024		0.226103	0.003439
17.287069	0.219681	0.007576
17.37175	0.22002		0.003313
17.45643	0.222354	0.003334
17.541109	0.221124	0.002952
17.62578	0.219094	0.002714
17.710461	0.218379	0.00338
17.795139	0.21848		0.005023
17.87981	0.21889		0.007019
17.964491	0.21936		0.003737
18.04917	0.21573		0.003636
18.133841	0.215952	0.003512
18.218519	0.214585	0.004867
18.3032		0.217957	0.003
18.387871	0.217809	0.011887
18.472549	0.216723	0.006921
18.55723	0.218365	0.00265
18.641899	0.221246	0.005526
18.72658	0.254543	0.003587
18.81126	0.290016	0.004812
18.895941	0.256134	0.004899
18.98061	0.228744	0.002814
19.06529	0.225855	0.002656
19.149969	0.224302	0.004775
19.23464	0.224658	0.00392
19.319321	0.226622	0.008933
19.403999	0.229501	0.006721
19.48867	0.225643	0.004321
19.573351	0.229792	0.005378
19.65803	0.237442	0.004098
19.742701	0.232635	0.005712
19.827379	0.226803	0.004053
19.91206	0.226043	0.003162
19.996731	0.231431	0.005703
20.081409	0.2367		0.005806
20.16609	0.231521	0.004455
20.250771	0.234293	0.003417
20.33544	0.239111	0.008009
20.42012	0.250168	0.005662
20.58947	0.237009	0.006392
20.758829	0.235126	0.003785
20.928181	0.242158	0.00843
21.09753	0.25225		0.00542
21.26689	0.257095	0.006307
21.436239	0.259007	0.00465
21.6056		0.261016	0.00282
21.77495	0.267514	0.002997
21.9443		0.265183	0.003849
22.113661	0.265989	0.006834
22.28301	0.269829	0.004329
22.45236	0.276947	0.003466
22.621719	0.282104	0.006041
22.791071	0.283782	0.00499
22.96043	0.294711	0.002865
23.12978	0.290242	0.005369
23.299129	0.295447	0.003882
23.468491	0.294212	0.003198
23.63784	0.300297	0.004882
23.80719	0.304694	0.006221
23.976549	0.311805	0.006838
24.145901	0.316477	0.003208
24.31526	0.348827	0.004982
24.48461	0.36631		0.006061
24.653959	0.338798	0.002884
24.82332	0.320607	0.007155
24.99267	0.324483	0.002594
25.16202	0.322073	0.007691
25.331381	0.327417	0.002382
25.500731	0.338039	0.033616
25.67009	0.327163	0.004125
25.839439	0.408369	0.003444
26.008789	0.628594	0.003921
26.17815	0.447233	0.009921
26.3475		0.351437	0.01468
26.51685	0.337161	0.005464
26.686211	0.340568	0.005421
26.85556	0.346709	0.005851
27.02492	0.351085	0.006122
27.194269	0.354053	0.008266
27.363621	0.360971	0.004996
27.53298	0.368576	0.00301
27.70233	0.370755	0.004228
27.871679	0.377064	0.006114
28.04104	0.372743	0.005485
28.21039	0.37539		0.013421
28.379749	0.379264	0.004865
28.549101	0.382744	0.005879
28.718451	0.387374	0.002581
28.88781	0.388347	0.004463
29.057159	0.392517	0.01688
29.226509	0.396017	0.025239
29.39587	0.40293		0.005073
29.56522	0.404634	0.008426
29.734579	0.40856		0.01621
29.903931	0.409564	0.004046
30.07328	0.41223		0.004859
30.24264	0.417783	0.005158
30.411989	0.418655	0.004755
30.581341	0.420563	0.006695
30.7507		0.427227	0.006622
30.92005	0.436173	0.005132
31.089411	0.43785		0.008038
31.25876	0.433842	0.00609
31.42811	0.437968	0.007873
31.597469	0.444216	0.00889
31.766821	0.452402	0.009745
31.936171	0.453417	0.00775
32.10553	0.456706	0.010514
32.274879	0.46859		0.011523
32.444241	0.47227		0.025654
32.61359	0.482497	0.009981
32.78294	0.482478	0.004462
32.952301	0.479245	0.009872
33.121651	0.485491	0.012906
33.291		0.511886	0.020039
33.460361	0.589792	0.018527
33.629711	0.703015	0.023091
33.799068	0.513364	0.05714
33.968418	0.546744	0.027867
34.137772	0.509769	0.023088
34.307129	0.50834		0.007306
34.476479	0.49712		0.028441
34.645828	0.529486	0.030212
34.815189	0.653841	0.038115
34.984539	0.709859	0.009157
35.1539		0.608919	0.033002
35.32325	0.504989	0.014833
35.492599	0.548392	0.021542
35.661961	0.550201	0.015943
35.83131	0.509028	0.042944
36.00066	0.564541	0.045674
36.170021	0.54618		0.017661
36.339371	0.53426		0.02414
36.508732	0.536317	0.019399
36.678082	0.536851	0.011956
36.847431	0.534364	0.024463
37.016788	0.552279	0.014849
37.186138	0.576378	0.039674
37.355492	0.552657	0.050248


