21.09753	2.650494	0.044818
21.26689	2.678959	0.037154
21.436239	2.704268	0.020756
21.6056		2.70902		0.022288
21.77495	2.741978	0.020485
21.9443		2.762585	0.027355
22.113661	2.792273	0.023774
22.28301	2.853427	0.054106
22.45236	2.888661	0.037077
22.621719	2.921405	0.138589
22.791071	2.947908	0.145368
22.96043	3.023048	0.014341
23.12978	3.044531	0.02478
23.299129	3.029494	0.044132
23.468491	3.055215	0.031625
23.63784	3.098123	0.030305
23.80719	3.13035		0.042092
23.976549	3.176823	0.047687
24.145901	3.191684	0.019452
24.31526	3.219035	0.037722
24.48461	3.274439	0.031752
24.653959	3.354706	0.029992
24.82332	3.238392	0.028864
24.99267	3.275371	0.027926
25.16202	3.291532	0.021532
25.331381	3.2683		0.028969
25.500731	3.286254	0.027043
25.67009	3.335204	0.02127
25.839439	3.363224	0.021281
26.008789	3.620003	0.025752
26.17815	4.027216	0.027593
26.3475		3.607722	0.02356
26.51685	3.414714	0.026447
26.686211	3.484693	0.016473
26.85556	3.534601	0.017675
27.02492	3.515865	0.024901
27.194269	3.509715	0.021178
27.363621	3.597661	0.02393
27.53298	3.637624	0.095607
27.70233	3.643131	0.030245
27.871679	3.646161	0.058954
28.04104	3.640164	0.017656
28.21039	3.680119	0.077499
28.379749	3.67992		0.022879
28.549101	3.707479	0.027757
28.718451	3.705752	0.064186
28.88781	3.724657	0.021811
29.057159	3.744422	0.036531
29.226509	3.702546	0.034429
29.39587	3.724392	0.040289
29.56522	3.725463	0.039811
29.734579	3.753521	0.021088
29.903931	3.800048	0.025497
30.07328	3.80274		0.057306
30.24264	3.782269	0.019067
30.411989	3.790118	0.035152
30.581341	3.81935		0.066092
30.7507		3.844532	0.031234
30.92005	3.850862	0.034559
31.089411	3.858647	0.043138
31.25876	3.892659	0.028811
31.42811	3.923213	0.030495
31.597469	3.929051	0.029886
31.766821	3.973619	0.170456
31.936171	3.973241	0.050128
32.10553	4.00381		0.023651
32.274879	4.022543	0.023866
32.444241	4.09402		0.035375
32.61359	4.152664	0.031929
32.78294	4.158479	0.024856
32.952301	4.209132	0.055155
33.121651	4.212447	0.059396
33.291		4.331944	0.161907
33.460361	4.385751	0.081107
33.629711	4.396147	0.192316
33.799068	4.616344	0.046725
33.968418	4.75789		0.162069
34.137772	4.462821	0.052005
34.307129	4.544529	0.086172
34.476479	4.51187		0.166698
34.645828	4.453805	0.057769
34.815189	4.406287	0.037415
34.984539	4.582469	0.105706
35.1539		4.845719	0.12331
35.32325	4.678993	0.091542
35.492599	4.580162	0.120573
35.661961	4.621565	0.12621
35.83131	4.374098	0.085509
36.00066	4.44301		0.125758
36.170021	4.505678	0.364428
36.339371	4.480552	0.054359
36.508732	4.267134	0.08758
36.678082	4.415371	0.060927
36.847431	4.381114	0.061281
37.016788	4.409813	0.090952
37.186138	4.765738	0.14201
37.355492	4.417415	0.288281
