    21.605600    13.769060    0.051190       
    21.774950    12.907324    0.054192       
    21.944300    13.717501    0.062735       
    22.113661    14.698232    0.065099       
    22.283010    15.755372    0.073547       
    22.452360    17.702332    0.080732       
    22.621719    19.266962    0.081537       
    22.791071    22.064148    0.099808       
    22.960430    23.220476    0.111242       
    23.129780    21.273109    0.098806       
    23.299129    23.022322    0.164688       
    23.468491    23.970554    0.288434       
    23.637840    21.889292    0.242428       
    23.807190    20.105978    0.209886       
    23.976549    18.311354    0.179957       
    24.145901    17.794760    0.166125       
    24.315260    17.485788    0.152586       
    24.484610    15.544763    0.127877       
    24.653959    14.077053    0.110832       
    24.823320    14.244634    0.114817       
    24.992670    14.247687    0.103729       
    25.162020    13.987845    0.096705       
    25.331381    14.173259    0.100035       
    25.500731    16.086994    0.102733       
    25.670090    16.655792    0.102700       
    25.839439    17.934107    0.105996       
    26.008789    18.091864    0.103914       
    26.178150    17.796566    0.101847       
    26.347500    19.223654    0.115873       
    26.516850    20.580664    0.128452       
    26.686211    20.898230    0.129303       
    26.855560    21.540485    0.129339       
    27.024920    22.580587    0.130985       
    27.194269    23.539957    0.138488       
    27.363621    24.602108    0.145508       
    27.532980    26.535116    0.161809       
    27.702330    28.463211    0.175218       
    27.871679    29.848560    0.174028       
    28.041040    30.343828    0.170546       
    28.210390    31.459568    0.171625       
    28.379749    32.168690    0.180540       
    28.549101    31.978443    0.178408       
    28.718451    34.095661    0.194851       
    28.887810    37.443645    0.213784       
    29.057159    36.651119    0.203500       
    29.226509    35.665073    0.196643       
    29.395870    36.862240    0.202246       
    29.565220    39.553371    0.217532       
    29.734579    41.030136    0.219438       
    29.903931    40.005848    0.219629       
    30.073280    41.239372    0.400782       
    30.242640    43.900200    0.565236       
    30.411989    41.496582    0.220923       
    30.581341    41.674259    0.227895       
    30.750700    42.183949    0.237859       
    30.920050    42.654083    0.240097       
    31.089411    43.007717    0.239728       
    31.258760    43.173615    0.239634       
    31.428110    44.206703    0.248742       
    31.597469    45.290466    0.253492       
    31.766821    45.733109    0.250073       
    31.936171    44.605724    0.245609       
    32.105530    44.915802    0.250942       
    32.274879    46.054176    0.261374       
    32.444241    47.657307    0.273636       
    32.613590    49.981815    0.285675       
    32.782940    51.544395    0.292649       
    32.952301    50.743858    0.291908       
    33.121651    51.665588    0.284999       
    33.291000    61.599449    0.280463       
    33.460361    63.779602    0.260583       
    33.629711    62.617462    0.267494       
    33.799068    58.168865    0.237081       
    33.968418    66.136223    0.275799       
    34.137772    61.014996    0.255160       
    34.307129    61.514996    0.259152       
    34.476479    62.447796    0.261965       
    34.645828    62.652794    0.262784       
    34.815189    65.926247    0.273815       
    34.984539    66.762878    0.282580       
    35.153900    63.085125    0.275022       
    35.323250    64.115036    0.283954       
    35.492599    72.469620    0.343930       
    35.661961    77.032425    0.375665       
    35.831310    71.079979    0.367408       
    36.000660    73.412163    0.389435       
    36.170021    72.344017    0.386454       
    36.339371    73.820450    0.399437       
    36.508732    73.415131    0.419740       
    36.678082    73.185829    0.423008       
    36.847431    67.302910    0.392720       
    37.016788    71.379158    0.445819       
    37.186138    80.577187    0.557450       
    37.355492    79.887749    0.605600 
