14.06935	0.662996	0.016487
14.15403	0.685007	0.007378
14.23871	0.697799	0.009607
14.32338	0.727786	0.008875
14.40806	0.927047	0.014547
14.49274	0.952413	0.008553
14.57741	0.785414	0.02136
14.66209	0.763393	0.007233
14.74677	0.778613	0.038415
14.83145	0.774796	0.016051
14.91612	0.786038	0.029495
15.0008		0.781431	0.008521
15.08548	0.776625	0.006849
15.17015	0.791673	0.005808
15.25483	0.790505	0.005485
15.33951	0.794489	0.009338
15.42418	0.798669	0.011379
15.50886	0.822343	0.112448
15.59354	1.092414	0.00829
15.67821	1.446648	0.009763
15.76289	1.325396	0.015683
15.84757	0.88993		0.007434
15.93224	0.908336	0.008666
16.01692	0.915265	0.008282
16.101601	0.906726	0.009501
16.186279	0.921689	0.009639
16.27095	0.941732	0.010582
16.355631	0.944242	0.009557
16.44031	0.96441		0.010635
16.524981	1.003504	0.007635
16.609659	1.034525	0.0131
16.69434	1.035553	0.018736
16.779011	1.027177	0.020742
16.863689	1.045697	0.025114
16.94837	1.059453	0.015857
17.033039	1.103837	0.022622
17.11772	1.173971	0.010184
17.2024		1.237942	0.039536
17.287069	1.16416		0.028472
17.37175	1.138656	0.019372
17.45643	1.144942	0.023011
17.541109	1.147232	0.021109
17.62578	1.155049	0.015915
17.710461	1.17349		0.012768
17.795139	1.184416	0.009792
17.87981	1.195215	0.013501
17.964491	1.200919	0.013391
18.04917	1.208237	0.01315
18.133841	1.213506	0.011827
18.218519	1.206561	0.014441
18.3032		1.201648	0.010531
18.387871	1.223501	0.025232
18.472549	1.211602	0.019388
18.55723	1.219533	0.011924
18.641899	1.219043	0.019845
18.72658	1.218761	0.030886
18.81126	1.457865	0.038748
18.895941	1.646091	0.025107
18.98061	1.415663	0.02267
19.06529	1.255867	0.035213
19.149969	1.275396	0.021602
19.23464	1.279842	0.013899
19.319321	1.290001	0.010391
19.403999	1.277793	0.028395
19.48867	1.288378	0.03653
19.573351	1.335001	0.012305
19.65803	1.368857	0.024001
19.742701	1.374683	0.027833
19.827379	1.385617	0.016096
19.91206	1.402476	0.013307
19.996731	1.420682	0.014692
20.081409	1.425913	0.021005
20.16609	1.453347	0.024548
20.250771	1.464779	0.031204
20.33544	1.443405	0.039847
20.42012	1.487833	0.02995
20.504801	1.514298	0.028133
20.58947	1.545667	0.015549
20.758829	1.557673	0.026182
20.928181	1.571252	0.011133
21.09753	1.603165	0.033527
21.26689	1.639477	0.019417
21.436239	1.653849	0.021093
21.6056		1.669432	0.031689
21.77495	1.710948	0.025778
21.9443		1.741223	0.032726
22.113661	1.778459	0.025498
22.28301	1.818373	0.025475
22.45236	1.84726		0.019413
22.621719	1.87875		0.083381
22.791071	1.897365	0.019904
22.96043	1.933336	0.093627
23.12978	1.951976	0.023401
23.299129	1.974803	0.030647
23.468491	1.99482		0.02866
23.63784	2.015832	0.020046
23.80719	2.02273		0.021611
23.976549	2.085075	0.017293
24.145901	2.111111	0.018622
24.31526	2.160565	0.093382
24.48461	2.385187	0.061779
24.653959	2.468528	0.023013
24.82332	2.196057	0.02411
24.99267	2.201363	0.028149
25.16202	2.193153	0.027117
25.331381	2.204321	0.02141
25.500731	2.235714	0.025787
25.67009	2.253302	0.016572
25.839439	2.391089	0.074237
26.008789	4.029526	0.042186
26.17815	4.339804	0.08629
26.3475		2.618947	0.017418
26.51685	2.305505	0.030173
26.686211	2.381629	0.019912
26.85556	2.410833	0.015615
27.02492	2.429068	0.020088
27.194269	2.452228	0.013623
27.363621	2.483586	0.028633
27.53298	2.514527	0.030663
27.70233	2.519541	0.025302
27.871679	2.559782	0.041025
28.04104	2.558002	0.034133
28.21039	2.594565	0.041183
28.379749	2.598081	0.045827
28.549101	2.635392	0.034787
28.718451	2.661802	0.035331
28.88781	2.658574	0.030459
29.057159	2.66286		0.034385
29.226509	2.642487	0.034695
29.39587	2.661932	0.034715
29.56522	2.65437		0.031139
29.734579	2.708018	0.016046
29.903931	2.74774		0.04547
30.07328	2.73122		0.030708
30.24264	2.737305	0.040929
30.411989	2.748772	0.031194
30.581341	2.745273	0.022779
30.7507		2.842061	0.033751
30.92005	2.871226	0.029083
31.089411	2.882057	0.044943
31.25876	2.877696	0.035299
31.42811	2.897928	0.043562
31.597469	2.991763	0.055949
31.766821	2.968737	0.042985
31.936171	2.984878	0.019104
32.10553	3.011302	0.05031
32.274879	3.050611	0.035146
32.444241	3.102294	0.033847
32.61359	3.155436	0.047149
32.78294	3.197889	0.039696
32.952301	3.266123	0.06097
33.121651	3.327		0.055114
33.291		3.430897	0.025093
33.460361	3.415235	0.111653
33.629711	3.894204	0.066481
33.799068	4.052633	0.044132
33.968418	3.741775	0.093731
34.137772	3.467287	0.072306
34.307129	3.514594	0.042058
34.476479	3.582033	0.099525
34.645828	3.441806	0.07033
34.815189	3.579004	0.046382
34.984539	4.358349	0.097184
35.1539		4.657002	0.154221
35.32325	3.67323		0.143447
35.492599	3.652739	0.082554
35.661961	3.640406	0.130628
35.83131	3.400722	0.071416
36.00066	3.396269	0.104689
36.170021	3.5171		0.13364
36.339371	3.613192	0.10164
36.508732	3.363861	0.095238
36.678082	3.52415		0.09642
36.847431	3.531805	0.078712
37.016788	3.525595	0.067999
37.186138	3.780518	0.151441
37.355492	3.424356	0.197046





