    14.069350     0.231947    0.008085       
    14.154030     0.244065    0.005890       
    14.238710     0.248946    0.006795       
    14.323380     0.258086    0.005750       
    14.408060     0.341546    0.006556       
    14.492740     0.364046    0.007539       
    14.577410     0.286513    0.005976       
    14.662090     0.253856    0.021009       
    14.746770     0.254536    0.024234       
    14.831450     0.246964    0.005139       
    14.916120     0.254846    0.004224       
    15.000800     0.247491    0.006383       
    15.085480     0.252914    0.007904       
    15.170150     0.258229    0.007844       
    15.254830     0.262574    0.005811       
    15.339510     0.257238    0.009577       
    15.424180     0.253584    0.004418       
    15.508860     0.271421    0.049683       
    15.593540     0.325549    0.014407       
    15.678210     0.493277    0.006468       
    15.762890     0.552918    0.008850       
    15.847570     0.290257    0.029691       
    15.932240     0.287510    0.007867       
    16.016920     0.290271    0.005797       
    16.101601     0.286459    0.007138       
    16.186279     0.295053    0.007011       
    16.270950     0.308385    0.008489       
    16.355631     0.293070    0.005013       
    16.440310     0.322494    0.005988       
    16.524981     0.366033    0.006359       
    16.609659     0.385339    0.007483       
    16.694340     0.376886    0.008587       
    16.779011     0.365898    0.006945       
    16.863689     0.368721    0.006254       
    16.948370     0.369472    0.007394       
    17.033039     0.384766    0.007872       
    17.117720     0.412797    0.009105       
    17.202400     0.494888    0.010457       
    17.287069     0.425728    0.010095       
    17.371750     0.402805    0.010244       
    17.456430     0.409274    0.010065       
    17.541109     0.410719    0.014400       
    17.625780     0.393899    0.013813       
    17.710461     0.372433    0.009758       
    17.795139     0.352420    0.006483       
    17.879810     0.347166    0.012524       
    17.964491     0.343149    0.022349       
    18.049170     0.334705    0.007221       
    18.133841     0.333939    0.009013       
    18.218519     0.323431    0.009924       
    18.303200     0.322257    0.012981       
    18.387871     0.316121    0.008395       
    18.472549     0.315635    0.009735       
    18.557230     0.310523    0.007416       
    18.641899     0.314642    0.007075       
    18.726580     0.306215    0.006244       
    18.811260     0.398063    0.007710       
    18.895941     0.515929    0.016795       
    18.980610     0.435655    0.009720       
    19.065290     0.324739    0.018355       
    19.149969     0.336408    0.008742       
    19.234640     0.337044    0.010193       
    19.319321     0.346079    0.010401       
    19.403999     0.355973    0.015152       
    19.488670     0.346894    0.017650       
    19.573351     0.356801    0.014935       
    19.658030     0.364214    0.010808       
    19.742701     0.380408    0.008686       
    19.827379     0.382177    0.009429              
    19.912060     0.393203    0.016845       
    20.081409     0.397603    0.019100       
    20.250771     0.399986    0.011646       
    20.420120     0.399737    0.010227            
    20.589470     0.397782    0.014032       
    20.758829     0.407904    0.018123       
    20.928181     0.415692    0.016064       
    21.097530     0.426988    0.009992       
    21.266890     0.446301    0.012145       
    21.436239     0.453771    0.019638           
    21.605600     0.451426    0.021214       
    21.774950     0.474123    0.081914       
    21.944300     0.489755    0.024576       
    22.113661     0.503347    0.077609       
    22.283010     0.516304    0.076857       
    22.452360     0.530466    0.019637       
    22.621719     0.545807    0.077500       
    22.791071     0.549971    0.025840       
    22.960430     0.565607    0.020616       
    23.129780     0.582459    0.016873       
    23.299129     0.590774    0.007496       
    23.468491     0.599758    0.012869       
    23.637840     0.612499    0.009100       
    23.807190     0.626928    0.014762       
    23.976549     0.658447    0.008236       
    24.145901     0.675265    0.015814       
    24.315260     0.700995    0.012626       
    24.484610     0.816218    0.008330       
    24.653959     0.834561    0.007350       
    24.823320     0.746956    0.015249       
    24.992670     0.773624    0.014343       
    25.162020     0.787089    0.015272       
    25.331381     0.777277    0.013956       
    25.500731     0.803542    0.009547       
    25.670090     0.825705    0.040796       
    25.839439     0.860769    0.010107       
    26.008789     1.330426    0.010941       
    26.178150     1.694399    0.012603       
    26.347500     1.066519    0.009489       
    26.516850     0.914278    0.021045       
    26.686211     0.964730    0.010248       
    26.855560     0.981615    0.010418       
    27.024920     0.975841    0.019640       
    27.194269     0.987389    0.019631       
    27.363621     1.018274    0.022364       
    27.532980     1.058312    0.018795       
    27.702330     1.074086    0.018803       
    27.871679     1.095153    0.018010       
    28.041040     1.110352    0.058123       
    28.210390     1.147278    0.041306       
    28.379749     1.179943    0.014472       
    28.549101     1.199719    0.019416       
    28.718451     1.211150    0.052186       
    28.887810     1.226915    0.021414       
    29.057159     1.260858    0.011909       
    29.226509     1.268102    0.020175       
    29.395870     1.292682    0.018045       
    29.565220     1.309304    0.041228       
    29.734579     1.352461    0.043432       
    29.903931     1.397305    0.047981       
    30.073280     1.403719    0.014224       
    30.242640     1.424880    0.018684       
    30.411989     1.447018    0.015966       
    30.581341     1.458580    0.017441       
    30.750700     1.527245    0.016492       
    30.920050     1.556323    0.018024       
    31.089411     1.588976    0.028814       
    31.258760     1.600731    0.019787       
    31.428110     1.627948    0.017458       
    31.597469     1.669147    0.061356       
    31.766821     1.692370    0.023206       
    31.936171     1.715728    0.023588       
    32.105530     1.732749    0.017489       
    32.274879     1.753176    0.034051       
    32.444241     1.791309    0.029349       
    32.613590     1.830270    0.018597       
    32.782940     1.862115    0.019281       
    32.952301     1.924566    0.049055       
    33.121651     1.960927    0.037369       
    33.291000     2.001990    0.051350       
    33.460361     2.005831    0.145980       
    33.629711     2.231071    0.066861       
    33.799068     2.490026    0.033708       
    33.968418     2.264210    0.075043       
    34.137772     2.049273    0.058708       
    34.307129     2.128939    0.054253       
    34.476479     2.246919    0.123226       
    34.645828     2.187529    0.066361       
    34.815189     2.245646    0.029364       
    34.984539     2.728313    0.054022       
    35.153900     2.896564    0.042710       
    35.323250     2.398634    0.041803       
    35.492599     2.409004    0.051769       
    35.661961     2.407624    0.065223       
    35.831310     2.282694    0.041472       
    36.000660     2.342156    0.066615       
    36.170021     2.460154    0.174229       
    36.339371     2.484131    0.082584       
    36.508732     2.310946    0.103646       
    36.678082     2.442998    0.072286       
    36.847431     2.492604    0.075609       
    37.016788     2.539545    0.077621       
    37.186138     2.567003    0.074123       
    37.355492     2.451927    0.099952       