    14.069350     0.420022    0.019792       
    14.154030     0.422120    0.008394       
    14.238710     0.420089    0.009757       
    14.323380     0.418468    0.019459       
    14.408060     0.422244    0.009857       
    14.492740     0.419786    0.016371       
    14.577410     0.416704    0.007965       
    14.662090     0.414828    0.006501       
    14.746770     0.419083    0.008696       
    14.831450     0.430830    0.007657       
    14.916120     0.423943    0.005798   
    15.000800     0.424226    0.004156       
    15.085480     0.422886    0.005590       
    15.170150     0.428992    0.009247       
    15.254830     0.426058    0.004893       
    15.339510     0.430588    0.012824       
    15.424180     0.435651    0.007679       
    15.508860     0.431622    0.004229       
    15.593540     0.433507    0.005146       
    15.678210     0.436541    0.004231       
    15.762890     0.440433    0.005022       
    15.847570     0.443622    0.005904       
    15.932240     0.444043    0.006519       
    16.016920     0.446890    0.015442       
    16.101601     0.445975    0.006566       
    16.186279     0.451702    0.006194       
    16.270950     0.454846    0.005009       
    16.355631     0.455346    0.009147       
    16.440310     0.464821    0.007180       
    16.524981     0.471752    0.005987       
    16.609659     0.476950    0.012911       
    16.694340     0.472266    0.008891       
    16.779011     0.466023    0.008449       
    16.863689     0.472959    0.007049       
    16.948370     0.473059    0.007313       
    17.033039     0.477555    0.015150       
    17.117720     0.479277    0.016513       
    17.202400     0.485448    0.007612       
    17.287069     0.488632    0.009738       
    17.371750     0.493534    0.007162       
    17.456430     0.496986    0.005729       
    17.541109     0.504027    0.005526       
    17.625780     0.505774    0.006896       
    17.710461     0.511990    0.009861       
    17.795139     0.511394    0.015817       
    17.879810     0.520864    0.017430       
    17.964491     0.552588    0.010529       
    18.049170     0.557769    0.010428       
    18.133841     0.532679    0.007091       
    18.218519     0.532048    0.008460       
    18.303200     0.531753    0.009360       
    18.387871     0.545898    0.014347       
    18.472549     0.546827    0.007213       
    18.557230     0.553819    0.009463       
    18.641899     0.558464    0.012578       
    18.726580     0.557859    0.007372       
    18.811260     0.561697    0.007377       
    18.895941     0.571195    0.008618       
    18.980610     0.568748    0.024981       
    19.065290     0.569145    0.016063       
    19.149969     0.572529    0.010424       
    19.234640     0.573893    0.007693       
    19.319321     0.586483    0.010576       
    19.403999     0.583034    0.033693       
    19.488670     0.581043    0.011596       
    19.573351     0.587896    0.021989       
    19.658030     0.588740    0.029313       
    19.742701     0.593078    0.009733       
    19.827379     0.595951    0.012532       
    19.912060     0.599737    0.030417       
    19.996731     0.602553    0.011180        
    20.081409     0.590707    0.020985       
    20.166090     0.604964    0.014932 
    20.250771     0.601317    0.015913       
    20.335440     0.618446    0.010527  
    20.420120     0.599904    0.010354       
    20.504801     0.617477    0.011239      
    20.589470     0.612868    0.007274       
    20.758829     0.623944    0.015962       
    20.928181     0.634363    0.010455       
    21.097530     0.639038    0.014649       
    21.266890     0.641156    0.015693       
    21.436239     0.649199    0.007906       
    21.605600     0.652747    0.009842       
    21.774950     0.660499    0.011594       
    21.944300     0.660527    0.011109       
    22.113661     0.653668    0.009203       
    22.283010     0.659841    0.009829       
    22.452360     0.659336    0.009177       
    22.621719     0.662093    0.009106       
    22.791071     0.663453    0.011476       
    22.960430     0.666883    0.007418       
    23.129780     0.669931    0.006500       
    23.299129     0.658788    0.008682       
    23.468491     0.659726    0.007372       
    23.637840     0.670534    0.006994       
    23.807190     0.672288    0.005443       
    23.976549     0.674748    0.016080       
    24.145901     0.682114    0.007907       
    24.315260     0.688673    0.025663       
    24.484610     0.694193    0.024941       
    24.653959     0.693421    0.005528       
    24.823320     0.698886    0.006163       
    24.992670     0.701663    0.006296       
    25.162020     0.703539    0.009325       
    25.331381     0.707148    0.010403       
    25.500731     0.703129    0.008066       
    25.670090     0.707548    0.011146       
    25.839439     0.706811    0.007966       
    26.008789     0.726862    0.009064       
    26.178150     0.728414    0.007379       
    26.347500     0.721399    0.006290       
    26.516850     0.721074    0.010845       
    26.686211     0.731096    0.009753       
    26.855560     0.744266    0.006245       
    27.024920     0.732373    0.010511       
    27.194269     0.733155    0.023500       
    27.363621     0.732514    0.008728       
    27.532980     0.737856    0.009960       
    27.702330     0.735392    0.012188       
    27.871679     0.735483    0.007239       
    28.041040     0.738721    0.006780       
    28.210390     0.757190    0.013699       
    28.379749     0.738265    0.009692       
    28.549101     0.738373    0.011303       
    28.718451     0.735394    0.008696       
    28.887810     0.724691    0.010716       
    29.057159     0.728103    0.014375       
    29.226509     0.730754    0.013627       
    29.395870     0.736285    0.009029       
    29.565220     0.725941    0.023903       
    29.734579     0.744013    0.018392       
    29.903931     0.803747    0.017443       
    30.073280     0.793304    0.018420       
    30.242640     0.749140    0.023793       
    30.411989     0.748225    0.011157       
    30.581341     0.738660    0.020883       
    30.750700     0.755848    0.008636       
    30.920050     0.748358    0.016108       
    31.089411     0.745819    0.010705       
    31.258760     0.735087    0.018811       
    31.428110     0.738953    0.014389       
    31.597469     0.753989    0.029750       
    31.766821     0.751848    0.026974       
    31.936171     0.754546    0.012339       
    32.105530     0.753392    0.011648       
    32.274879     0.749853    0.013485       
    32.444241     0.755493    0.014357       
    32.613590     0.764763    0.019304       
    32.782940     0.762030    0.012078       
    32.952301     0.755129    0.012712       
    33.121651     0.755088    0.013705       
    33.291000     0.771907    0.012667       
    33.460361     0.759307    0.036391       
    33.629711     0.756322    0.024881       
    33.799068     0.762568    0.035920       
    33.968418     0.774138    0.022128       
    34.137772     0.761114    0.020306       
    34.307129     0.765185    0.029224       
    34.476479     0.771508    0.017121       
    34.645828     0.764366    0.018763       
    34.815189     0.752627    0.021614       
    34.984539     0.758849    0.021626       
    35.153900     0.762181    0.022295       
    35.323250     0.739283    0.026031       
    35.492599     0.779316    0.027119       
    35.661961     0.780449    0.028088       
    35.831310     0.760372    0.033080       
    36.000660     0.787410    0.029154       
    36.170021     0.766140    0.033350       
    36.339371     0.749604    0.042346       
    36.508732     0.758681    0.045520       
    36.678082     0.778105    0.031775       
    36.847431     0.744206    0.035640       
    37.016788     0.762219    0.043497       
    37.186138     0.789938    0.064820       
    37.355492     0.736590    0.049726    