14.06935	0.573908	0.015167
14.15403	0.587502	0.004776
14.23871	0.590284	0.006165
14.32338	0.579449	0.00936
14.40806	0.577806	0.006116
14.49274	0.582023	0.004134
14.57741	0.579099	0.005991
14.66209	0.576963	0.007904
14.74677	0.575896	0.003084
14.83145	0.575007	0.005039
14.91612	0.574801	0.004788
15.0008		0.576613	0.004881
15.08548	0.583904	0.00293
15.17015	0.586605	0.003738
15.25483	0.587255	0.004473
15.33951	0.587337	0.002749
15.42418	0.590585	0.003215
15.50886	0.593987	0.003627
15.59354	0.595316	0.006655
15.67821	0.595899	0.0041
15.76289	0.603722	0.002832
15.84757	0.613078	0.003852
15.93224	0.608693	0.00478
16.01692	0.602834	0.003421
16.101601	0.595686	0.004599
16.186279	0.603326	0.003313
16.27095	0.611812	0.004562
16.355631	0.604193	0.004744
16.44031	0.607661	0.004649
16.524981	0.605326	0.005513
16.609659	0.611954	0.00898
16.69434	0.612054	0.004513
16.779011	0.615018	0.005996
16.863689	0.619353	0.022951
16.94837	0.620447	0.028443
17.033039	0.627154	0.004045
17.11772	0.636388	0.004682
17.2024		0.653041	0.007313
17.287069	0.658283	0.008537
17.37175	0.641492	0.012299
17.45643	0.639364	0.007211
17.541109	0.641683	0.006916
17.62578	0.643615	0.004433
17.710461	0.648157	0.004108
17.795139	0.652546	0.013847
17.87981	0.647349	0.006563
17.964491	0.656088	0.006273
18.04917	0.65787		0.007311
18.133841	0.660056	0.005539
18.218519	0.665585	0.006521
18.3032		0.663907	0.01281
18.387871	0.667934	0.005521
18.472549	0.666697	0.006552
18.55723	0.670044	0.005354
18.641899	0.669401	0.010149
18.72658	0.672087	0.012664
18.81126	0.677565	0.008901
18.895941	0.698449	0.005634
18.98061	0.694918	0.005696
19.06529	0.680532	0.012399
19.149969	0.684128	0.01283
19.23464	0.682121	0.009667
19.319321	0.680525	0.005475
19.403999	0.67037		0.010095
19.48867	0.684862	0.006853
19.573351	0.69222		0.007678
19.65803	0.691443	0.008796
19.742701	0.689143	0.010958
19.827379	0.693477	0.008039
19.91206	0.697161	0.029274
19.996731	0.702413	0.007185
20.081409	0.70442		0.010271
20.16609	0.708977	0.006132
20.250771	0.704479	0.012659
20.33544	0.701418	0.007908
20.42012	0.701997	0.007766
20.504801	0.705191	0.010374
20.58947	0.697317	0.009396
20.758829	0.699215	0.013335
20.928181	0.706637	0.007704
21.09753	0.702485	0.004826
21.26689	0.708744	0.005662
21.436239	0.708523	0.007211
21.6056		0.699238	0.008154
21.77495	0.700364	0.00441
21.9443		0.706465	0.006997
22.113661	0.708618	0.026606
22.28301	0.709623	0.045998
22.45236	0.705512	0.007275
22.621719	0.712632	0.010922
22.791071	0.712393	0.01919
22.96043	0.711828	0.008864
23.12978	0.717802	0.005556
23.299129	0.715931	0.016337
23.468491	0.71107		0.008766
23.63784	0.713458	0.006619
23.80719	0.725026	0.005813
23.976549	0.727598	0.010267
24.145901	0.720845	0.005174
24.31526	0.726271	0.003636
24.48461	0.727496	0.005955
24.653959	0.732445	0.007461
24.82332	0.734557	0.005875
24.99267	0.737625	0.006063
25.16202	0.738596	0.005878
25.331381	0.735624	0.007257
25.500731	0.73409		0.007019
25.67009	0.74541		0.003475
25.839439	0.740025	0.00768
26.008789	0.742051	0.017582
26.17815	0.737121	0.007107
26.3475		0.746337	0.00585
26.51685	0.744773	0.006344
26.686211	0.741155	0.005308
26.85556	0.749044	0.004983
27.02492	0.746992	0.007744
27.194269	0.739117	0.009872
27.363621	0.744508	0.004645
27.53298	0.745305	0.018023
27.70233	0.747575	0.016356
27.871679	0.745248	0.006988
28.04104	0.73967		0.011398
28.21039	0.746061	0.017412
28.379749	0.737225	0.007075
28.549101	0.771516	0.005514
28.718451	0.820346	0.008074
28.88781	0.763438	0.008582
29.057159	0.750565	0.005857
29.226509	0.742441	0.007069
29.39587	0.747665	0.025991
29.56522	0.74469		0.006371
29.734579	0.745648	0.005549
29.903931	0.753124	0.009631
30.07328	0.750417	0.009788
30.24264	0.744075	0.006244
30.411989	0.745637	0.007042
30.581341	0.735864	0.014421
30.7507		0.74869		0.013173
30.92005	0.7466		0.007185
31.089411	0.747846	0.006933
31.25876	0.749053	0.01049
31.42811	0.74877		0.006061
31.597469	0.756715	0.009715
31.766821	0.74451		0.009536
31.936171	0.747748	0.018716
32.10553	0.732612	0.009893
32.274879	0.729543	0.006713
32.444241	0.74621		0.006923
32.61359	0.753719	0.007597
32.78294	0.750516	0.012596
32.952301	0.754132	0.00871
33.121651	0.739506	0.013247
33.291		0.745902	0.009526
33.460361	0.748472	0.017645
33.629711	0.743785	0.034505
33.799068	0.743738	0.019554
33.968418	0.742017	0.042513
34.137772	0.735834	0.013739
34.307129	0.747459	0.020398
34.476479	0.745652	0.014789
34.645828	0.752325	0.031218
34.815189	0.748694	0.030126
34.984539	0.745743	0.01656
35.1539		0.745625	0.016828
35.32325	0.724762	0.012195
35.492599	0.765645	0.026601
35.661961	0.762263	0.026426
35.83131	0.712122	0.021057
36.00066	0.723622	0.023636
36.170021	0.734075	0.02954
36.339371	0.727306	0.01753
36.508732	0.727355	0.029239
36.678082	0.748327	0.020717
36.847431	0.729942	0.023275
37.016788	0.748782	0.035383
37.186138	0.815458	0.044848
37.355492	0.718855	0.068423
