14.06935	0.618347	0.015919
14.15403	0.644097	0.022211
14.23871	0.639431	0.014136
14.32338	0.741581	0.020093
14.40806	0.73857		0.019477
14.49274	0.653787	0.01174
14.57741	0.638665	0.01173
14.66209	0.649745	0.013555
14.74677	0.674868	0.010566
14.83145	0.677841	0.011432
14.91612	0.690208	0.010124
15.0008		0.703961	0.016912
15.08548	0.703081	0.010451
15.17015	0.713591	0.010888
15.25483	0.729667	0.012242
15.33951	0.74481		0.011128
15.42418	0.742636	0.009659
15.50886	0.84691		0.010042
15.59354	1.094797	0.010957
15.67821	1.037138	0.016099
15.76289	0.817532	0.009808
15.84757	0.824746	0.010013
15.93224	0.845933	0.012554
16.01692	0.863123	0.012434
16.101601	0.862655	0.011287
16.186279	0.878306	0.012575
16.27095	0.906024	0.012325
16.355631	0.937702	0.021648
16.44031	1.020539	0.015496
16.524981	1.051961	0.012621
16.609659	1.017061	0.016263
16.69434	0.999814	0.014955
16.779011	1.005489	0.019253
16.863689	1.022817	0.014811
16.94837	1.055541	0.015229
17.033039	1.163522	0.013573
17.11772	1.271607	0.030142
17.2024		1.099323	0.013115
17.287069	1.086966	0.018711
17.37175	1.112398	0.021428
17.45643	1.119819	0.017988
17.541109	1.105277	0.014818
17.62578	1.095385	0.017588
17.710461	1.108381	0.022294
17.795139	1.108547	0.022791
17.87981	1.102298	0.015321
17.964491	1.109415	0.036408
18.04917	1.126654	0.014612
18.133841	1.106608	0.0187
18.218519	1.111196	0.019815
18.3032		1.10929		0.020905
18.387871	1.11627		0.018759
18.472549	1.128054	0.024945
18.55723	1.14164		0.019722
18.641899	1.149342	0.02464
18.72658	1.274367	0.049363
18.81126	1.287549	0.021789
18.895941	1.179026	0.024579
18.98061	1.143901	0.051631
19.06529	1.146427	0.052239
19.149969	1.14732		0.036254
19.23464	1.133466	0.037823
19.319321	1.132027	0.03126
19.403999	1.135532	0.015417
19.48867	1.136158	0.016307
19.573351	1.166414	0.020698
19.65803	1.167275	0.02094
19.742701	1.1558		0.016962
19.827379	1.16052		0.021537
19.91206	1.173472	0.048859
19.996731	1.182122	0.037462
20.081409	1.188398	0.022692
20.16609	1.194523	0.025913
20.250771	1.215386	0.022725
20.33544	1.211788	0.030918
20.42012	1.204801	0.037432
20.504801	1.198021	0.025875
20.58947	1.191303	0.028617
20.758829	1.201469	0.016063
20.928181	1.254251	0.024261
21.09753	1.251445	0.014655
21.26689	1.269881	0.015292
21.436239	1.281654	0.01751
21.6056		1.272769	0.020721
21.77495	1.283171	0.015815
21.9443		1.312542	0.018079
22.113661	1.341876	0.029116
22.28301	1.342347	0.015176
22.45236	1.363664	0.068616
22.621719	1.410168	0.084851
22.791071	1.44413		0.01882
22.96043	1.452383	0.025527
23.12978	1.430393	0.013933
23.299129	1.4613		0.028777
23.468491	1.47714		0.057017
23.63784	1.487655	0.01716
23.80719	1.505506	0.015054
23.976549	1.51622		0.027245
24.145901	1.512658	0.020909
24.31526	1.52406		0.023024
24.48461	1.531777	0.012984
24.653959	1.542239	0.022236
24.82332	1.533623	0.018384
24.99267	1.517616	0.017933
25.16202	1.523266	0.01769
25.331381	1.553627	0.012178
25.500731	1.560426	0.02477
25.67009	1.579563	0.026958
25.839439	1.825396	0.017903
26.008789	2.064389	0.034831
26.17815	1.731774	0.017494
26.3475		1.679274	0.025641
26.51685	1.669931	0.01673
26.686211	1.680384	0.016503
26.85556	1.683235	0.017967
27.02492	1.680977	0.019971
27.194269	1.707483	0.027411
27.363621	1.7681		0.018031
27.53298	1.792524	0.014624
27.70233	1.809092	0.017264
27.871679	1.819011	0.01767
28.04104	1.818603	0.044893
28.21039	1.825802	0.025621
28.379749	1.825702	0.019123
28.549101	1.853604	0.031745
28.718451	1.874487	0.017535
28.88781	1.870856	0.021437
29.057159	1.869408	0.018886
29.226509	1.83224		0.017235
29.39587	1.861194	0.028811
29.56522	1.910391	0.031552
29.734579	1.961321	0.029135
29.903931	1.995359	0.016063
30.07328	1.988163	0.01781
30.24264	1.967948	0.034551
30.411989	1.974106	0.023433
30.581341	1.99535		0.038887
30.7507		2.059153	0.033825
30.92005	2.077307	0.024363
31.089411	2.074749	0.031681
31.25876	2.094856	0.03239
31.42811	2.145353	0.030415
31.597469	2.195117	0.029848
31.766821	2.209147	0.100691
31.936171	2.2092		0.025218
32.10553	2.218885	0.035833
32.274879	2.25238		0.030487
32.444241	2.328337	0.043979
32.61359	2.417223	0.044428
32.78294	2.504769	0.045915
32.952301	2.584098	0.041021
33.121651	2.575541	0.046298
33.291		2.637611	0.057815
33.460361	2.760959	0.057006
33.629711	2.706146	0.077617
33.799068	2.677061	0.109676
33.968418	2.676085	0.223123
34.137772	2.647076	0.055325
34.307129	2.735003	0.078608
34.476479	2.705217	0.078353
34.645828	2.817873	0.059603
34.815189	3.331128	0.070501
34.984539	3.405674	0.048954
35.1539		2.814775	0.073211
35.32325	2.586924	0.062774
35.492599	2.77106		0.206728
35.661961	2.802067	0.067199
35.83131	2.720871	0.07556
36.00066	2.74741		0.109509
36.170021	2.789806	0.274835
36.339371	2.728081	0.079468
36.508732	2.760772	0.144939
36.678082	2.822853	0.103305
36.847431	2.75887		0.071422
37.016788	2.771706	0.112153
37.186138	2.989028	0.148573
37.355492	2.773291	0.192243